-0.000000000000000000
-0.000000000000000000
-0.000000000000000000
-0.000000000000000000
-0.000000000000000000
-0.000000000000000000
-0.000000000000000000
-0.000000000000000000
-0.000000000000000000
-0.000000000000000000
-0.000000000000000000
-0.000000000000000000
-0.000000000000000000
-0.000000000000000000
-0.000000000000000000
-0.000000000000000000
-0.000000000000000000
-0.000000000000000000
-0.000000000000000000
-0.000000000000000000
-0.000000000000000000
-0.000000000000000000
-0.000000000000000000
-0.000000000000000000
-0.000000000000000000
-0.000000000000000000
0.000000000000000000
0.000000000000000000
0.000000000000000001
0.000000000000000001
0.000000000000000002
0.000000000000000003
0.000000000000000002
0.000000000000000001
-0.000000000000000002
-0.000000000000000006
-0.000000000000000009
-0.000000000000000011
-0.000000000000000007
0.000000000000000009
0.000000000000000025
0.000000000000000038
0.000000000000000065
0.000000000000000136
0.000000000000000157
0.000000000000000054
-0.000000000000000035
-0.000000000000000082
-0.000000000000000066
-0.000000000000000038
-0.000000000000000011
0.000000000000000022
0.000000000000000086
0.000000000000000151
0.000000000000000315
0.000000000000000491
0.000000000000000578
0.000000000000000329
-0.000000000000000153
-0.000000000000000355
-0.000000000000000275
-0.000000000000000251
0.000000000000000162
0.000000000000000534
0.000000000000000385
-0.000000000000000183
-0.000000000000000483
-0.000000000000000331
0.000000000000000033
0.000000000000000223
-0.000000000000000529
-0.000000000000002036
-0.000000000000004976
-0.000000000000014337
-0.000000000000046010
-0.000000000000142783
-0.000000000000427136
-0.000000000001244142
-0.000000000003530552
-0.000000000009757120
-0.000000000026324499
-0.000000000069334938
-0.000000000178209296
-0.000000000446794176
-0.000000001092604931
-0.000000002612441177
-0.000000006107729199
-0.000000013956542801
-0.000000031155233726
-0.000000067931784891
-0.000000145008406795
-0.000000303072752966
-0.000000619949382231
-0.000001240503316022
-0.000002427528972422
-0.000004655645553156
-0.000008752564860473
-0.000016123761314524
-0.000029089812910186
-0.000051382395917055
-0.000089030396067894
-0.000151369241366359
-0.000252444727930828
-0.000412749707066404
-0.000661331018169123
-0.001040237535481589
-0.001606868167921908
-0.002436892776184313
-0.003626264233168596
-0.005292153839012992
-0.007586321451165320
-0.010686201912079024
-0.014787679004964813
-0.020091497476230541
-0.026785479311610474
-0.035085174634314369
-0.045169194136785981
-0.057140755787666253
-0.070984042248748130
-0.086527971009587978
-0.103595269226365305
-0.121842742877068602
-0.140723076541225872
-0.159465703446884349
-0.177096764169700605
-0.192800640845722460
-0.205677722605466351
-0.214765393530203491
-0.219093657717809503
-0.217780334113459095
-0.210464669889529943
-0.196998348630939457
-0.177458209810782447
-0.152176243826335100
-0.121771964365348775
-0.087319134924525768
-0.050059646112220274
-0.011342506269350971
0.027425681794875163
0.064837360424795945
0.099615957401394756
0.130673219459843004
0.157135507382369782
0.178357487874518106
0.193936898190851609
0.203891156938199175
0.208468018577059849
0.208087635414209493
0.203294143212666700
0.194720024106880746
0.183194055275655993
0.169529546040359663
0.154476193913704957
0.138694631356518494
0.122747217184669632
0.107168218707645646
0.092366078962354839
0.078626008029598737
0.066124237710009789
0.054947143942482644
0.045136129499184691
0.036667291768033454
0.029467697801047334
0.023431993275087479
0.018436801505457488
0.014358678028090960
0.011071958568386308
0.008455071956271428
0.006395235810450367
0.004791316588396648
0.003556432409053404
0.002615974502561127
0.001907184236586131
0.001378309250704663
0.000987442835496790
0.000701402695422880
0.000494072087024586
0.000345181425511558
0.000239214968445099
0.000164450752569351
0.000112163832511760
0.000075910454156581
0.000050984515901544
0.000033986697344139
0.000022487591619615
0.000014770378665254
0.000009631768107515
0.000006236398921095
0.000004009757903294
0.000002560319270732
0.000001623695787025
0.000001022802916283
0.000000640024935874
0.000000397886804008
0.000000245765066716
0.000000150839509312
0.000000091998258660
0.000000055763340126
0.000000033593863697
0.000000020116726714
0.000000011974908133
0.000000007086537770
0.000000004169398759
0.000000002439073010
0.000000001418846024
0.000000000820790515
0.000000000472216120
0.000000000270200862
0.000000000153781194
0.000000000087063700
0.000000000049036128
0.000000000027476320
0.000000000015317316
0.000000000008496520
0.000000000004689548
0.000000000002576118
0.000000000001408109
0.000000000000766163
0.000000000000414936
0.000000000000223403
0.000000000000120198
0.000000000000064001
0.000000000000033968
0.000000000000018086
0.000000000000009712
0.000000000000004716
0.000000000000002817
0.000000000000001358
0.000000000000000629
0.000000000000000291
0.000000000000000409
-0.000000000000000096
0.000000000000000000
0.000000000000000147
-0.000000000000000026
-0.000000000000000082
0.000000000000000084
0.000000000000000052
-0.000000000000000152
0.000000000000000121
0.000000000000000031
-0.000000000000000148
0.000000000000000147
-0.000000000000000058
-0.000000000000000156
0.000000000000000217
-0.000000000000000106
0.000000000000000016
-0.000000000000000086
0.000000000000000176
-0.000000000000000292
0.000000000000000113
-0.000000000000000022
0.000000000000000015
-0.000000000000000128
0.000000000000000043
0.000000000000000061
-0.000000000000000159
0.000000000000000005
0.000000000000000246
-0.000000000000000273
0.000000000000000122
0.000000000000000037
0.000000000000000059
-0.000000000000000164
0.000000000000000197
-0.000000000000000175
0.000000000000000060
-0.000000000000000080
0.000000000000000226
-0.000000000000000237
0.000000000000000057
0.000000000000000136
-0.000000000000000195
0.000000000000000000
0.000000000000000128
-0.000000000000000194
0.000000000000000241
-0.000000000000000151
0.000000000000000210
-0.000000000000000245
0.000000000000000152
-0.000000000000000016
-0.000000000000000093
0.000000000000000005
0.000000000000000155
-0.000000000000000197
0.000000000000000094
-0.000000000000000002
-0.000000000000000117
-0.000000000000000068
0.000000000000000179
-0.000000000000000128
-0.000000000000000010
0.000000000000000180
-0.000000000000000265
0.000000000000000185
-0.000000000000000033
0.000000000000000016
-0.000000000000000062
-0.000000000000000011
0.000000000000000158
-0.000000000000000168
0.000000000000000036
0.000000000000000235
-0.000000000000000189
0.000000000000000108
0.000000000000000137
-0.000000000000000263
0.000000000000000222
-0.000000000000000042
-0.000000000000000141
0.000000000000000140
-0.000000000000000112
0.000000000000000023
-0.000000000000000066
0.000000000000000041
0.000000000000000010
-0.000000000000000158
0.000000000000000198
-0.000000000000000088
-0.000000000000000072
0.000000000000000248
-0.000000000000000249
0.000000000000000143
0.000000000000000010
-0.000000000000000014
-0.000000000000000049
0.000000000000000130
-0.000000000000000191
0.000000000000000071
0.000000000000000160
-0.000000000000000178
0.000000000000000169
-0.000000000000000168
0.000000000000000096
-0.000000000000000013
-0.000000000000000078
0.000000000000000235
-0.000000000000000201
0.000000000000000127
-0.000000000000000019
-0.000000000000000032
0.000000000000000061
0.000000000000000042
-0.000000000000000075
0.000000000000000017
0.000000000000000052
-0.000000000000000208
0.000000000000000276
-0.000000000000000144
-0.000000000000000086
0.000000000000000280
-0.000000000000000316
0.000000000000000270
-0.000000000000000053
-0.000000000000000088
0.000000000000000151
0.000000000000000012
-0.000000000000000208
0.000000000000000315
-0.000000000000000333
0.000000000000000176
0.000000000000000029
-0.000000000000000148
0.000000000000000158
-0.000000000000000083
-0.000000000000000015
0.000000000000000050
-0.000000000000000056
-0.000000000000000077
0.000000000000000058
-0.000000000000000028
0.000000000000000032
0.000000000000000139
-0.000000000000000199
0.000000000000000050
0.000000000000000049
-0.000000000000000099
0.000000000000000080
-0.000000000000000017
0.000000000000000004
0.000000000000000038
-0.000000000000000021
0.000000000000000050
-0.000000000000000032
-0.000000000000000029
0.000000000000000036
-0.000000000000000036
0.000000000000000054
-0.000000000000000053
0.000000000000000081
-0.000000000000000096
0.000000000000000044
-0.000000000000000020
-0.000000000000000049
0.000000000000000091
-0.000000000000000096
0.000000000000000004
0.000000000000000027
-0.000000000000000093
0.000000000000000164
-0.000000000000000169
0.000000000000000150
-0.000000000000000139
0.000000000000000024
0.000000000000000078
-0.000000000000000120
0.000000000000000166
-0.000000000000000172
0.000000000000000129
-0.000000000000000014
-0.000000000000000063
0.000000000000000102
-0.000000000000000154
0.000000000000000081
-0.000000000000000001
-0.000000000000000130
0.000000000000000309
-0.000000000000000212
0.000000000000000309
-0.000000000000000193
0.000000000000000074
-0.000000000000000138
0.000000000000000106
-0.000000000000000239
0.000000000000000209
-0.000000000000000259
0.000000000000000389
-0.000000000000000376
0.000000000000000354
-0.000000000000000292
0.000000000000000325
-0.000000000000000244
0.000000000000000172
-0.000000000000000152
0.000000000000000132
-0.000000000000000084
0.000000000000000056
-0.000000000000000009
-0.000000000000000068
0.000000000000000086
-0.000000000000000104
0.000000000000000107
-0.000000000000000103
0.000000000000000111
-0.000000000000000047
0.000000000000000081
-0.000000000000000078
0.000000000000000035
0.000000000000000015
-0.000000000000000050
0.000000000000000134
-0.000000000000000175
0.000000000000000201
-0.000000000000000194
0.000000000000000174
-0.000000000000000089
0.000000000000000095
-0.000000000000000079
-0.000000000000000001
0.000000000000000067
-0.000000000000000151
0.000000000000000215
-0.000000000000000283
0.000000000000000228
-0.000000000000000205
0.000000000000000109
-0.000000000000000059
-0.000000000000000001
0.000000000000000042
-0.000000000000000056
0.000000000000000085
-0.000000000000000147
0.000000000000000092
-0.000000000000000053
0.000000000000000014
-0.000000000000000061
-0.000000000000000048
0.000000000000000004
-0.000000000000000016
0.000000000000000036
-0.000000000000000056
0.000000000000000137
-0.000000000000000201
0.000000000000000204
-0.000000000000000210
0.000000000000000173
-0.000000000000000144
0.000000000000000091
-0.000000000000000033
-0.000000000000000024
0.000000000000000078
-0.000000000000000099
0.000000000000000108
-0.000000000000000081
0.000000000000000035
0.000000000000000071
-0.000000000000000094
0.000000000000000155
-0.000000000000000254
0.000000000000000234
-0.000000000000000208
0.000000000000000208
-0.000000000000000146
0.000000000000000039
0.000000000000000039
-0.000000000000000086
0.000000000000000185
-0.000000000000000192
0.000000000000000225
-0.000000000000000214
0.000000000000000176
-0.000000000000000122
0.000000000000000076
-0.000000000000000035
0.000000000000000014
