0.000000000000000000
0.000000000000000000
0.000000000000000000
0.000000000000000000
0.000000000000000000
0.000000000000000000
0.000000000000000000
0.000000000000000000
0.000000000000000000
0.000000000000000000
0.000000000000000000
0.000000000000000000
0.000000000000000000
0.000000000000000000
0.000000000000000000
0.000000000000000000
0.000000000000000000
0.000000000000000000
0.000000000000000000
0.000000000000000000
0.000000000000000000
0.000000000000000000
0.000000000000000000
0.000000000000000000
0.000000000000000000
0.000000000000000000
0.000000000000000000
0.000000000000000000
0.000000000000000001
0.000000000000000002
0.000000000000000003
0.000000000000000004
0.000000000000000005
0.000000000000000008
0.000000000000000009
0.000000000000000022
0.000000000000000035
0.000000000000000068
0.000000000000000091
0.000000000000000127
0.000000000000000091
0.000000000000000055
0.000000000000000019
-0.000000000000000056
-0.000000000000000103
-0.000000000000000115
-0.000000000000000122
-0.000000000000000078
-0.000000000000000087
-0.000000000000000121
-0.000000000000000109
-0.000000000000000069
-0.000000000000000002
-0.000000000000000037
-0.000000000000000089
-0.000000000000000085
-0.000000000000000251
-0.000000000000000408
-0.000000000000000378
0.000000000000000031
0.000000000000000316
0.000000000000000243
-0.000000000000000003
-0.000000000000000100
-0.000000000000000153
0.000000000000000014
0.000000000000000125
0.000000000000000076
-0.000000000000000143
-0.000000000000000243
-0.000000000000000407
-0.000000000000001268
-0.000000000000004425
-0.000000000000015079
-0.000000000000047036
-0.000000000000143018
-0.000000000000428068
-0.000000000001248021
-0.000000000003541597
-0.000000000009786927
-0.000000000026402398
-0.000000000069536315
-0.000000000178717779
-0.000000000448041629
-0.000000001095590599
-0.000000002619429047
-0.000000006123714452
-0.000000013992266749
-0.000000031233192491
-0.000000068097878193
-0.000000145354672257
-0.000000303779211987
-0.000000621359294853
-0.000001243254242200
-0.000002432774752556
-0.000004665442877516
-0.000008770489752544
-0.000016155873693882
-0.000029146110705097
-0.000051478940580675
-0.000089192659819095
-0.000151636593239532
-0.000252876383331922
-0.000413432201696085
-0.000662387175119663
-0.001041839893049671
-0.001609252208191798
-0.002440369840889522
-0.003631231731883962
-0.005299100371414021
-0.007595842708004424
-0.010698995790489661
-0.014804523950569434
-0.020113208905376909
-0.026812843456274701
-0.035118925511444687
-0.045209923244153530
-0.057188795581399991
-0.071039331576272041
-0.086589922090200971
-0.103662783197801853
-0.121914135191529299
-0.140796026463830437
-0.159537251828223176
-0.177163384809973595
-0.192858514777302037
-0.205722923500298666
-0.214794112678770660
-0.219102470098006485
-0.217766490246952021
-0.210426365970105222
-0.196934912132517126
-0.177370232011298784
-0.152065647388344855
-0.121641982228855347
-0.087174024974015413
-0.049904463821352697
-0.011182840097790641
0.027584005219179763
0.064988596035210844
0.099754926467776256
0.130795558172500603
0.157237839957930448
0.178437531924784065
0.193993506503346819
0.203924346386342631
0.208478841168673573
0.208078002553169494
0.203266626877673551
0.194677648837280060
0.183140062715035912
0.169467193782530612
0.154408591860113437
0.138624618353455464
0.122677274606797171
0.107100377201191463
0.092301906004701340
0.078566628609523417
0.066070376618151364
0.054899179873963352
0.045094132086951122
0.036631090363056139
0.029436948529600587
0.023406238870305855
0.018415521316483632
0.014341319993541511
0.011057972957465292
0.008443936094514522
0.006386470271553379
0.004784494211661801
0.003551179899907871
0.002611972947602268
0.001904166698571272
0.001376056377221056
0.000985777365301602
0.000700183232269790
0.000493187497704650
0.000344545581181281
0.000238761997404160
0.000164130902641025
0.000111939927958421
0.000075755035829577
0.000050877527238637
0.000033913645510038
0.000022438112016016
0.000014737128923038
0.000009609597326032
0.000006221727787248
0.000004000122057959
0.000002554037174615
0.000001619629854359
0.000001020190109347
0.000000638357707000
0.000000396830299280
0.000000245100126372
0.000000150423815763
0.000000091740102433
0.000000055604062900
0.000000033496223767
0.000000020057249120
0.000000011938901847
0.000000007064875576
0.000000004156444354
0.000000002431372606
0.000000001414295760
0.000000000818117005
0.000000000470654373
0.000000000269293772
0.000000000153257129
0.000000000086762660
0.000000000048864200
0.000000000027378601
0.000000000015261854
0.000000000008465729
0.000000000004672119
0.000000000002566222
0.000000000001403041
0.000000000000763128
0.000000000000413074
0.000000000000222811
0.000000000000119619
0.000000000000063625
0.000000000000033912
0.000000000000018119
0.000000000000009534
0.000000000000004752
0.000000000000002725
0.000000000000001505
0.000000000000000426
0.000000000000000545
0.000000000000000175
0.000000000000000145
-0.000000000000000208
0.000000000000000350
-0.000000000000000162
-0.000000000000000116
0.000000000000000214
-0.000000000000000079
-0.000000000000000118
0.000000000000000179
0.000000000000000027
-0.000000000000000267
0.000000000000000194
0.000000000000000018
-0.000000000000000191
0.000000000000000253
-0.000000000000000049
-0.000000000000000010
0.000000000000000089
-0.000000000000000066
0.000000000000000073
-0.000000000000000051
-0.000000000000000104
0.000000000000000198
-0.000000000000000100
-0.000000000000000064
0.000000000000000049
0.000000000000000010
-0.000000000000000022
-0.000000000000000023
0.000000000000000109
-0.000000000000000022
-0.000000000000000036
0.000000000000000170
-0.000000000000000229
0.000000000000000307
-0.000000000000000143
-0.000000000000000092
0.000000000000000244
-0.000000000000000235
-0.000000000000000041
0.000000000000000128
-0.000000000000000213
0.000000000000000061
0.000000000000000101
-0.000000000000000137
0.000000000000000114
-0.000000000000000022
-0.000000000000000128
0.000000000000000157
-0.000000000000000161
0.000000000000000025
0.000000000000000142
-0.000000000000000158
0.000000000000000167
-0.000000000000000019
-0.000000000000000038
0.000000000000000051
-0.000000000000000008
-0.000000000000000056
0.000000000000000016
-0.000000000000000053
-0.000000000000000047
0.000000000000000103
-0.000000000000000157
0.000000000000000116
-0.000000000000000176
0.000000000000000229
-0.000000000000000139
0.000000000000000145
-0.000000000000000102
0.000000000000000029
-0.000000000000000064
0.000000000000000019
-0.000000000000000022
0.000000000000000099
-0.000000000000000184
0.000000000000000171
-0.000000000000000008
-0.000000000000000189
0.000000000000000175
-0.000000000000000075
-0.000000000000000084
0.000000000000000105
-0.000000000000000022
0.000000000000000001
-0.000000000000000045
0.000000000000000059
-0.000000000000000113
-0.000000000000000015
0.000000000000000104
-0.000000000000000173
0.000000000000000048
0.000000000000000084
-0.000000000000000292
0.000000000000000129
0.000000000000000001
-0.000000000000000191
0.000000000000000372
-0.000000000000000216
0.000000000000000023
0.000000000000000106
-0.000000000000000071
-0.000000000000000004
0.000000000000000103
-0.000000000000000189
0.000000000000000159
0.000000000000000056
-0.000000000000000190
0.000000000000000284
-0.000000000000000181
0.000000000000000037
-0.000000000000000015
0.000000000000000032
-0.000000000000000090
0.000000000000000187
-0.000000000000000211
0.000000000000000105
-0.000000000000000080
0.000000000000000000
0.000000000000000042
0.000000000000000117
-0.000000000000000104
0.000000000000000158
-0.000000000000000166
0.000000000000000169
-0.000000000000000036
0.000000000000000021
0.000000000000000088
-0.000000000000000030
0.000000000000000018
-0.000000000000000030
0.000000000000000007
-0.000000000000000028
0.000000000000000090
-0.000000000000000116
0.000000000000000124
-0.000000000000000013
0.000000000000000098
-0.000000000000000024
0.000000000000000114
-0.000000000000000120
0.000000000000000152
-0.000000000000000216
0.000000000000000122
-0.000000000000000118
0.000000000000000185
-0.000000000000000101
0.000000000000000061
0.000000000000000046
-0.000000000000000056
0.000000000000000274
-0.000000000000000263
0.000000000000000262
-0.000000000000000233
0.000000000000000154
-0.000000000000000064
0.000000000000000018
0.000000000000000000
-0.000000000000000109
0.000000000000000114
-0.000000000000000069
0.000000000000000092
0.000000000000000006
-0.000000000000000154
0.000000000000000227
-0.000000000000000155
0.000000000000000113
0.000000000000000006
-0.000000000000000148
0.000000000000000150
-0.000000000000000206
0.000000000000000166
-0.000000000000000030
-0.000000000000000104
0.000000000000000196
-0.000000000000000275
0.000000000000000226
-0.000000000000000202
0.000000000000000158
-0.000000000000000087
-0.000000000000000045
0.000000000000000049
-0.000000000000000130
0.000000000000000049
-0.000000000000000056
-0.000000000000000002
-0.000000000000000000
-0.000000000000000025
-0.000000000000000002
0.000000000000000046
-0.000000000000000102
-0.000000000000000061
0.000000000000000056
-0.000000000000000048
0.000000000000000020
0.000000000000000025
-0.000000000000000029
-0.000000000000000049
0.000000000000000229
-0.000000000000000243
0.000000000000000275
-0.000000000000000185
-0.000000000000000025
0.000000000000000096
-0.000000000000000157
0.000000000000000223
-0.000000000000000230
0.000000000000000168
-0.000000000000000030
0.000000000000000096
-0.000000000000000127
0.000000000000000187
-0.000000000000000371
0.000000000000000540
-0.000000000000000377
0.000000000000000231
-0.000000000000000198
0.000000000000000010
0.000000000000000055
-0.000000000000000141
0.000000000000000101
0.000000000000000071
-0.000000000000000059
0.000000000000000167
-0.000000000000000131
0.000000000000000120
-0.000000000000000045
-0.000000000000000030
0.000000000000000146
-0.000000000000000038
0.000000000000000016
-0.000000000000000025
-0.000000000000000039
-0.000000000000000033
-0.000000000000000018
-0.000000000000000134
0.000000000000000137
-0.000000000000000196
0.000000000000000220
-0.000000000000000124
0.000000000000000103
-0.000000000000000215
0.000000000000000072
-0.000000000000000135
0.000000000000000151
-0.000000000000000096
0.000000000000000111
-0.000000000000000094
0.000000000000000043
-0.000000000000000073
0.000000000000000136
-0.000000000000000094
-0.000000000000000016
-0.000000000000000018
0.000000000000000025
-0.000000000000000066
0.000000000000000035
-0.000000000000000093
0.000000000000000140
-0.000000000000000101
0.000000000000000003
0.000000000000000067
-0.000000000000000115
0.000000000000000183
-0.000000000000000176
0.000000000000000313
-0.000000000000000232
0.000000000000000088
0.000000000000000050
-0.000000000000000164
0.000000000000000186
-0.000000000000000209
0.000000000000000188
-0.000000000000000137
0.000000000000000141
-0.000000000000000087
0.000000000000000056
-0.000000000000000023
0.000000000000000019
-0.000000000000000053
0.000000000000000083
-0.000000000000000110
0.000000000000000117
-0.000000000000000092
0.000000000000000065
-0.000000000000000023
