0.000000000000000673
0.000000000000001006
0.000000000000001505
0.000000000000002760
0.000000000000006229
0.000000000000014578
0.000000000000034385
0.000000000000079673
0.000000000000179144
0.000000000000394716
0.000000000000855106
0.000000000001824533
0.000000000003832872
0.000000000007922123
0.000000000016110600
0.000000000032290111
0.000000000063798657
0.000000000124237096
0.000000000238388088
0.000000000450694529
0.000000000840706974
0.000000001547661282
0.000000002811386966
0.000000005038287203
0.000000008906807756
0.000000015551220088
0.000000026823834276
0.000000045703590635
0.000000076907146921
0.000000127798016765
0.000000209933461448
0.000000340999826001
0.000000547664152950
0.000000869532660881
0.000001364647442437
0.000002118929716791
0.000003256042237640
0.000004951376859479
0.000007450034901168
0.000011090166416564
0.000016345929021660
0.000023860927942384
0.000034495871131183
0.000049384759349696
0.000070003059507550
0.000098318584357955
0.000136854638168728
0.000188796425901860
0.000258102419629755
0.000349630344901582
0.000469568322417405
0.000625412659109583
0.000826085941778594
0.001082025252100113
0.001405274854284469
0.001810563387341824
0.002314696030333665
0.002936434175264701
0.003696272926980998
0.004616230496770609
0.005722362669454092
0.007042385470881556
0.008604850396377702
0.010438185012748418
0.012569892568471344
0.015032116363974777
0.017855634572517015
0.021067965640289264
0.024691518488326507
0.028742357193517292
0.033241433746920547
0.038202956480951851
0.043631629132631487
0.049520455508643368
0.055849950849278171
0.062607903297161177
0.069770759428713108
0.077300784755511789
0.085144560985445122
0.093233769785991100
0.101514728871235804
0.109922619406411598
0.118379262922964482
0.126792965982780115
0.135061233182277890
0.143108031215518211
0.150852047036658304
0.158205005482208255
0.165072489974562475
0.171357706415376010
0.177001362005491797
0.181946506191483726
0.186136702774042012
0.189516798017245996
0.192036299717996933
0.193685997319921865
0.194463012006655278
0.194368356957966448
0.193406943636620782
0.191589703081135265
0.188962936340943966
0.185577407746860323
0.181485582629449971
0.176741008764490032
0.171399318252323990
0.165539236064588036
0.159238508351868729
0.152571581201787820
0.145609005248466400
0.138418006383977638
0.131076298491267174
0.123655720574084582
0.116220925134687070
0.108829301847194151
0.101531653190566132
0.094380768163625603
0.087421795394988552
0.080691951811382057
0.074220987694098045
0.068032055168372754
0.062146806655759591
0.056580532722321213
0.051342487479794467
0.046436591641193584
0.041862292558807558
0.037617443753650885
0.033696208060754962
0.030089539468440459
0.026785804969729786
0.023771428581521398
0.021032385553119627
0.018553417744969949
0.016318393707593769
0.014310695452048980
0.012513578880919437
0.010910845614420930
0.009486558764326651
0.008225212443802884
0.007111892611582312
0.006132409723160677
0.005273529840038566
0.004522841686955169
0.003868785544508537
0.003300672329657090
0.002808687324860009
0.002383921986113672
0.002018283456693167
0.001704457746725188
0.001435869927805405
0.001206640263432674
0.001011549546915249
0.000845971051375459
0.000705820593615638
0.000587508354644574
0.000487892279525782
0.000404236363124616
0.000334163816824883
0.000275617412128552
0.000226822978124461
0.000186255884142055
0.000152610928115469
0.000124773940967287
0.000101796889236160
0.000082875664282927
0.000067330346078252
0.000054587729749958
0.000044166046966393
0.000035661556496668
0.000028736867694596
0.000023110816576313
0.000018549662137974
0.000014859686012782
0.000011880765588049
0.000009480888686026
0.000007551491694648
0.000006003476865743
0.000004763943543114
0.000003773389579725
0.000002983363612455
0.000002354503496625
0.000001854888025608
0.000001458706265998
0.000001145135302926
0.000000897413026648
0.000000702074933757
0.000000548322504023
0.000000427519714023
0.000000332774596384
0.000000258598218619
0.000000200627723286
0.000000155400293850
0.000000120174858418
0.000000092785961040
0.000000071526142486
0.000000055051567675
0.000000042305990359
0.000000032461326338
0.000000024869576899
0.000000019024572881
0.000000014531620000
0.000000011083330438
0.000000008440887464
0.000000006419077762
0.000000004874501400
0.000000003696312925
0.000000002798931684
0.000000002116435435
0.000000001598128864
0.000000001205086533
0.000000000907470519
0.000000000682429986
0.000000000512504981
0.000000000384377722
0.000000000287901662
0.000000000215358221
0.000000000160884544
0.000000000120035092
0.000000000089442505
0.000000000066562716
0.000000000049473452
0.000000000036725726
0.000000000027229259
0.000000000020163282
0.000000000014913006
0.000000000011016841
0.000000000008127925
0.000000000005990257
0.000000000004409462
0.000000000003241967
0.000000000002380903
0.000000000001745907
0.000000000001279703
0.000000000000936554
0.000000000000684662
0.000000000000499829
0.000000000000364949
0.000000000000265602
0.000000000000193208
0.000000000000140809
0.000000000000102019
0.000000000000074050
0.000000000000053856
0.000000000000038912
0.000000000000028164
0.000000000000019948
0.000000000000015074
0.000000000000010606
0.000000000000007691
0.000000000000005222
0.000000000000004015
0.000000000000002673
0.000000000000002229
0.000000000000001594
0.000000000000001018
0.000000000000000446
0.000000000000000536
0.000000000000000603
0.000000000000000308
0.000000000000000135
0.000000000000000132
0.000000000000000030
0.000000000000000018
-0.000000000000000057
0.000000000000000211
0.000000000000000490
-0.000000000000000297
-0.000000000000000374
0.000000000000000036
0.000000000000000518
0.000000000000000076
-0.000000000000000458
0.000000000000000415
0.000000000000000012
-0.000000000000000310
0.000000000000000269
0.000000000000000371
0.000000000000000044
-0.000000000000000465
-0.000000000000000027
0.000000000000000292
0.000000000000000176
-0.000000000000000077
-0.000000000000000050
0.000000000000000010
0.000000000000000071
-0.000000000000000088
0.000000000000000227
-0.000000000000000275
-0.000000000000000068
0.000000000000000281
-0.000000000000000247
-0.000000000000000011
0.000000000000000159
0.000000000000000090
0.000000000000000218
-0.000000000000000169
-0.000000000000000208
0.000000000000000138
0.000000000000000142
-0.000000000000000111
0.000000000000000057
-0.000000000000000020
-0.000000000000000069
-0.000000000000000263
0.000000000000000440
0.000000000000000109
-0.000000000000000353
-0.000000000000000094
-0.000000000000000101
-0.000000000000000098
0.000000000000000594
-0.000000000000000170
-0.000000000000000331
-0.000000000000000154
0.000000000000000285
-0.000000000000000068
0.000000000000000107
0.000000000000000052
-0.000000000000000192
-0.000000000000000233
0.000000000000000302
0.000000000000000160
-0.000000000000000054
-0.000000000000000339
0.000000000000000014
-0.000000000000000094
0.000000000000000169
-0.000000000000000003
-0.000000000000000117
-0.000000000000000104
-0.000000000000000027
0.000000000000000079
0.000000000000000051
-0.000000000000000261
0.000000000000000076
0.000000000000000026
-0.000000000000000068
-0.000000000000000211
0.000000000000000266
0.000000000000000237
-0.000000000000000256
-0.000000000000000157
0.000000000000000138
-0.000000000000000035
0.000000000000000280
-0.000000000000000087
-0.000000000000000333
0.000000000000000048
-0.000000000000000086
0.000000000000000208
0.000000000000000010
-0.000000000000000128
-0.000000000000000258
0.000000000000000375
0.000000000000000334
-0.000000000000000215
-0.000000000000000079
0.000000000000000047
-0.000000000000000035
0.000000000000000073
0.000000000000000252
-0.000000000000000353
-0.000000000000000060
0.000000000000000191
0.000000000000000061
0.000000000000000107
0.000000000000000018
-0.000000000000000271
-0.000000000000000161
0.000000000000000592
-0.000000000000000273
-0.000000000000000054
-0.000000000000000073
-0.000000000000000184
0.000000000000000496
-0.000000000000000326
0.000000000000000273
-0.000000000000000284
-0.000000000000000112
0.000000000000000358
0.000000000000000053
-0.000000000000000283
-0.000000000000000091
0.000000000000000343
0.000000000000000153
-0.000000000000000390
0.000000000000000123
-0.000000000000000082
0.000000000000000183
-0.000000000000000146
-0.000000000000000187
0.000000000000000305
-0.000000000000000173
0.000000000000000107
0.000000000000000006
0.000000000000000194
-0.000000000000000505
0.000000000000000187
0.000000000000000276
-0.000000000000000148
-0.000000000000000145
-0.000000000000000138
0.000000000000000654
-0.000000000000000546
0.000000000000000034
0.000000000000000048
0.000000000000000097
-0.000000000000000078
-0.000000000000000249
0.000000000000000207
-0.000000000000000012
-0.000000000000000013
-0.000000000000000151
0.000000000000000246
-0.000000000000000369
0.000000000000000440
-0.000000000000000122
-0.000000000000000123
0.000000000000000190
-0.000000000000000097
-0.000000000000000163
0.000000000000000110
0.000000000000000088
-0.000000000000000212
-0.000000000000000163
0.000000000000000337
-0.000000000000000028
-0.000000000000000553
0.000000000000000201
0.000000000000000526
-0.000000000000000525
0.000000000000000096
0.000000000000000024
-0.000000000000000139
0.000000000000000027
0.000000000000000290
-0.000000000000000317
-0.000000000000000216
0.000000000000000551
-0.000000000000000472
-0.000000000000000144
-0.000000000000000039
0.000000000000000602
-0.000000000000000369
-0.000000000000000087
0.000000000000000257
0.000000000000000120
-0.000000000000000275
0.000000000000000380
-0.000000000000000427
-0.000000000000000057
0.000000000000000809
-0.000000000000000464
-0.000000000000000322
0.000000000000000328
0.000000000000000205
-0.000000000000000100
-0.000000000000000461
0.000000000000000231
0.000000000000000167
-0.000000000000000054
-0.000000000000000107
-0.000000000000000114
0.000000000000000612
-0.000000000000000170
-0.000000000000000301
0.000000000000000038
0.000000000000000573
-0.000000000000000336
-0.000000000000000207
-0.000000000000000096
0.000000000000000422
-0.000000000000000330
0.000000000000000087
-0.000000000000000199
0.000000000000000262
0.000000000000000350
-0.000000000000000538
0.000000000000000129
0.000000000000000270
-0.000000000000000115
-0.000000000000000088
0.000000000000000220
0.000000000000000050
-0.000000000000000031
-0.000000000000000147
0.000000000000000454
-0.000000000000000112
-0.000000000000000418
0.000000000000000336
0.000000000000000022
-0.000000000000000026
-0.000000000000000035
-0.000000000000000572
0.000000000000000728
-0.000000000000000009
-0.000000000000000557
0.000000000000000321
0.000000000000000713
-0.000000000000000927
0.000000000000000275
0.000000000000000232
-0.000000000000000193
0.000000000000000125
-0.000000000000000507
0.000000000000000389
0.000000000000000107
-0.000000000000000553
-0.000000000000000011
0.000000000000000555
-0.000000000000000377
-0.000000000000000236
0.000000000000000028
0.000000000000000517
-0.000000000000000355
0.000000000000000101
0.000000000000000291
