0.000000000000000771
0.000000000000002441
0.000000000000005886
0.000000000000013195
0.000000000000031684
0.000000000000075565
0.000000000000175145
0.000000000000397006
0.000000000000884492
0.000000000001936790
0.000000000004174861
0.000000000008858126
0.000000000018497758
0.000000000038008011
0.000000000076838116
0.000000000153073696
0.000000000300566078
0.000000000581598802
0.000000001108777753
0.000000002082411414
0.000000003858251002
0.000000007053748371
0.000000012723228595
0.000000022637247310
0.000000039724068709
0.000000068835712305
0.000000117818827352
0.000000199165128655
0.000000332444853437
0.000000547876632596
0.000000892402861807
0.000001437039453686
0.000002287580242116
0.000003599178016301
0.000005596229645146
0.000008606955999084
0.000013097264421056
0.000019718363293556
0.000029366308862883
0.000043257413926484
0.000063073322656747
0.000091057903305813
0.000130157385035800
0.000184177861407451
0.000257969236921940
0.000357891960611520
0.000491923427005161
0.000669892569157057
0.000903694508055206
0.001207514188949092
0.001599057958414416
0.002099126015273861
0.002731627669008654
0.003523443105393574
0.004504247112989526
0.005709442680039709
0.007177507380527070
0.008948937848615109
0.011064884438012316
0.013565845121996455
0.016498424238479116
0.019907382870398033
0.023832596637620856
0.028305868389401165
0.033348434197002286
0.038985669564017084
0.045230459953506413
0.052078474413504279
0.059504178308897614
0.067458931450665713
0.075898964153097492
0.084758315205369639
0.093944519048804770
0.103336516914671203
0.112786292260942042
0.122162667648569631
0.131314805781734850
0.140070482197540175
0.148237861235693935
0.155611799900021608
0.162028373910314494
0.167322297631539163
0.171327433186655748
0.173881099728389554
0.174832260445434373
0.174093942297908894
0.171599658164399788
0.167303309720132326
0.161182239805261279
0.153242579267445528
0.143555885971900138
0.132221135406415308
0.119361856610176897
0.105125471105685334
0.089683468005575875
0.073246168189341238
0.056037055858245491
0.038288207856341003
0.020237133554262404
0.002123651783421759
-0.015813342167196549
-0.033345239841665417
-0.050256843195792565
-0.066348774642223940
-0.081440206157888717
-0.095380996039651084
-0.108046122963739111
-0.119335304271477372
-0.129172657388361534
-0.137506963644532632
-0.144324840564779872
-0.149636322602369337
-0.153471630330483277
-0.155878680807271686
-0.156921465366294255
-0.156690587293526473
-0.155287267281758012
-0.152819533968711146
-0.149399529286049298
-0.145141766421971047
-0.140170659274812620
-0.134607960331434295
-0.128570232882836505
-0.122167386854156110
-0.115501999968953495
-0.108674623186076125
-0.101776200152760954
-0.094887286242280475
-0.088078003014908937
-0.081408466858630749
-0.074932521886051290
-0.068694224646445104
-0.062728229499304580
-0.057060540220164505
-0.051709446499988661
-0.046688008805623564
-0.042002894720273014
-0.037655124320059533
-0.033640924409141675
-0.029952593328481079
-0.026579964281125645
-0.023510207923281852
-0.020728427856049569
-0.018218246028262539
-0.015962337125357128
-0.013943140572856283
-0.012142889843291569
-0.010543916089601753
-0.009128915156982742
-0.007881166363412904
-0.006784783221334293
-0.005824716175236742
-0.004986831749208139
-0.004257966357101198
-0.003625953935219345
-0.003079652198330024
-0.002608894908543890
-0.002204460966041441
-0.001858034221535861
-0.001562155306882901
-0.001310171614679774
-0.001096174081910507
-0.000914938095885571
-0.000761864679410340
-0.000632922764286326
-0.000524593168327454
-0.000433816064815737
-0.000357941158636118
-0.000294681312948257
-0.000242069768925756
-0.000198420349016417
-0.000162293116755658
-0.000132462476917234
-0.000107888580844644
-0.000087691875652808
-0.000071130176586348
-0.000057579562001202
-0.000046517067606602
-0.000037505583030579
-0.000030180749524502
-0.000024239458570235
-0.000019430449316358
-0.000015545992012041
-0.000012414781628646
-0.000009895897267005
-0.000007873613351845
-0.000006253211922914
-0.000004957357028657
-0.000003923051061245
-0.000003099091412394
-0.000002443926023338
-0.000001923940080245
-0.000001512000634031
-0.000001186253442404
-0.000000929132408510
-0.000000726537859834
-0.000000567185757183
-0.000000442064170948
-0.000000343990028817
-0.000000267248980923
-0.000000207300932761
-0.000000160548693109
-0.000000124147669501
-0.000000095852570571
-0.000000073894327565
-0.000000056880761962
-0.000000043719129304
-0.000000033553269913
-0.000000025713554730
-0.000000019677127452
-0.000000015036195799
-0.000000011473484319
-0.000000008742562434
-0.000000006652341539
-0.000000005054878667
-0.000000003835758589
-0.000000002906699953
-0.000000002199693255
-0.000000001662428567
-0.000000001254729835
-0.000000000945775343
-0.000000000711966775
-0.000000000535264761
-0.000000000401903952
-0.000000000301389050
-0.000000000225728012
-0.000000000168850369
-0.000000000126147725
-0.000000000094129629
-0.000000000070153013
-0.000000000052220215
-0.000000000038825301
-0.000000000028832062
-0.000000000021386095
-0.000000000015844328
-0.000000000011724774
-0.000000000008666577
-0.000000000006398703
-0.000000000004719325
-0.000000000003476714
-0.000000000002558146
-0.000000000001880148
-0.000000000001380255
-0.000000000001012916
-0.000000000000741947
-0.000000000000543213
-0.000000000000396871
-0.000000000000289642
-0.000000000000211555
-0.000000000000154392
-0.000000000000112235
-0.000000000000081751
-0.000000000000059392
-0.000000000000042591
-0.000000000000031378
-0.000000000000022729
-0.000000000000016282
-0.000000000000012058
-0.000000000000008611
-0.000000000000005953
-0.000000000000004236
-0.000000000000003497
-0.000000000000002384
-0.000000000000001682
-0.000000000000001125
-0.000000000000000526
-0.000000000000000700
-0.000000000000000800
-0.000000000000000227
0.000000000000000105
-0.000000000000000215
-0.000000000000000495
0.000000000000000070
-0.000000000000000019
0.000000000000000165
-0.000000000000000328
-0.000000000000000033
0.000000000000000151
-0.000000000000000169
-0.000000000000000053
0.000000000000000368
-0.000000000000000099
-0.000000000000000387
0.000000000000000195
0.000000000000000073
-0.000000000000000016
0.000000000000000037
-0.000000000000000096
0.000000000000000066
-0.000000000000000281
0.000000000000000439
-0.000000000000000106
-0.000000000000000295
-0.000000000000000125
0.000000000000000327
-0.000000000000000123
0.000000000000000060
-0.000000000000000172
-0.000000000000000212
0.000000000000000357
-0.000000000000000039
0.000000000000000117
-0.000000000000000370
0.000000000000000185
-0.000000000000000030
-0.000000000000000002
-0.000000000000000188
0.000000000000000089
0.000000000000000161
0.000000000000000050
-0.000000000000000056
-0.000000000000000332
0.000000000000000423
-0.000000000000000193
0.000000000000000058
-0.000000000000000267
-0.000000000000000023
0.000000000000000338
-0.000000000000000128
-0.000000000000000138
0.000000000000000006
0.000000000000000019
0.000000000000000060
0.000000000000000052
-0.000000000000000081
0.000000000000000025
-0.000000000000000182
0.000000000000000303
0.000000000000000146
-0.000000000000000450
0.000000000000000059
0.000000000000000378
-0.000000000000000195
-0.000000000000000318
0.000000000000000084
0.000000000000000316
-0.000000000000000103
-0.000000000000000633
0.000000000000000139
0.000000000000000657
-0.000000000000000167
-0.000000000000000461
-0.000000000000000005
0.000000000000000485
-0.000000000000000117
-0.000000000000000398
0.000000000000000316
-0.000000000000000070
0.000000000000000011
0.000000000000000057
-0.000000000000000196
0.000000000000000108
-0.000000000000000188
0.000000000000000220
0.000000000000000087
-0.000000000000000248
-0.000000000000000066
0.000000000000000278
-0.000000000000000040
-0.000000000000000147
-0.000000000000000025
-0.000000000000000043
0.000000000000000159
0.000000000000000026
-0.000000000000000032
0.000000000000000112
-0.000000000000000309
0.000000000000000230
0.000000000000000195
-0.000000000000000250
0.000000000000000290
-0.000000000000000340
-0.000000000000000054
0.000000000000000269
0.000000000000000093
-0.000000000000000209
-0.000000000000000079
-0.000000000000000086
0.000000000000000716
-0.000000000000000637
-0.000000000000000056
0.000000000000000261
-0.000000000000000054
0.000000000000000138
-0.000000000000000353
0.000000000000000286
0.000000000000000022
0.000000000000000011
0.000000000000000002
-0.000000000000000002
0.000000000000000022
0.000000000000000133
-0.000000000000000238
0.000000000000000298
-0.000000000000000177
0.000000000000000252
-0.000000000000000240
-0.000000000000000063
0.000000000000000250
-0.000000000000000122
-0.000000000000000066
0.000000000000000050
-0.000000000000000037
-0.000000000000000001
0.000000000000000084
-0.000000000000000048
0.000000000000000159
0.000000000000000116
-0.000000000000000498
0.000000000000000255
0.000000000000000266
-0.000000000000000237
-0.000000000000000061
0.000000000000000027
-0.000000000000000086
0.000000000000000139
0.000000000000000059
-0.000000000000000571
0.000000000000000521
0.000000000000000207
-0.000000000000000409
-0.000000000000000068
0.000000000000000197
0.000000000000000407
-0.000000000000000456
-0.000000000000000120
0.000000000000000128
0.000000000000000321
-0.000000000000000018
-0.000000000000000563
0.000000000000000501
0.000000000000000103
-0.000000000000000060
-0.000000000000000401
0.000000000000000581
-0.000000000000000223
-0.000000000000000080
0.000000000000000219
-0.000000000000000032
-0.000000000000000120
-0.000000000000000001
0.000000000000000147
0.000000000000000095
-0.000000000000000145
0.000000000000000182
-0.000000000000000128
0.000000000000000230
-0.000000000000000216
0.000000000000000035
-0.000000000000000248
0.000000000000000595
-0.000000000000000456
-0.000000000000000030
0.000000000000000088
-0.000000000000000090
0.000000000000000101
-0.000000000000000110
-0.000000000000000178
0.000000000000000128
-0.000000000000000200
0.000000000000000201
-0.000000000000000395
0.000000000000000197
0.000000000000000090
-0.000000000000000104
-0.000000000000000024
0.000000000000000201
-0.000000000000000265
0.000000000000000324
-0.000000000000000371
0.000000000000000145
-0.000000000000000090
0.000000000000000280
-0.000000000000000316
-0.000000000000000016
-0.000000000000000337
0.000000000000000732
-0.000000000000000492
-0.000000000000000273
0.000000000000000343
0.000000000000000147
-0.000000000000000372
0.000000000000000114
-0.000000000000000005
-0.000000000000000199
0.000000000000000412
-0.000000000000000167
-0.000000000000000222
0.000000000000000380
-0.000000000000000099
0.000000000000000107
-0.000000000000000143
0.000000000000000092
0.000000000000000126
-0.000000000000000116
0.000000000000000060
0.000000000000000006
0.000000000000000104
0.000000000000000437
-0.000000000000000866
0.000000000000000232
0.000000000000000709
-0.000000000000000498
-0.000000000000000301
0.000000000000000409
0.000000000000000166
-0.000000000000000428
-0.000000000000000030
0.000000000000000255
-0.000000000000000192
0.000000000000000053
0.000000000000000307
-0.000000000000000223
0.000000000000000076
-0.000000000000000200
-0.000000000000000082
0.000000000000000226
