0.000000000000000531
0.000000000000001715
0.000000000000005268
0.000000000000013221
0.000000000000031447
0.000000000000074439
0.000000000000171663
0.000000000000389217
0.000000000000868097
0.000000000001902405
0.000000000004102562
0.000000000008707877
0.000000000018189634
0.000000000037384582
0.000000000075596183
0.000000000150637205
0.000000000295856225
0.000000000572628775
0.000000001091947467
0.000000002051304829
0.000000003801539962
0.000000006951740446
0.000000012542228181
0.000000022320508395
0.000000039177497277
0.000000067904508183
0.000000116252049769
0.000000196562051344
0.000000328175258970
0.000000540963968819
0.000000881343737799
0.000001419551956103
0.000002260250676170
0.000003556974622506
0.000005531841408244
0.000008509814751852
0.000012952302735955
0.000019504403214981
0.000029054015989997
0.000042806728999445
0.000062429744933559
0.000090148291750586
0.000128884984241104
0.000182416566917152
0.000255557059611662
0.000354621283815766
0.000487531866057771
0.000664053494413380
0.000896007717167487
0.001197496961466235
0.001586128414685708
0.002082593423113899
0.002710685978966434
0.003497168970632305
0.004471602631579604
0.005669260093378397
0.007128497679893024
0.008889710120271135
0.010993976875425703
0.013481765956400453
0.016399650906655693
0.019792413203495920
0.023700016664788368
0.028154434197026661
0.033177160773450419
0.038793834815848131
0.045017690715927851
0.051844843664587109
0.059250304921641732
0.067186069284838765
0.075608956039603603
0.084453647491271225
0.093628370746881504
0.103012790796158077
0.112459613833739841
0.121838229317449559
0.130998312457616867
0.139768080601407801
0.147956042598421073
0.155357269215418953
0.161807811065769580
0.167142203246786691
0.171193968375641437
0.173799916237950103
0.174808324385263059
0.174131352720133220
0.171701513428994285
0.167471589845813951
0.161417706462918115
0.153544701731443994
0.143922861680789993
0.132649900176490282
0.119848118559419986
0.105663771158283556
0.090267273886042512
0.073868102417606621
0.056689049614116957
0.038961660992206319
0.020923083669449980
0.002812956179897942
-0.015129717396024785
-0.032676043910488686
-0.049610384356051709
-0.065732779066501157
-0.080861688952403143
-0.094846079283435386
-0.107559960957291076
-0.118902038690493594
-0.128795395922964406
-0.137187778346603562
-0.144064754582608145
-0.149435361886863460
-0.153328894497592572
-0.155792426974759896
-0.156889201504502668
-0.156709170143013138
-0.155353015633679592
-0.152928342383711474
-0.149546978854078555
-0.145323231132496261
-0.140381417765808980
-0.134843290648918035
-0.128825495682254820
-0.122438097004958349
-0.115783887419876524
-0.108963697252749223
-0.102068787864792995
-0.095180058192180700
-0.088367988655423085
-0.081693061225332306
-0.075209495945181587
-0.068961715790980441
-0.062984725045848136
-0.057304856064423482
-0.051940702703201072
-0.046905610062658289
-0.042206500873662282
-0.037844619654106217
-0.033816387104789083
-0.030114266040587402
-0.026728229920539807
-0.023645562629766408
-0.020851455789777828
-0.018329596501445829
-0.016062704318530185
-0.014033247435398334
-0.012223472346956277
-0.010615709754718853
-0.009192643864183290
-0.007937533337491648
-0.006834464587148906
-0.005868355449084994
-0.005025035843733856
-0.004291302951447027
-0.003654950028183179
-0.003104793832100518
-0.002630627452121557
-0.002223190040971756
-0.001874127142205289
-0.001575942910492669
-0.001321950403145339
-0.001106208494710804
-0.000923462881752932
-0.000769087303437505
-0.000639025796426413
-0.000529736607805620
-0.000438139575678140
-0.000361566188486008
-0.000297713078483845
-0.000244599097973621
-0.000200525367048272
-0.000164040796201019
-0.000133910040984541
-0.000109084766435207
-0.000088678062157723
-0.000071941384118536
-0.000058245340561340
-0.000047062279292195
-0.000037951086453854
-0.000030543995749206
-0.000024535005347207
-0.000019670408370646
-0.000015740413781607
-0.000012571984746360
-0.000010022749615983
-0.000007975769943765
-0.000006335317780316
-0.000005023218512805
-0.000003975780007901
-0.000003141225984164
-0.000002477531359785
-0.000001950692697465
-0.000001533258584088
-0.000001203114437449
-0.000000942481837911
-0.000000737088217080
-0.000000575509217009
-0.000000448619290432
-0.000000349143575469
-0.000000271293725757
-0.000000210470074268
-0.000000163027622252
-0.000000126083493764
-0.000000097361800034
-0.000000075069067083
-0.000000057793678025
-0.000000044427447265
-0.000000034101977420
-0.000000026137955788
-0.000000020004878144
-0.000000015288921231
-0.000000011668062929
-0.000000008892147762
-0.000000006767166922
-0.000000005142892141
-0.000000003903123749
-0.000000002958186026
-0.000000002238987132
-0.000000001692374318
-0.000000001277520507
-0.000000000963095954
-0.000000000725111197
-0.000000000545228302
-0.000000000409445395
-0.000000000307088513
-0.000000000230030724
-0.000000000172093880
-0.000000000128590006
-0.000000000095966073
-0.000000000071532040
-0.000000000053254864
-0.000000000039599866
-0.000000000029411618
-0.000000000021818988
-0.000000000016167499
-0.000000000011966185
-0.000000000008846162
-0.000000000006531931
-0.000000000004818238
-0.000000000003550044
-0.000000000002612660
-0.000000000001920617
-0.000000000001410585
-0.000000000001034488
-0.000000000000757970
-0.000000000000554877
-0.000000000000406011
-0.000000000000296420
-0.000000000000216062
-0.000000000000157832
-0.000000000000114783
-0.000000000000083206
-0.000000000000060714
-0.000000000000044277
-0.000000000000032176
-0.000000000000022882
-0.000000000000016676
-0.000000000000012293
-0.000000000000008521
-0.000000000000006318
-0.000000000000004930
-0.000000000000003336
-0.000000000000001959
-0.000000000000001916
-0.000000000000001188
-0.000000000000000766
-0.000000000000001042
-0.000000000000000655
-0.000000000000000084
0.000000000000000066
-0.000000000000000202
-0.000000000000000336
-0.000000000000000309
0.000000000000000064
0.000000000000000364
-0.000000000000000269
-0.000000000000000135
0.000000000000000105
-0.000000000000000089
-0.000000000000000171
0.000000000000000160
0.000000000000000071
-0.000000000000000006
-0.000000000000000095
-0.000000000000000101
-0.000000000000000023
0.000000000000000509
-0.000000000000000270
-0.000000000000000331
0.000000000000000301
-0.000000000000000036
-0.000000000000000199
0.000000000000000188
-0.000000000000000198
-0.000000000000000147
0.000000000000000143
0.000000000000000379
-0.000000000000000527
0.000000000000000063
0.000000000000000287
-0.000000000000000397
0.000000000000000301
0.000000000000000106
-0.000000000000000408
-0.000000000000000297
0.000000000000000622
-0.000000000000000184
-0.000000000000000315
0.000000000000000044
0.000000000000000242
-0.000000000000000246
0.000000000000000126
-0.000000000000000262
0.000000000000000262
-0.000000000000000061
-0.000000000000000010
0.000000000000000335
0.000000000000000004
-0.000000000000000191
-0.000000000000000061
0.000000000000000215
-0.000000000000000078
-0.000000000000000199
0.000000000000000120
-0.000000000000000219
-0.000000000000000006
0.000000000000000165
-0.000000000000000355
0.000000000000000138
0.000000000000000083
-0.000000000000000320
0.000000000000000147
0.000000000000000088
-0.000000000000000093
0.000000000000000004
-0.000000000000000029
0.000000000000000106
-0.000000000000000059
0.000000000000000349
-0.000000000000000467
-0.000000000000000093
-0.000000000000000093
0.000000000000000450
0.000000000000000188
-0.000000000000000956
0.000000000000000071
0.000000000000000784
-0.000000000000000083
-0.000000000000000560
0.000000000000000099
0.000000000000000444
-0.000000000000000398
0.000000000000000038
0.000000000000000379
-0.000000000000000440
0.000000000000000146
-0.000000000000000110
-0.000000000000000011
0.000000000000000352
-0.000000000000000244
-0.000000000000000233
0.000000000000000157
0.000000000000000198
-0.000000000000000380
0.000000000000000424
-0.000000000000000152
-0.000000000000000158
0.000000000000000098
0.000000000000000220
-0.000000000000000362
0.000000000000000021
0.000000000000000225
-0.000000000000000318
-0.000000000000000076
0.000000000000000243
0.000000000000000305
-0.000000000000000366
-0.000000000000000054
0.000000000000000021
0.000000000000000223
-0.000000000000000105
-0.000000000000000086
-0.000000000000000077
0.000000000000000046
0.000000000000000119
-0.000000000000000005
-0.000000000000000104
-0.000000000000000119
0.000000000000000211
-0.000000000000000363
0.000000000000000214
0.000000000000000167
-0.000000000000000240
-0.000000000000000056
0.000000000000000106
0.000000000000000193
-0.000000000000000163
0.000000000000000028
-0.000000000000000254
0.000000000000000244
-0.000000000000000022
0.000000000000000084
0.000000000000000068
-0.000000000000000272
0.000000000000000207
0.000000000000000046
0.000000000000000268
-0.000000000000000403
-0.000000000000000062
0.000000000000000232
0.000000000000000015
0.000000000000000330
-0.000000000000000384
-0.000000000000000034
0.000000000000000388
0.000000000000000088
-0.000000000000000205
-0.000000000000000125
-0.000000000000000082
0.000000000000000224
-0.000000000000000037
-0.000000000000000219
-0.000000000000000116
0.000000000000000225
0.000000000000000199
-0.000000000000000363
0.000000000000000220
0.000000000000000017
-0.000000000000000271
0.000000000000000206
0.000000000000000246
-0.000000000000000497
-0.000000000000000011
0.000000000000000279
0.000000000000000043
-0.000000000000000517
0.000000000000000510
0.000000000000000135
-0.000000000000000410
0.000000000000000062
0.000000000000000508
-0.000000000000000246
-0.000000000000000244
0.000000000000000503
-0.000000000000000119
0.000000000000000139
-0.000000000000000304
0.000000000000000066
0.000000000000000149
-0.000000000000000124
-0.000000000000000158
0.000000000000000232
-0.000000000000000139
0.000000000000000018
0.000000000000000319
-0.000000000000000274
-0.000000000000000207
0.000000000000000481
-0.000000000000000528
0.000000000000000041
0.000000000000000023
0.000000000000000028
0.000000000000000039
0.000000000000000008
-0.000000000000000046
-0.000000000000000041
0.000000000000000337
-0.000000000000000277
0.000000000000000032
-0.000000000000000261
0.000000000000000593
-0.000000000000000243
-0.000000000000000530
0.000000000000000429
0.000000000000000137
0.000000000000000007
-0.000000000000000270
-0.000000000000000161
0.000000000000000450
0.000000000000000051
-0.000000000000000628
0.000000000000000314
0.000000000000000173
-0.000000000000000151
0.000000000000000080
-0.000000000000000030
-0.000000000000000163
0.000000000000000460
-0.000000000000000122
-0.000000000000000175
-0.000000000000000116
0.000000000000000640
-0.000000000000000270
-0.000000000000000413
0.000000000000000630
-0.000000000000000434
-0.000000000000000232
0.000000000000000795
-0.000000000000000548
-0.000000000000000242
0.000000000000000582
0.000000000000000050
-0.000000000000000713
0.000000000000000388
-0.000000000000000105
-0.000000000000000125
-0.000000000000000105
0.000000000000000114
0.000000000000000006
-0.000000000000000095
0.000000000000000223
0.000000000000000113
-0.000000000000000540
0.000000000000000402
0.000000000000000241
-0.000000000000000430
0.000000000000000204
