-0.000000000000010
-0.000000000000021
-0.000000000000033
-0.000000000000047
-0.000000000000063
-0.000000000000081
-0.000000000000103
-0.000000000000130
-0.000000000000163
-0.000000000000204
-0.000000000000254
-0.000000000000313
-0.000000000000386
-0.000000000000476
-0.000000000000585
-0.000000000000717
-0.000000000000879
-0.000000000001076
-0.000000000001315
-0.000000000001608
-0.000000000001963
-0.000000000002395
-0.000000000002920
-0.000000000003558
-0.000000000004331
-0.000000000005269
-0.000000000006406
-0.000000000007782
-0.000000000009446
-0.000000000011458
-0.000000000013888
-0.000000000016822
-0.000000000020360
-0.000000000024626
-0.000000000029763
-0.000000000035946
-0.000000000043381
-0.000000000052318
-0.000000000063049
-0.000000000075927
-0.000000000091369
-0.000000000109872
-0.000000000132026
-0.000000000158533
-0.000000000190223
-0.000000000228082
-0.000000000273278
-0.000000000327190
-0.000000000391452
-0.000000000467994
-0.000000000559093
-0.000000000667436
-0.000000000796190
-0.000000000949086
-0.000000001130512
-0.000000001345627
-0.000000001600497
-0.000000001902239
-0.000000002259199
-0.000000002681162
-0.000000003179585
-0.000000003767872
-0.000000004461697
-0.000000005279366
-0.000000006242247
-0.000000007375258
-0.000000008707433
-0.000000010272579
-0.000000012110022
-0.000000014265472
-0.000000016792015
-0.000000019751247
-0.000000023214588
-0.000000027264772
-0.000000031997558
-0.000000037523693
-0.000000043971140
-0.000000051487637
-0.000000060243605
-0.000000070435460
-0.000000082289387
-0.000000096065631
-0.000000112063362
-0.000000130626205
-0.000000152148503
-0.000000177082408
-0.000000205945910
-0.000000239331901
-0.000000277918418
-0.000000322480185
-0.000000373901623
-0.000000433191497
-0.000000501499370
-0.000000580134104
-0.000000670584599
-0.000000774543048
-0.000000893930972
-0.000001030928334
-0.000001188006072
-0.000001367962402
-0.000001573963285
-0.000001809587493
-0.000002078876738
-0.000002386391360
-0.000002737272140
-0.000003137308815
-0.000003593015943
-0.000004111716808
-0.000004701636111
-0.000005372002233
-0.000006133159948
-0.000006996694473
-0.000007975567853
-0.000009084268708
-0.000010338976451
-0.000011757741144
-0.000013360680242
-0.000015170193497
-0.000017211197430
-0.000019511380783
-0.000022101482462
-0.000025015593532
-0.000028291484882
-0.000031970962244
-0.000036100250286
-0.000040730407551
-0.000045917774050
-0.000051724453324
-0.000058218830836
-0.000065476130532
-0.000073579011401
-0.000082618205854
-0.000092693201664
-0.000103912969173
-0.000116396735361
-0.000130274806271
-0.000145689439124
-0.000162795765309
-0.000181762765212
-0.000202774295610
-0.000226030170077
-0.000251747292542
-0.000280160843766
-0.000311525520098
-0.000346116823432
-0.000384232400764
-0.000426193431202
-0.000472346057668
-0.000523062859877
-0.000578744364446
-0.000639820587212
-0.000706752601998
-0.000780034129192
-0.000860193136527
-0.000947793443471
-0.001043436319569
-0.001147762065977
-0.001261451568267
-0.001385227807410
-0.001519857314584
-0.001666151554226
-0.001824968218455
-0.001997212414693
-0.002183837727035
-0.002385847130609
-0.002604293736931
-0.002840281347003
-0.003094964787727
-0.003369550006113
-0.003665293894678
-0.003983503820557
-0.004325536829973
-0.004692798499096
-0.005086741401751
-0.005508863164152
-0.005960704076683
-0.006443844232855
-0.006959900165935
-0.007510520954341
-0.008097383767854
-0.008722188827905
-0.009386653756810
-0.010092507292742
-0.010841482349559
-0.011635308403330
-0.012475703190535
-0.013364363706444
-0.014302956496195
-0.015293107235501
-0.016336389602801
-0.017434313449959
-0.018588312284378
-0.019799730081579
-0.021069807453842
-0.022399667207524
-0.023790299328960
-0.025242545446547
-0.026757082824556
-0.028334407952422
-0.029974819801657
-0.031678402831069
-0.033445009829588
-0.035274244694596
-0.037165445252226
-0.039117666234447
-0.041129662535931
-0.043199872881493
-0.045326404042274
-0.047507015745674
-0.049739106430291
-0.052019700002553
-0.054345433756375
-0.056712547620836
-0.059116874903484
-0.061553834698312
-0.064018426127617
-0.066505224585794
-0.069008380150422
-0.071521618321891
-0.074038243246959
-0.076551143574215
-0.079052801080198
-0.081535302193989
-0.083990352535316
-0.086409294566675
-0.088783128443599
-0.091102536129116
-0.093357908818554
-0.095539377699361
-0.097636848047521
-0.099640036637539
-0.101538512417110
-0.103321740370412
-0.104979128465820
-0.106500077554847
-0.107874034059424
-0.109090545254616
-0.110139316923572
-0.111010273131415
-0.111693617834929
-0.112179898015803
-0.112460067996966
-0.112525554574627
-0.112368322573192
-0.111980940406777
-0.111356645209636
-0.110489407078994
-0.109373991957683
-0.108006022670970
-0.106382037622294
-0.104499546646517
-0.102357083517064
-0.099954254605020
-0.097291783194258
-0.094371548966906
-0.091196622188224
-0.087771292139189
-0.084101089368878
-0.080192801367065
-0.076054481290231
-0.071695449411333
-0.067126287005072
-0.062358822425765
-0.057406109184105
-0.052282395881747
-0.047003087918418
-0.041584700944858
-0.036044806095760
-0.030401967099692
-0.024675669427191
-0.018886241703226
-0.013054769675668
-0.007203003096460
-0.001353255936496
0.004471699581961
0.010248744590760
0.015954530216512
0.021565598598886
0.027058507577988
0.032409958295680
0.037596924914050
0.042596785618066
0.047387454039163
0.051947510212607
0.056256330164278
0.060294213212322
0.064042506066287
0.067483722810912
0.070601659873980
0.073381505097499
0.075809940058986
0.077875234824689
0.079567334359021
0.080877935864047
0.081800556379270
0.082330590034790
0.082465354419740
0.082204125602174
0.081548161415731
0.080500712711838
0.079067022363148
0.077254311893717
0.075071755703288
0.072530442946175
0.069643327218818
0.066425164303281
0.062892438305973
0.059063276620800
0.054957354233079
0.050595787963950
0.046001021334075
0.041196700799247
0.036207544178587
0.031059202157556
0.025778113802538
0.020391357070729
0.014926495338064
0.009411420998562
0.003874197210508
-0.001657101121904
-0.007154546038587
-0.012590513797006
-0.017937839654477
-0.023169969107070
-0.028261104563777
-0.033186346473751
-0.037921827971401
-0.042444842158488
-0.046733961203622
-0.050769146507053
-0.054531849251811
-0.058005100740325
-0.061173591997934
-0.064023742210444
-0.066543755651233
-0.068723666843643
-0.070555373795571
-0.072032659234632
-0.073151199863032
-0.073908563740694
-0.074304195992398
-0.074339393118974
-0.074017266273303
-0.073342693938234
-0.072322264515140
-0.070964209397896
-0.069278327167335
-0.067275899595110
-0.064969600193143
-0.062373396085132
-0.059502444009680
-0.056372981290489
-0.053002212627471
-0.049408193573791
-0.045609711567652
-0.041626165384370
-0.037477443864032
-0.033183804753162
-0.028765754475592
-0.024243929618569
-0.019638980885389
-0.014971460226074
-0.010261711813223
-0.005529767481720
-0.000795247199064
0.003922734921825
0.008605658612730
0.013235679047638
0.017795701712374
0.022269450272023
0.026641527222857
0.030897467176044
0.035023782680101
0.039008002547214
0.042838702704922
0.046505529648636
0.049999216621823
0.053311592698952
0.056435584991312
0.059365214237166
0.062095584075303
0.064622864334708
0.066944268702578
0.069058027158310
0.070963353582258
0.072660408965047
0.074150260656014
0.075434838098135
0.076516885501546
0.077399911908737
0.078088139101815
0.078586447796112
0.078900322555064
0.079035795848955
0.078999391665067
0.078798069059295
0.078439166019552
0.077930343989758
0.077279533379984
0.076494880363840
0.075584695238608
0.074557402597343
0.073421493535327
0.072185480086207
0.070857852056131
0.069447036397359
0.067961359236477
0.066409010646655
0.064798012228488
0.063136187540114
0.061431135394524
0.059690206020526
0.057920480063681
0.056128750384887
0.054321506597106
0.052504922265158
0.050684844679510
0.048866787102594
0.047055923375423
0.045257084763083
0.043474758910050
0.041713090770193
0.039975885371656
0.038266612273614
0.036588411569977
0.034944101294459
0.033336186081985
0.031766866942974
0.030238052009656
0.028751368117066
0.027308173085642
0.025909568577337
0.024556413402763
0.023249337163008
0.021988754116292
0.020774877166502
0.019607731877799
0.018487170426755
0.017412885410927
0.016384423440157
0.015401198444324
0.014462504638549
0.013567529094014
0.012715363869542
0.011905017665747
0.011135426970101
0.010405466667325
0.009713960095400
0.009059688532922
0.008441400108662
0.007857818128898
0.007307648822469
0.006789588507450
0.006302330186936
0.005844569584653
0.005415010633935
0.005012370436088
0.004635383706321
0.004282806727199
0.003953420831073
0.003646035434121
0.003359490645557
0.003092659476172
0.002844449670828
0.002613805189657
0.002399707362705
0.002201175742597
0.002017268679362
0.001847083641115
0.001689757303613
0.001544465430977
0.001410422569032
0.001286881571801
0.001173132980750
0.001068504275326
0.000972359012307
0.000884095870416
0.000803147615555
0.000728980000958
0.000661090615480
0.000599007692179
0.000542288888336
0.000490520047031
0.000443313949449
0.000400309066154
0.000361168314651
0.000325577829764
0.000293245752510
0.000263901042419
0.000237292317556
0.000213186725813
0.000191368850466
0.000171639652402
0.000153815450934
0.000137726944631
0.000123218273170
0.000110146120846
0.000098378862014
0.000087795748458
0.000078286138372
0.000069748766453
0.000062091054366
0.000055228460688
0.000049083869272
0.000043587014877
0.000038673944794
0.000034286515122
0.000030371920304
0.000026882254468
0.000023774103129
0.000021008163756
0.000018548893741
0.000016364184296
0.000014425058840
0.000012705394453
0.000011181665025
0.000009832704733
0.000008639490580
0.000007584942715
0.000006653741351
0.000005832159121
0.000005107907789
0.000004469998257
0.000003908612897
0.000003414989270
0.000002981314346
0.000002600628405
0.000002266737842
0.000001974136142
0.000001717932357
0.000001493786443
0.000001297850879
0.000001126718000
0.000000977372573
0.000000847149108
0.000000733693509
0.000000634928630
0.000000549023411
0.000000474365214
0.000000409535085
0.000000353285647
0.000000304521358
0.000000262280912
0.000000225721566
0.000000194105185
0.000000166785848
0.000000143198842
0.000000122850892
0.000000105311522
0.000000090205387
0.000000077205515
0.000000066027321
0.000000056423339
0.000000048178566
0.000000041106376
0.000000035044911
0.000000029853922
0.000000025411995
0.000000021614104
0.000000018369490
0.000000015599780
0.000000013237368
0.000000011223978
0.000000009509423
0.000000008050520
0.000000006810144
0.000000005756406
0.000000004861940
0.000000004103278
0.000000003460315
0.000000002915841
0.000000002455138
0.000000002065627
0.000000001736569
0.000000001458802
0.000000001224518
0.000000001027067
0.000000000860789
0.000000000720876
0.000000000603238
0.000000000504409
0.000000000421446
0.000000000351858
0.000000000293533
0.000000000244689
0.000000000203815
0.000000000169639
0.000000000141085
0.000000000117247
0.000000000097363
0.000000000080788
0.000000000066984
0.000000000055496
0.000000000045943
0.000000000038005
0.000000000031415
0.000000000025948
0.000000000021415
0.000000000017661
0.000000000014554
0.000000000011984
0.000000000009861
0.000000000008107
0.000000000006660
0.000000000005468
0.000000000004485
0.000000000003676
0.000000000003011
0.000000000002465
0.000000000002015
0.000000000001647
0.000000000001345
0.000000000001097
0.000000000000895
0.000000000000729
0.000000000000593
0.000000000000483
0.000000000000393
0.000000000000319
0.000000000000258
0.000000000000209
0.000000000000170
0.000000000000138
0.000000000000111
0.000000000000090
0.000000000000073
0.000000000000059
0.000000000000048
0.000000000000038
0.000000000000031
0.000000000000025
0.000000000000020
0.000000000000016
0.000000000000013
0.000000000000010
0.000000000000008
0.000000000000007
0.000000000000005
0.000000000000004
0.000000000000003
0.000000000000003
0.000000000000002
0.000000000000002
0.000000000000001
0.000000000000001
0.000000000000001
0.000000000000001
0.000000000000001
0.000000000000000
0.000000000000000
0.000000000000000
0.000000000000000
0.000000000000000
-0.000000000000000
0.000000000000000
0.000000000000000
-0.000000000000000
-0.000000000000000
0.000000000000000
0.000000000000000
-0.000000000000000
-0.000000000000000
0.000000000000000
0.000000000000000
-0.000000000000000
-0.000000000000000
0.000000000000000
-0.000000000000000
-0.000000000000000
-0.000000000000000
-0.000000000000000
0.000000000000000
0.000000000000000
0.000000000000000
-0.000000000000000
0.000000000000000
0.000000000000000
-0.000000000000000
-0.000000000000000
-0.000000000000000
-0.000000000000000
0.000000000000000
-0.000000000000000
-0.000000000000000
0.000000000000000
0.000000000000000
0.000000000000000
-0.000000000000000
-0.000000000000000
0.000000000000000
0.000000000000000
0.000000000000000
0.000000000000000
-0.000000000000000
0.000000000000000
0.000000000000000
0.000000000000000
-0.000000000000000
-0.000000000000000
0.000000000000000
0.000000000000000
0.000000000000000
-0.000000000000000
-0.000000000000000
0.000000000000000
0.000000000000000
-0.000000000000000
-0.000000000000000
0.000000000000000
0.000000000000000
-0.000000000000000
-0.000000000000000
0.000000000000000
0.000000000000000
-0.000000000000000
-0.000000000000000
0.000000000000000
0.000000000000000
0.000000000000000
-0.000000000000000
-0.000000000000000
0.000000000000000
0.000000000000000
-0.000000000000000
-0.000000000000000
0.000000000000000
0.000000000000000
0.000000000000000
-0.000000000000000
-0.000000000000000
0.000000000000000
0.000000000000000
-0.000000000000000
-0.000000000000000
0.000000000000000
0.000000000000000
0.000000000000000
-0.000000000000000
-0.000000000000000
-0.000000000000000
0.000000000000000
0.000000000000000
-0.000000000000000
-0.000000000000000
-0.000000000000000
0.000000000000000
0.000000000000000
-0.000000000000000
-0.000000000000000
0.000000000000000
0.000000000000000
-0.000000000000000
-0.000000000000000
-0.000000000000000
0.000000000000000
0.000000000000000
-0.000000000000000
-0.000000000000000
0.000000000000000
0.000000000000000
-0.000000000000000
-0.000000000000000
0.000000000000000
0.000000000000000
0.000000000000000
-0.000000000000000
-0.000000000000000
-0.000000000000000
0.000000000000000
0.000000000000000
-0.000000000000000
-0.000000000000000
0.000000000000000
0.000000000000000
-0.000000000000000
-0.000000000000000
-0.000000000000000
0.000000000000000
0.000000000000000
0.000000000000000
-0.000000000000000
-0.000000000000000
0.000000000000000
0.000000000000000
0.000000000000000
-0.000000000000001
0.000000000000000
0.000000000000000
-0.000000000000000
-0.000000000000000
0.000000000000000
0.000000000000000
0.000000000000000
-0.000000000000000
-0.000000000000000
0.000000000000000
-0.000000000000000
0.000000000000000
0.000000000000000
-0.000000000000000
-0.000000000000000
0.000000000000000
0.000000000000000
-0.000000000000000
-0.000000000000000
0.000000000000000
0.000000000000000
-0.000000000000000
-0.000000000000000
0.000000000000000
0.000000000000000
-0.000000000000000
-0.000000000000000
0.000000000000000
0.000000000000000
-0.000000000000000
-0.000000000000000
0.000000000000000
-0.000000000000000
-0.000000000000000
-0.000000000000000
-0.000000000000000
0.000000000000000
-0.000000000000000
0.000000000000000
0.000000000000000
-0.000000000000000
0.000000000000000
-0.000000000000000
0.000000000000000
-0.000000000000000
0.000000000000000
-0.000000000000000
0.000000000000000
-0.000000000000000
-0.000000000000000
0.000000000000000
0.000000000000000
-0.000000000000000
-0.000000000000000
0.000000000000000
0.000000000000000
-0.000000000000000
-0.000000000000000
0.000000000000000
0.000000000000000
0.000000000000000
-0.000000000000000
-0.000000000000000
0.000000000000000
0.000000000000000
-0.000000000000000
-0.000000000000000
0.000000000000000
0.000000000000000
-0.000000000000000
-0.000000000000000
-0.000000000000000
0.000000000000000
-0.000000000000000
-0.000000000000000
-0.000000000000000
0.000000000000000
0.000000000000000
-0.000000000000000
-0.000000000000000
0.000000000000000
0.000000000000000
-0.000000000000000
-0.000000000000000
-0.000000000000000
0.000000000000000
0.000000000000000
-0.000000000000000
-0.000000000000000
0.000000000000000
-0.000000000000000
-0.000000000000000
-0.000000000000000
-0.000000000000000
0.000000000000000
-0.000000000000000
-0.000000000000000
0.000000000000000
-0.000000000000000
-0.000000000000000
0.000000000000000
0.000000000000000
-0.000000000000000
0.000000000000000
0.000000000000000
0.000000000000000
-0.000000000000000
0.000000000000000
0.000000000000000
0.000000000000000
-0.000000000000000
0.000000000000000
0.000000000000000
0.000000000000000
-0.000000000000000
-0.000000000000000
0.000000000000000
0.000000000000000
-0.000000000000000
-0.000000000000000
0.000000000000000
0.000000000000000
0.000000000000000
-0.000000000000000
-0.000000000000000
0.000000000000000
0.000000000000000
-0.000000000000000
-0.000000000000000
0.000000000000000
-0.000000000000000
-0.000000000000000
0.000000000000000
-0.000000000000000
-0.000000000000000
0.000000000000000
-0.000000000000000
0.000000000000000
-0.000000000000000
-0.000000000000000
0.000000000000000
-0.000000000000000
-0.000000000000000
-0.000000000000000
-0.000000000000000
0.000000000000000
-0.000000000000000
-0.000000000000000
-0.000000000000000
0.000000000000000
0.000000000000000
-0.000000000000000
-0.000000000000000
0.000000000000000
0.000000000000000
-0.000000000000000
-0.000000000000000
0.000000000000000
0.000000000000000
0.000000000000000
-0.000000000000000
-0.000000000000000
0.000000000000000
0.000000000000000
-0.000000000000000
-0.000000000000000
-0.000000000000000
0.000000000000000
0.000000000000000
-0.000000000000000
-0.000000000000000
0.000000000000000
-0.000000000000000
-0.000000000000000
-0.000000000000000
0.000000000000000
-0.000000000000000
-0.000000000000000
0.000000000000000
0.000000000000000
-0.000000000000000
0.000000000000000
0.000000000000000
-0.000000000000000
0.000000000000000
0.000000000000000
-0.000000000000000
-0.000000000000000
0.000000000000000
0.000000000000000
-0.000000000000000
-0.000000000000000
0.000000000000000
0.000000000000000
-0.000000000000000
-0.000000000000000
0.000000000000000
0.000000000000000
-0.000000000000000
-0.000000000000000
-0.000000000000000
0.000000000000000
0.000000000000000
-0.000000000000000
-0.000000000000000
0.000000000000000
0.000000000000000
-0.000000000000000
-0.000000000000000
0.000000000000000
0.000000000000000
-0.000000000000000
-0.000000000000000
0.000000000000000
0.000000000000000
0.000000000000000
-0.000000000000000
0.000000000000000
0.000000000000000
-0.000000000000000
-0.000000000000000
0.000000000000000
0.000000000000000
-0.000000000000000
-0.000000000000000
0.000000000000000
0.000000000000000
0.000000000000000
-0.000000000000000
-0.000000000000000
0.000000000000000
0.000000000000000
0.000000000000000
-0.000000000000000
0.000000000000000
-0.000000000000000
0.000000000000000
-0.000000000000000
-0.000000000000000
0.000000000000000
0.000000000000000
-0.000000000000000
0.000000000000000
-0.000000000000000
-0.000000000000000
-0.000000000000000
0.000000000000000
0.000000000000000
-0.000000000000000
-0.000000000000000
0.000000000000000
0.000000000000000
-0.000000000000000
-0.000000000000000
0.000000000000000
0.000000000000000
-0.000000000000000
0.000000000000000
-0.000000000000000
0.000000000000000
0.000000000000000
-0.000000000000000
-0.000000000000000
0.000000000000000
0.000000000000000
-0.000000000000000
-0.000000000000000
0.000000000000000
-0.000000000000000
-0.000000000000000
0.000000000000000
-0.000000000000000
-0.000000000000000
0.000000000000000
-0.000000000000000
-0.000000000000000
0.000000000000000
0.000000000000000
-0.000000000000000
-0.000000000000000
-0.000000000000000
0.000000000000000
0.000000000000000
-0.000000000000000
-0.000000000000000
0.000000000000001
0.000000000000000
-0.000000000000001
0.000000000000000
0.000000000000000
0.000000000000000
-0.000000000000000
-0.000000000000000
0.000000000000000
0.000000000000000
-0.000000000000000
-0.000000000000000
0.000000000000000
0.000000000000001
-0.000000000000000
-0.000000000000000
0.000000000000000
0.000000000000000
0.000000000000000
-0.000000000000000
-0.000000000000000
0.000000000000000
0.000000000000000
-0.000000000000000
-0.000000000000000
-0.000000000000000
0.000000000000000
0.000000000000000
-0.000000000000000
-0.000000000000000
0.000000000000000
0.000000000000000
-0.000000000000000
0.000000000000000
0.000000000000000
0.000000000000000
-0.000000000000000
0.000000000000000
0.000000000000000
-0.000000000000000
-0.000000000000000
0.000000000000000
0.000000000000000
-0.000000000000000
-0.000000000000000
0.000000000000000
0.000000000000000
-0.000000000000000
-0.000000000000000
0.000000000000000
0.000000000000000
-0.000000000000000
0.000000000000000
0.000000000000000
0.000000000000000
-0.000000000000000
0.000000000000000
-0.000000000000000
-0.000000000000000
0.000000000000000
0.000000000000000
-0.000000000000000
0.000000000000000
0.000000000000000
0.000000000000000
-0.000000000000000
-0.000000000000000
0.000000000000001
-0.000000000000000
-0.000000000000000
-0.000000000000000
0.000000000000000
-0.000000000000000
-0.000000000000000
-0.000000000000000
-0.000000000000000
0.000000000000000
-0.000000000000000
0.000000000000000
-0.000000000000000
0.000000000000000
0.000000000000000
-0.000000000000000
0.000000000000000
-0.000000000000000
-0.000000000000000
0.000000000000000
0.000000000000000
-0.000000000000000
-0.000000000000000
0.000000000000000
-0.000000000000000
0.000000000000000
0.000000000000000
-0.000000000000000
-0.000000000000000
0.000000000000000
0.000000000000000
-0.000000000000000
-0.000000000000000
