-0.000000000000000
-0.000000000000001
-0.000000000000001
-0.000000000000002
-0.000000000000002
-0.000000000000003
-0.000000000000003
-0.000000000000004
-0.000000000000006
-0.000000000000007
-0.000000000000008
-0.000000000000009
-0.000000000000010
-0.000000000000013
-0.000000000000015
-0.000000000000017
-0.000000000000020
-0.000000000000023
-0.000000000000029
-0.000000000000034
-0.000000000000042
-0.000000000000050
-0.000000000000061
-0.000000000000074
-0.000000000000089
-0.000000000000109
-0.000000000000133
-0.000000000000163
-0.000000000000199
-0.000000000000243
-0.000000000000297
-0.000000000000362
-0.000000000000441
-0.000000000000537
-0.000000000000654
-0.000000000000795
-0.000000000000966
-0.000000000001174
-0.000000000001425
-0.000000000001728
-0.000000000002094
-0.000000000002535
-0.000000000003068
-0.000000000003710
-0.000000000004484
-0.000000000005415
-0.000000000006535
-0.000000000007881
-0.000000000009499
-0.000000000011442
-0.000000000013772
-0.000000000016565
-0.000000000019912
-0.000000000023918
-0.000000000028712
-0.000000000034442
-0.000000000041288
-0.000000000049459
-0.000000000059206
-0.000000000070823
-0.000000000084661
-0.000000000101131
-0.000000000120719
-0.000000000144000
-0.000000000171648
-0.000000000204459
-0.000000000243369
-0.000000000289478
-0.000000000344079
-0.000000000408687
-0.000000000485081
-0.000000000575344
-0.000000000681917
-0.000000000807655
-0.000000000955895
-0.000000001130534
-0.000000001336125
-0.000000001577975
-0.000000001862268
-0.000000002196208
-0.000000002588175
-0.000000003047912
-0.000000003586739
-0.000000004217795
-0.000000004956320
-0.000000005819977
-0.000000006829219
-0.000000008007713
-0.000000009382820
-0.000000010986151
-0.000000012854195
-0.000000015029036
-0.000000017559178
-0.000000020500473
-0.000000023917181
-0.000000027883186
-0.000000032483356
-0.000000037815106
-0.000000043990158
-0.000000051136536
-0.000000059400829
-0.000000068950744
-0.000000079977988
-0.000000092701530
-0.000000107371262
-0.000000124272141
-0.000000143728831
-0.000000166110937
-0.000000191838871
-0.000000221390444
-0.000000255308242
-0.000000294207904
-0.000000338787359
-0.000000389837173
-0.000000448252082
-0.000000515043872
-0.000000591355718
-0.000000678478156
-0.000000777866838
-0.000000891162258
-0.000001020211650
-0.000001167093253
-0.000001334143200
-0.000001523985253
-0.000001739563680
-0.000001984179536
-0.000002261530694
-0.000002575755934
-0.000002931483470
-0.000003333884293
-0.000003788730744
-0.000004302460770
-0.000004882248320
-0.000005536080391
-0.000006272841254
-0.000007102404424
-0.000008035732962
-0.000009084988756
-0.000010263651415
-0.000011586647496
-0.000013070490763
-0.000014733434269
-0.000016595635011
-0.000018679332008
-0.000021009038632
-0.000023611750074
-0.000026517166835
-0.000029757935168
-0.000033369905394
-0.000037392409060
-0.000041868555868
-0.000046845551371
-0.000052375036354
-0.000058513448882
-0.000065322409915
-0.000072869133416
-0.000081226861798
-0.000090475327554
-0.000100701241808
-0.000111998810503
-0.000124470278822
-0.000138226504362
-0.000153387559466
-0.000170083362978
-0.000188454341562
-0.000208652120541
-0.000230840244038
-0.000255194924011
-0.000281905817544
-0.000311176831487
-0.000343226953334
-0.000378291106877
-0.000416621030907
-0.000458486178882
-0.000504174637142
-0.000553994058852
-0.000608272610489
-0.000667359927233
-0.000731628073207
-0.000801472502047
-0.000877313012798
-0.000959594695638
-0.001048788861435
-0.001145393948620
-0.001249936400301
-0.001362971504069
-0.001485084186337
-0.001616889752565
-0.001759034564186
-0.001912196642492
-0.002077086189275
-0.002254446013504
-0.002445051852857
-0.002649712578497
-0.002869270271092
-0.003104600155725
-0.003356610383020
-0.003626241643607
-0.003914466602824
-0.004222289142481
-0.004550743396462
-0.004900892567015
-0.005273827508708
-0.005670665067316
-0.006092546161219
-0.006540633593405
-0.007016109582739
-0.007520173003894
-0.008054036326181
-0.008618922242509
-0.009216059980826
-0.009846681291667
-0.010512016106858
-0.011213287865958
-0.011951708508768
-0.012728473134044
-0.013544754326592
-0.014401696157003
-0.015300407860615
-0.016241957204612
-0.017227363554748
-0.018257590655746
-0.019333539142183
-0.020456038799443
-0.021625840597204
-0.022843608520840
-0.024109911229076
-0.025425213569203
-0.026789867984144
-0.028204105848557
-0.029668028774107
-0.031181599926778
-0.032744635401872
-0.034356795704860
-0.036017577388711
-0.037726304900542
-0.039482122692460
-0.041283987653253
-0.043130661919102
-0.045020706122699
-0.046952473141071
-0.048924102402940
-0.050933514816632
-0.052978408379344
-0.055056254527940
-0.057164295290362
-0.059299541295258
-0.061458770695430
-0.063638529058263
-0.065835130273358
-0.068044658524179
-0.070262971366638
-0.072485703953138
-0.074708274435784
-0.076925890577136
-0.079133557591149
-0.081326087230782
-0.083498108132187
-0.085644077418484
-0.087758293558861
-0.089834910471213
-0.091867952848722
-0.093851332682813
-0.095778866946759
-0.097644296395979
-0.099441305432775
-0.101163542975007
-0.102804644260002
-0.104358253506950
-0.105818047353198
-0.107177758972292
-0.108431202774363
-0.109572299582623
-0.110595102173386
-0.111493821061140
-0.112262850404990
-0.112896793908122
-0.113390490578059
-0.113739040212300
-0.113937828471544
-0.113982551401179
-0.113869239261015
-0.113594279523511
-0.113154438901832
-0.112546884271240
-0.111769202350251
-0.110819418012090
-0.109696011101777
-0.108397931640145
-0.106924613302758
-0.105275985069394
-0.103452480948215
-0.101455047688016
-0.099285150402002
-0.096944776037215
-0.094436434635097
-0.091763158340533
-0.088928498129123
-0.085936518235130
-0.082791788275657
-0.079499373079862
-0.076064820245416
-0.072494145457853
-0.068793815621808
-0.064970729866337
-0.061032198499438
-0.056985919999479
-0.052839956143325
-0.048602705382551
-0.044282874590071
-0.039889449309699
-0.035431662650622
-0.030918962977293
-0.026360980552887
-0.021767493301079
-0.017148391856502
-0.012513644078708
-0.007873259207851
-0.003237251842504
0.001384394078914
0.005981761111748
0.010545033773721
0.015064533470953
0.019530752707414
0.023934388408544
0.028266374195589
0.032517911454006
0.036680499047100
0.040745961534797
0.044706475766987
0.048554595731237
0.052283275545689
0.055885890499607
0.059356256056186
0.062688644744824
0.065877800882969
0.068918953080819
0.071807824495411
0.074540640814011
0.077114135959950
0.079525555527220
0.081772657963003
0.083853713529893
0.085767501091699
0.087513302778385
0.089090896596800
0.090500547064289
0.091742993952036
0.092819439234012
0.093731532345568
0.094481353863088
0.095071397722607
0.095504552100825
0.095784079086663
0.095913593275158
0.095897039418320
0.095738669269384
0.095443017757849
0.095014878632670
0.094459279710149
0.093781457861329
0.092986833871199
0.092080987298714
0.091069631462602
0.089958588673299
0.088753765825969
0.087461130463767
0.086086687414118
0.084636456093960
0.083116448572749
0.081532648474528
0.079890990792617
0.078197342682572
0.076457485291027
0.074677096669928
0.072861735817556
0.071016827879755
0.069147650536783
0.067259321593487
0.065356787782961
0.063444814786511
0.061527978465799
0.059610657296347
0.057697025985299
0.055791050250433
0.053896482731920
0.052016860003290
0.050155500643453
0.048315504327509
0.046499751890379
0.044710906314147
0.042951414587216
0.041223510381180
0.039529217489494
0.037870353970661
0.036248536937755
0.034665187935616
0.033121538846890
0.031618638268443
0.030157358300244
0.028738401689794
0.027362309276463
0.026029467681600
0.024740117192105
0.023494359787162
0.022292167260044
0.021133389389301
0.020017762116134
0.018944915687462
0.017914382726848
0.016925606198323
0.015977947230932
0.015070692774734
0.014203063061789
0.013374218848585
0.012583268419060
0.011829274330208
0.011111259884844
0.010428215318748
0.009779103691869
0.009162866475629
0.008578428830654
0.008024704571381
0.007500600815994
0.007005022321998
0.006536875509502
0.006095072175818
0.005678532906490
0.005286190189124
0.004916991237598
0.004569900535220
0.004243902106347
0.003938001526714
0.003651227683365
0.003382634295639
0.003131301209031
0.002896335474085
0.002676872222660
0.002472075354046
0.002281138043394
0.002103283084902
0.001937763082062
0.001783860497054
0.001640887571160
0.001508186127727
0.001385127268887
0.001271110976832
0.001165565630025
0.001067947444281
0.000977739848179
0.000894452801768
0.000817622067047
0.000746808438170
0.000681596938845
0.000621595993850
0.000566436581124
0.000515771370357
0.000469273853540
0.000426637472458
0.000387574747618
0.000351816412720
0.000319110558279
0.000289221787668
0.000261930388413
0.000237031521228
0.000214334428926
0.000193661667029
0.000174848357576
0.000157741467362
0.000142199111580
0.000128089883586
0.000115292211310
0.000103693740610
0.000093190745709
0.000083687566671
0.000075096073752
0.000067335158302
0.000060330249820
0.000054012858621
0.000048320143532
0.000043194503942
0.000038583195457
0.000034437968403
0.000030714728348
0.000027373217783
0.000024376718125
0.000021691771127
0.000019287918833
0.000017137461187
0.000015215230408
0.000013498381264
0.000011966196398
0.000010599905858
0.000009382520027
0.000008298675136
0.000007334490629
0.000006477437612
0.000005716217686
0.000005040651478
0.000004441576228
0.000003910751802
0.000003440774536
0.000003024998371
0.000002657462723
0.000002332826610
0.000002046308538
0.000001793631740
0.000001570974309
0.000001374923866
0.000001202436385
0.000001050798834
0.000000917595322
0.000000800676450
0.000000698131592
0.000000608263864
0.000000529567525
0.000000460707611
0.000000400501599
0.000000347902905
0.000000301986062
0.000000261933404
0.000000227023140
0.000000196618653
0.000000170158936
0.000000147150031
0.000000127157390
0.000000109799054
0.000000094739575
0.000000081684602
0.000000070376067
0.000000060587901
0.000000052122235
0.000000044806028
0.000000038488079
0.000000033036384
0.000000028335790
0.000000024285932
0.000000020799406
0.000000017800160
0.000000015222071
0.000000013007701
0.000000011107195
0.000000009477315
0.000000008080597
0.000000006884602
0.000000005861268
0.000000004986338
0.000000004238862
0.000000003600762
0.000000003056450
0.000000002592494
0.000000002197333
0.000000001861024
0.000000001575019
0.000000001331980
0.000000001125609
0.000000000950507
0.000000000802050
0.000000000676279
0.000000000569808
0.000000000479744
0.000000000403616
0.000000000339318
0.000000000285051
0.000000000239286
0.000000000200720
0.000000000168245
0.000000000140920
0.000000000117946
0.000000000098644
0.000000000082440
0.000000000068847
0.000000000057453
0.000000000047909
0.000000000039921
0.000000000033240
0.000000000027657
0.000000000022994
0.000000000019104
0.000000000015860
0.000000000013157
0.000000000010907
0.000000000009035
0.000000000007479
0.000000000006186
0.000000000005113
0.000000000004223
0.000000000003485
0.000000000002874
0.000000000002368
0.000000000001951
0.000000000001605
0.000000000001319
0.000000000001084
0.000000000000890
0.000000000000731
0.000000000000599
0.000000000000490
0.000000000000402
0.000000000000329
0.000000000000269
0.000000000000219
0.000000000000179
0.000000000000146
0.000000000000119
0.000000000000097
0.000000000000079
0.000000000000064
0.000000000000052
0.000000000000042
0.000000000000034
0.000000000000028
0.000000000000022
0.000000000000019
0.000000000000015
0.000000000000012
0.000000000000010
0.000000000000008
0.000000000000006
0.000000000000005
0.000000000000004
0.000000000000003
0.000000000000003
0.000000000000002
0.000000000000002
0.000000000000001
0.000000000000001
0.000000000000001
0.000000000000001
0.000000000000000
0.000000000000000
0.000000000000001
0.000000000000000
0.000000000000000
0.000000000000000
0.000000000000000
0.000000000000000
-0.000000000000000
-0.000000000000000
0.000000000000000
0.000000000000000
0.000000000000000
-0.000000000000000
-0.000000000000000
-0.000000000000000
0.000000000000000
0.000000000000000
-0.000000000000000
-0.000000000000000
0.000000000000000
0.000000000000001
-0.000000000000000
-0.000000000000000
0.000000000000000
0.000000000000000
0.000000000000000
-0.000000000000000
-0.000000000000000
0.000000000000000
0.000000000000000
-0.000000000000000
-0.000000000000000
-0.000000000000000
0.000000000000000
0.000000000000000
-0.000000000000000
-0.000000000000000
0.000000000000000
0.000000000000000
0.000000000000000
-0.000000000000000
-0.000000000000000
0.000000000000000
0.000000000000000
-0.000000000000000
-0.000000000000000
0.000000000000000
0.000000000000000
-0.000000000000000
0.000000000000000
-0.000000000000000
0.000000000000000
0.000000000000000
-0.000000000000000
-0.000000000000000
-0.000000000000000
0.000000000000000
0.000000000000000
-0.000000000000000
0.000000000000000
0.000000000000000
0.000000000000000
0.000000000000000
-0.000000000000000
0.000000000000000
0.000000000000000
-0.000000000000000
0.000000000000000
-0.000000000000000
0.000000000000000
0.000000000000000
-0.000000000000000
0.000000000000000
0.000000000000000
-0.000000000000000
0.000000000000000
-0.000000000000000
0.000000000000000
0.000000000000000
-0.000000000000000
0.000000000000000
0.000000000000000
0.000000000000000
-0.000000000000000
0.000000000000000
-0.000000000000000
-0.000000000000000
-0.000000000000000
0.000000000000000
0.000000000000000
-0.000000000000000
-0.000000000000000
-0.000000000000000
0.000000000000000
-0.000000000000000
-0.000000000000000
0.000000000000000
0.000000000000000
-0.000000000000000
-0.000000000000000
0.000000000000000
-0.000000000000000
-0.000000000000000
-0.000000000000000
0.000000000000000
0.000000000000000
-0.000000000000000
-0.000000000000000
0.000000000000000
0.000000000000000
-0.000000000000000
-0.000000000000000
0.000000000000000
0.000000000000000
0.000000000000000
-0.000000000000000
-0.000000000000000
0.000000000000000
0.000000000000000
-0.000000000000000
-0.000000000000000
0.000000000000000
0.000000000000000
-0.000000000000000
-0.000000000000000
0.000000000000000
0.000000000000000
-0.000000000000000
0.000000000000000
-0.000000000000000
0.000000000000000
-0.000000000000000
0.000000000000000
0.000000000000000
-0.000000000000000
0.000000000000000
0.000000000000000
-0.000000000000000
0.000000000000000
-0.000000000000000
0.000000000000000
-0.000000000000000
-0.000000000000000
-0.000000000000000
0.000000000000000
-0.000000000000000
-0.000000000000000
0.000000000000000
0.000000000000000
-0.000000000000000
-0.000000000000000
0.000000000000000
0.000000000000000
-0.000000000000000
-0.000000000000000
0.000000000000000
0.000000000000000
0.000000000000000
-0.000000000000000
0.000000000000000
0.000000000000000
0.000000000000000
-0.000000000000000
-0.000000000000000
0.000000000000000
0.000000000000000
-0.000000000000000
-0.000000000000000
0.000000000000000
0.000000000000000
0.000000000000000
-0.000000000000001
0.000000000000000
0.000000000000000
-0.000000000000000
-0.000000000000000
-0.000000000000000
0.000000000000000
0.000000000000000
-0.000000000000000
-0.000000000000000
0.000000000000000
0.000000000000000
-0.000000000000000
-0.000000000000000
0.000000000000000
0.000000000000000
0.000000000000000
-0.000000000000000
0.000000000000000
-0.000000000000000
0.000000000000000
-0.000000000000000
-0.000000000000000
-0.000000000000000
0.000000000000000
0.000000000000000
0.000000000000000
-0.000000000000000
0.000000000000000
0.000000000000000
-0.000000000000000
-0.000000000000000
0.000000000000000
-0.000000000000000
-0.000000000000000
-0.000000000000000
0.000000000000000
0.000000000000000
-0.000000000000000
-0.000000000000000
0.000000000000000
-0.000000000000000
0.000000000000000
-0.000000000000000
0.000000000000000
-0.000000000000000
-0.000000000000000
0.000000000000000
-0.000000000000000
-0.000000000000000
0.000000000000000
0.000000000000000
-0.000000000000000
0.000000000000000
-0.000000000000000
-0.000000000000000
0.000000000000000
-0.000000000000000
-0.000000000000000
-0.000000000000000
0.000000000000000
0.000000000000000
-0.000000000000000
-0.000000000000000
0.000000000000000
0.000000000000000
-0.000000000000000
-0.000000000000000
-0.000000000000000
0.000000000000000
0.000000000000000
-0.000000000000000
0.000000000000000
0.000000000000000
0.000000000000000
-0.000000000000000
-0.000000000000000
0.000000000000000
0.000000000000000
-0.000000000000000
-0.000000000000000
0.000000000000000
0.000000000000000
-0.000000000000000
-0.000000000000000
0.000000000000000
0.000000000000000
-0.000000000000000
0.000000000000000
-0.000000000000000
-0.000000000000000
0.000000000000000
0.000000000000000
-0.000000000000000
-0.000000000000000
0.000000000000000
0.000000000000000
-0.000000000000000
-0.000000000000000
0.000000000000000
0.000000000000000
-0.000000000000000
-0.000000000000000
-0.000000000000000
0.000000000000000
0.000000000000000
-0.000000000000000
-0.000000000000000
0.000000000000000
-0.000000000000000
-0.000000000000000
0.000000000000000
0.000000000000000
-0.000000000000000
0.000000000000000
-0.000000000000000
-0.000000000000000
0.000000000000000
0.000000000000000
-0.000000000000000
-0.000000000000000
0.000000000000000
0.000000000000000
0.000000000000000
-0.000000000000000
0.000000000000000
0.000000000000000
-0.000000000000000
-0.000000000000000
-0.000000000000000
-0.000000000000000
0.000000000000000
0.000000000000000
-0.000000000000000
-0.000000000000000
0.000000000000000
0.000000000000000
0.000000000000000
-0.000000000000000
-0.000000000000000
0.000000000000000
-0.000000000000000
-0.000000000000000
-0.000000000000000
0.000000000000000
-0.000000000000000
-0.000000000000000
0.000000000000000
-0.000000000000000
0.000000000000000
0.000000000000000
-0.000000000000000
0.000000000000000
-0.000000000000000
0.000000000000000
0.000000000000000
0.000000000000000
0.000000000000000
0.000000000000000
-0.000000000000000
0.000000000000000
0.000000000000000
0.000000000000000
-0.000000000000000
-0.000000000000000
0.000000000000000
-0.000000000000000
-0.000000000000000
0.000000000000000
0.000000000000000
-0.000000000000000
-0.000000000000000
0.000000000000000
0.000000000000000
0.000000000000000
-0.000000000000000
0.000000000000000
0.000000000000000
0.000000000000000
-0.000000000000000
0.000000000000000
0.000000000000000
-0.000000000000000
-0.000000000000000
0.000000000000000
0.000000000000000
-0.000000000000000
-0.000000000000000
0.000000000000000
0.000000000000000
-0.000000000000000
0.000000000000000
0.000000000000000
0.000000000000000
0.000000000000000
-0.000000000000000
0.000000000000000
0.000000000000000
-0.000000000000000
-0.000000000000000
0.000000000000000
0.000000000000000
-0.000000000000000
0.000000000000000
0.000000000000000
-0.000000000000000
-0.000000000000000
0.000000000000000
0.000000000000000
-0.000000000000000
0.000000000000000
-0.000000000000000
0.000000000000000
-0.000000000000000
-0.000000000000000
-0.000000000000000
0.000000000000000
0.000000000000000
-0.000000000000000
-0.000000000000000
-0.000000000000000
0.000000000000000
-0.000000000000000
-0.000000000000000
0.000000000000000
0.000000000000000
-0.000000000000000
-0.000000000000000
0.000000000000000
0.000000000000000
-0.000000000000000
-0.000000000000000
-0.000000000000000
0.000000000000000
0.000000000000000
-0.000000000000000
0.000000000000000
-0.000000000000000
-0.000000000000000
0.000000000000000
0.000000000000000
0.000000000000000
-0.000000000000000
0.000000000000000
0.000000000000000
0.000000000000000
-0.000000000000000
-0.000000000000000
0.000000000000000
0.000000000000000
-0.000000000000000
-0.000000000000000
0.000000000000000
0.000000000000000
-0.000000000000000
-0.000000000000000
0.000000000000000
0.000000000000000
-0.000000000000000
0.000000000000000
-0.000000000000000
0.000000000000000
0.000000000000000
-0.000000000000000
-0.000000000000000
-0.000000000000000
0.000000000000000
0.000000000000000
-0.000000000000000
-0.000000000000000
0.000000000000000
0.000000000000000
-0.000000000000000
-0.000000000000000
0.000000000000000
0.000000000000000
-0.000000000000000
0.000000000000000
0.000000000000000
-0.000000000000000
0.000000000000000
-0.000000000000000
-0.000000000000000
0.000000000000000
-0.000000000000000
0.000000000000000
0.000000000000000
-0.000000000000000
0.000000000000000
-0.000000000000000
0.000000000000000
-0.000000000000000
0.000000000000000
-0.000000000000000
-0.000000000000000
0.000000000000000
0.000000000000000
-0.000000000000000
-0.000000000000000
0.000000000000000
0.000000000000000
-0.000000000000000
0.000000000000000
-0.000000000000000
0.000000000000000
-0.000000000000000
-0.000000000000000
0.000000000000000
-0.000000000000000
0.000000000000000
0.000000000000000
-0.000000000000000
-0.000000000000000
0.000000000000000
0.000000000000000
-0.000000000000000
-0.000000000000000
0.000000000000000
-0.000000000000000
-0.000000000000000
-0.000000000000000
0.000000000000000
0.000000000000000
-0.000000000000000
-0.000000000000000
0.000000000000000
0.000000000000000
0.000000000000000
0.000000000000000
-0.000000000000000
0.000000000000000
0.000000000000000
-0.000000000000000
-0.000000000000000
0.000000000000000
0.000000000000000
0.000000000000000
-0.000000000000000
0.000000000000000
0.000000000000000
-0.000000000000000
0.000000000000000
-0.000000000000000
0.000000000000000
-0.000000000000000
-0.000000000000000
0.000000000000000
0.000000000000000
-0.000000000000000
0.000000000000000
-0.000000000000000
0.000000000000000
0.000000000000000
-0.000000000000000
0.000000000000000
0.000000000000000
0.000000000000000
-0.000000000000000
-0.000000000000000
0.000000000000000
-0.000000000000000
-0.000000000000000
0.000000000000000
0.000000000000000
-0.000000000000000
-0.000000000000000
-0.000000000000000
0.000000000000000
-0.000000000000000
0.000000000000000
