-0.000000165044002
-0.000000336395948
-0.000000504389876
-0.000000669733319
-0.000000833769668
-0.000000997809452
-0.000001163097910
-0.000001330825765
-0.000001502141674
-0.000001678163645
-0.000001859989415
-0.000002048705928
-0.000002245398067
-0.000002451156756
-0.000002667086561
-0.000002894312845
-0.000003133988606
-0.000003387301036
-0.000003655477882
-0.000003939793662
-0.000004241575785
-0.000004562210629
-0.000004903149598
-0.000005265915222
-0.000005652107314
-0.000006063409224
-0.000006501594217
-0.000006968532001
-0.000007466195432
-0.000007996667420
-0.000008562148057
-0.000009164961991
-0.000009807566061
-0.000010492557225
-0.000011222680785
-0.000012000838943
-0.000012830099694
-0.000013713706087
-0.000014655085859
-0.000015657861466
-0.000016725860536
-0.000017863126748
-0.000019073931163
-0.000020362784021
-0.000021734447025
-0.000023193946126
-0.000024746584822
-0.000026397958001
-0.000028153966330
-0.000030020831217
-0.000032005110354
-0.000034113713870
-0.000036353921094
-0.000038733397960
-0.000041260215057
-0.000043942866341
-0.000046790288543
-0.000049811881249
-0.000053017527709
-0.000056417616357
-0.000060023063070
-0.000063845334179
-0.000067896470229
-0.000072189110521
-0.000076736518424
-0.000081552607487
-0.000086651968337
-0.000092049896389
-0.000097762420364
-0.000103806331617
-0.000110199214289
-0.000116959476277
-0.000124106381014
-0.000131660080079
-0.000139641646612
-0.000148073109544
-0.000156977488617
-0.000166378830213
-0.000176302243946
-0.000186773940031
-0.000197821267401
-0.000209472752551
-0.000221758139098
-0.000234708428019
-0.000248355918553
-0.000262734249729
-0.000277878442483
-0.000293824942338
-0.000310611662600
-0.000328278028030
-0.000346865018932
-0.000366415215635
-0.000386972843278
-0.000408583816872
-0.000431295786553
-0.000455158182970
-0.000480222262745
-0.000506541153901
-0.000534169901222
-0.000563165511419
-0.000593586998041
-0.000625495426032
-0.000658953955822
-0.000694027886881
-0.000730784700592
-0.000769294102367
-0.000809628062861
-0.000851860858182
-0.000896069108972
-0.000942331818216
-0.000990730407655
-0.001041348752668
-0.001094273215468
-0.001149592676479
-0.001207398563728
-0.001267784880113
-0.001330848228371
-0.001396687833600
-0.001465405563150
-0.001537105943735
-0.001611896175575
-0.001689886143400
-0.001771188424139
-0.001855918291112
-0.001944193714536
-0.002036135358177
-0.002131866571945
-0.002231513380252
-0.002335204465952
-0.002443071149665
-0.002555247364305
-0.002671869624626
-0.002793076991590
-0.002919011031395
-0.003049815768955
-0.003185637635670
-0.003326625411310
-0.003472930159831
-0.003624705158968
-0.003782105823429
-0.003945289621543
-0.004114415985211
-0.004289646213002
-0.004471143366276
-0.004659072158194
-0.004853598835495
-0.005054891052928
-0.005263117740253
-0.005478448961693
-0.005701055767790
-0.005931110039568
-0.006168784324981
-0.006414251667574
-0.006667685427353
-0.006929259093842
-0.007199146091334
-0.007477519576354
-0.007764552227372
-0.008060416026823
-0.008365282035490
-0.008679320159363
-0.009002698909061
-0.009335585151956
-0.009678143857147
-0.010030537833442
-0.010392927460550
-0.010765470413677
-0.011148321381775
-0.011541631779674
-0.011945549454391
-0.012360218385898
-0.012785778382679
-0.013222364772395
-0.013670108088051
-0.014129133750016
-0.014599561744326
-0.015081506297686
-0.015575075549627
-0.016080371222282
-0.016597488288281
-0.017126514637277
-0.017667530741620
-0.018220609321762
-0.018785815011925
-0.019363204026664
-0.019952823828889
-0.020554712800004
-0.021168899912783
-0.021795404407642
-0.022434235472969
-0.023085391930202
-0.023748861924341
-0.024424622620587
-0.025112639907830
-0.025812868109702
-0.026525249703904
-0.027249715050553
-0.027986182130272
-0.028734556292747
-0.029494730016496
-0.030266582680569
-0.031049980348912
-0.031844775568104
-0.032650807179190
-0.033467900144307
-0.034295865388799
-0.035134499659492
-0.035983585399805
-0.036842890642323
-0.037712168919493
-0.038591159193006
-0.039479585802494
-0.040377158434067
-0.041283572109242
-0.042198507194766
-0.043121629433794
-0.044052589998886
-0.044991025567214
-0.045936558418358
-0.046888796555028
-0.047847333847002
-0.048811750198542
-0.049781611739506
-0.050756471040312
-0.051735867350893
-0.052719326863721
-0.053706363000931
-0.054696476725527
-0.055689156876616
-0.056683880528543
-0.057680113373774
-0.058677310129308
-0.059674914966345
-0.060672361962900
-0.061669075578986
-0.062664471153948
-0.063657955425466
-0.064648927069696
-0.065636777261988
-0.066620890257528
-0.067600643991236
-0.068575410696182
-0.069544557539745
-0.070507447276683
-0.071463438918242
-0.072411888416381
-0.073352149362145
-0.074283573697186
-0.075205512437378
-0.076117316407442
-0.077018336985462
-0.077907926856113
-0.078785440771442
-0.079650236317950
-0.080501674688745
-0.081339121459481
-0.082161947366786
-0.082969529087876
-0.083761250019995
-0.084536501058350
-0.085294681371183
-0.086035199170595
-0.086757472477770
-0.087460929881199
-0.088145011286555
-0.088809168656830
-0.089452866741372
-0.090075583792490
-0.090676812268257
-0.091256059520215
-0.091812848464675
-0.092346718236323
-0.092857224822900
-0.093343941679714
-0.093806460322817
-0.094244390899669
-0.094657362736203
-0.095045024859190
-0.095407046492891
-0.095743117529009
-0.096052948969004
-0.096336273337897
-0.096592845068721
-0.096822440856860
-0.097024859983551
-0.097199924607895
-0.097347480026788
-0.097467394902241
-0.097559561455611
-0.097623895628353
-0.097660337208962
-0.097668849925823
-0.097649421505781
-0.097602063698303
-0.097526812265159
-0.097423726935648
-0.097292891327430
-0.097134412833123
-0.096948422472871
-0.096735074713177
-0.096494547252352
-0.096227040772983
-0.095932778661929
-0.095612006698370
-0.095264992710542
-0.094892026201808
-0.094493417946816
-0.094069499558537
-0.093620623027010
-0.093147160230707
-0.092649502421485
-0.092128059684091
-0.091583260371301
-0.091015550515770
-0.090425393219727
-0.089813268023692
-0.089179670255415
-0.088525110360282
-0.087850113214462
-0.087155217422079
-0.086440974597741
-0.085707948635759
-0.084956714967409
-0.084187859807621
-0.083401979392463
-0.082599679208807
-0.081781573217580
-0.080948283071986
-0.080100437332082
-0.079238670677111
-0.078363623116947
-0.077475939204023
-0.076576267247107
-0.075665258528229
-0.074743566524085
-0.073811846133214
-0.072870752910185
-0.071920942308052
-0.070963068930251
-0.069997785793136
-0.069025743600259
-0.068047590029506
-0.067063969034129
-0.066075520158699
-0.065082877870936
-0.064086670910344
-0.063087521654527
-0.062086045504017
-0.061082850286380
-0.060078535680346
-0.059073692660626
-0.058068902964049
-0.057064738577588
-0.056061761248786
-0.055060522019076
-0.054061560780364
-0.053065405855278
-0.052072573601354
-0.051083568039433
-0.050098880506451
-0.049118989332785
-0.048144359544242
-0.047175442588720
-0.046212676087573
-0.045256483611575
-0.044307274481422
-0.043365443592595
-0.042431371264397
-0.041505423112923
-0.040587949947677
-0.039679287691515
-0.038779757323544
-0.037889664844579
-0.037009301264714
-0.036138942612547
-0.035278849965528
-0.034429269500924
-0.033590432566811
-0.032762555772514
-0.031945841097873
-0.031140476020697
-0.030346633661747
-0.029564472946559
-0.028794138783428
-0.028035762256824
-0.027289460835529
-0.026555338594746
-0.025833486451460
-0.025123982412273
-0.024426891832976
-0.023742267689089
-0.023070150856616
-0.022410570402252
-0.021763543882282
-0.021129077649423
-0.020507167166855
-0.019897797328698
-0.019300942786212
-0.018716568278990
-0.018144628970422
-0.017585070786754
-0.017037830759030
-0.016502837367262
-0.015980010886172
-0.015469263731862
-0.014970500808793
-0.014483619856473
-0.014008511795277
-0.013545061070824
-0.013093145996383
-0.012652639092789
-0.012223407425352
-0.011805312937313
-0.011398212779376
-0.011001959634879
-0.010616402040224
-0.010241384700164
-0.009876748797582
-0.009522332297444
-0.009177970244601
-0.008843495055152
-0.008518736801103
-0.008203523488075
-0.007897681325846
-0.007601034991523
-0.007313407885161
-0.007034622377693
-0.006764500051013
-0.006502861930116
-0.006249528707187
-0.006004320957579
-0.005767059347614
-0.005537564834173
-0.005315658856062
-0.005101163517137
-0.004893901761216
-0.004693697538809
-0.004500375965694
-0.004313763473421
-0.004133687951799
-0.003959978883457
-0.003792467470593
-0.003630986753987
-0.003475371724429
-0.003325459426683
-0.003181089056119
-0.003042102048166
-0.002908342160752
-0.002779655549876
-0.002655890838491
-0.002536899178889
-0.002422534308728
-0.002312652600940
-0.002207113107657
-0.002105777598390
-0.002008510592629
-0.001915179387079
-0.001825654077711
-0.001739807576856
-0.001657515625517
-0.001578656801116
-0.001503112520873
-0.001430767041008
-0.001361507451982
-0.001295223669964
-0.001231808424710
-0.001171157244068
-0.001113168435287
-0.001057743063311
-0.001004784926258
-0.000954200528255
-0.000905899049804
-0.000859792315863
-0.000815794761793
-0.000773823397359
-0.000733797768920
-0.000695639919987
-0.000659274350285
-0.000624627973467
-0.000591630073625
-0.000560212260737
-0.000530308425170
-0.000501854691378
-0.000474789370907
-0.000449052914829
-0.000424587865716
-0.000401338809247
-0.000379252325576
-0.000358276940528
-0.000338363076727
-0.000319463004756
-0.000301530794399
-0.000284522266074
-0.000268394942501
-0.000253108000703
-0.000238622224372
-0.000224899956680
-0.000211905053587
-0.000199602837685
-0.000187960052639
-0.000176944818259
-0.000166526586246
-0.000156676096650
-0.000147365335058
-0.000138567490561
-0.000130256914513
-0.000122409080108
-0.000115000542789
-0.000108008901517
-0.000101412760904
-0.000095191694224
-0.000089326207318
-0.000083797703382
-0.000078588448669
-0.000073681539082
-0.000069060867674
-0.000064711093048
-0.000060617608657
-0.000056766513001
-0.000053144580698
-0.000049739234456
-0.000046538517899
-0.000043531069268
-0.000040706095971
-0.000038053349962
-0.000035563103960
-0.000033226128480
-0.000031033669655
-0.000028977427848
-0.000027049537035
-0.000025242544936
-0.000023549393885
-0.000021963402421
-0.000020478247578
-0.000019087947869
-0.000017786846926
-0.000016569597800
-0.000015431147894
-0.000014366724502
-0.000013371820956
-0.000012442183347
-0.000011573797809
-0.000010762878352
-0.000010005855213
-0.000009299363728
-0.000008640233689
-0.000008025479180
-0.000007452288879
-0.000006918016792
-0.000006420173422
-0.000005956417352
-0.000005524547220
-0.000005122494076
-0.000004748314113
-0.000004400181736
-0.000004076382987
-0.000003775309281
-0.000003495451465
-0.000003235394168
-0.000002993810437
-0.000002769456649
-0.000002561167689
-0.000002367852378
-0.000002188489131
-0.000002022121857
-0.000001867856068
-0.000001724855200
-0.000001592337137
-0.000001469570919
-0.000001355873629
-0.000001250607460
-0.000001153176937
-0.000001063026302
-0.000000979637039
-0.000000902525550
-0.000000831240952
-0.000000765363015
-0.000000704500203
-0.000000648287848
-0.000000596386416
-0.000000548479885
-0.000000504274217
-0.000000463495921
-0.000000425890701
-0.000000391222195
-0.000000359270779
-0.000000329832453
-0.000000302717794
-0.000000277750973
-0.000000254768833
-0.000000233620029
-0.000000214164217
-0.000000196271302
-0.000000179820730
-0.000000164700820
-0.000000150808150
-0.000000138046981
-0.000000126328708
-0.000000115571365
-0.000000105699142
-0.000000096641957
-0.000000088335037
-0.000000080718541
-0.000000073737199
-0.000000067339981
-0.000000061479788
-0.000000056113163
-0.000000051200022
-0.000000046703406
-0.000000042589248
-0.000000038826155
-0.000000035385211
-0.000000032239789
-0.000000029365378
-0.000000026739420
-0.000000024341165
-0.000000022151530
-0.000000020152971
-0.000000018329364
-0.000000016665897
-0.000000015148965
-0.000000013766077
-0.000000012505769
-0.000000011357522
-0.000000010311687
-0.000000009359417
-0.000000008492603
-0.000000007703815
-0.000000006986244
-0.000000006333659
-0.000000005740352
-0.000000005201101
-0.000000004711129
-0.000000004266067
-0.000000003861919
-0.000000003495037
-0.000000003162082
-0.000000002860010
-0.000000002586038
-0.000000002337626
-0.000000002112459
-0.000000001908421
-0.000000001723587
-0.000000001556198
-0.000000001404655
-0.000000001267499
-0.000000001143399
-0.000000001031149
-0.000000000929647
-0.000000000837891
-0.000000000754969
-0.000000000680055
-0.000000000612395
-0.000000000551306
-0.000000000496166
-0.000000000446409
-0.000000000401525
-0.000000000361048
-0.000000000324556
-0.000000000291668
-0.000000000262035
-0.000000000235344
-0.000000000211310
-0.000000000189674
-0.000000000170204
-0.000000000152689
-0.000000000136935
-0.000000000122771
-0.000000000110040
-0.000000000098600
-0.000000000088324
-0.000000000079094
-0.000000000070809
-0.000000000063374
-0.000000000056702
-0.000000000050718
-0.000000000045353
-0.000000000040543
-0.000000000036232
-0.000000000032371
-0.000000000028912
-0.000000000025815
-0.000000000023043
-0.000000000020563
-0.000000000018345
-0.000000000016361
-0.000000000014587
-0.000000000013002
-0.000000000011585
-0.000000000010320
-0.000000000009190
-0.000000000008182
-0.000000000007283
-0.000000000006480
-0.000000000005764
-0.000000000005126
-0.000000000004557
-0.000000000004049
-0.000000000003598
-0.000000000003195
-0.000000000002837
-0.000000000002518
-0.000000000002235
-0.000000000001983
-0.000000000001759
-0.000000000001560
-0.000000000001382
-0.000000000001224
-0.000000000001085
-0.000000000000960
-0.000000000000851
-0.000000000000753
-0.000000000000666
-0.000000000000589
-0.000000000000521
-0.000000000000461
-0.000000000000407
-0.000000000000360
-0.000000000000318
-0.000000000000280
-0.000000000000248
-0.000000000000219
-0.000000000000193
-0.000000000000171
-0.000000000000150
-0.000000000000132
-0.000000000000116
-0.000000000000102
-0.000000000000091
-0.000000000000079
-0.000000000000070
-0.000000000000062
-0.000000000000054
-0.000000000000048
-0.000000000000042
-0.000000000000037
-0.000000000000033
-0.000000000000028
-0.000000000000025
-0.000000000000022
-0.000000000000019
-0.000000000000017
-0.000000000000015
-0.000000000000013
-0.000000000000011
-0.000000000000010
-0.000000000000009
-0.000000000000007
-0.000000000000006
-0.000000000000006
-0.000000000000006
-0.000000000000004
-0.000000000000004
-0.000000000000003
-0.000000000000003
-0.000000000000002
-0.000000000000002
-0.000000000000002
-0.000000000000002
-0.000000000000002
-0.000000000000001
-0.000000000000001
-0.000000000000001
-0.000000000000001
-0.000000000000001
-0.000000000000001
-0.000000000000001
-0.000000000000001
-0.000000000000000
-0.000000000000000
-0.000000000000000
-0.000000000000000
0.000000000000000
-0.000000000000001
-0.000000000000000
-0.000000000000000
-0.000000000000000
-0.000000000000000
0.000000000000000
0.000000000000000
-0.000000000000000
-0.000000000000001
-0.000000000000000
-0.000000000000000
0.000000000000000
0.000000000000000
-0.000000000000000
-0.000000000000000
-0.000000000000000
0.000000000000000
0.000000000000000
-0.000000000000000
-0.000000000000000
-0.000000000000000
0.000000000000000
0.000000000000000
0.000000000000000
0.000000000000000
-0.000000000000000
-0.000000000000000
-0.000000000000000
0.000000000000000
0.000000000000000
0.000000000000000
0.000000000000000
-0.000000000000000
0.000000000000000
0.000000000000000
0.000000000000000
-0.000000000000001
0.000000000000000
0.000000000000000
0.000000000000000
-0.000000000000000
-0.000000000000000
-0.000000000000000
-0.000000000000000
0.000000000000000
0.000000000000000
0.000000000000000
0.000000000000000
-0.000000000000000
-0.000000000000000
-0.000000000000001
0.000000000000000
0.000000000000001
0.000000000000000
-0.000000000000000
0.000000000000000
0.000000000000000
-0.000000000000000
-0.000000000000000
0.000000000000000
-0.000000000000000
0.000000000000000
0.000000000000001
0.000000000000000
-0.000000000000000
-0.000000000000000
-0.000000000000000
0.000000000000000
0.000000000000000
0.000000000000000
0.000000000000000
-0.000000000000000
-0.000000000000000
0.000000000000000
0.000000000000000
0.000000000000000
0.000000000000000
0.000000000000000
0.000000000000000
-0.000000000000000
-0.000000000000001
0.000000000000000
0.000000000000000
-0.000000000000000
-0.000000000000000
0.000000000000000
0.000000000000000
0.000000000000000
-0.000000000000001
-0.000000000000000
0.000000000000000
0.000000000000000
0.000000000000000
0.000000000000000
-0.000000000000000
-0.000000000000000
-0.000000000000000
-0.000000000000000
0.000000000000001
0.000000000000000
-0.000000000000000
-0.000000000000001
0.000000000000000
0.000000000000000
0.000000000000000
-0.000000000000000
-0.000000000000000
0.000000000000000
0.000000000000001
-0.000000000000000
0.000000000000000
0.000000000000000
-0.000000000000000
0.000000000000000
0.000000000000000
0.000000000000000
0.000000000000000
-0.000000000000000
-0.000000000000000
0.000000000000000
0.000000000000000
-0.000000000000000
0.000000000000000
0.000000000000000
0.000000000000000
-0.000000000000001
-0.000000000000000
0.000000000000000
0.000000000000001
-0.000000000000000
-0.000000000000000
-0.000000000000000
-0.000000000000000
0.000000000000000
0.000000000000001
-0.000000000000001
0.000000000000000
-0.000000000000000
-0.000000000000000
0.000000000000000
0.000000000000000
0.000000000000000
-0.000000000000000
-0.000000000000000
-0.000000000000000
0.000000000000000
0.000000000000000
-0.000000000000000
-0.000000000000000
-0.000000000000000
0.000000000000001
0.000000000000000
-0.000000000000000
-0.000000000000000
0.000000000000000
-0.000000000000000
-0.000000000000000
0.000000000000001
-0.000000000000000
0.000000000000000
-0.000000000000000
-0.000000000000000
0.000000000000000
-0.000000000000001
-0.000000000000000
0.000000000000000
0.000000000000001
-0.000000000000001
-0.000000000000000
-0.000000000000000
-0.000000000000000
0.000000000000000
0.000000000000000
0.000000000000001
0.000000000000001
-0.000000000000001
-0.000000000000000
0.000000000000001
-0.000000000000000
0.000000000000000
0.000000000000000
-0.000000000000000
-0.000000000000000
-0.000000000000000
-0.000000000000000
0.000000000000001
-0.000000000000000
-0.000000000000001
0.000000000000000
-0.000000000000000
0.000000000000001
-0.000000000000000
-0.000000000000000
-0.000000000000000
0.000000000000000
-0.000000000000000
-0.000000000000000
0.000000000000001
0.000000000000000
0.000000000000000
-0.000000000000000
-0.000000000000000
0.000000000000000
-0.000000000000000
0.000000000000001
0.000000000000000
-0.000000000000000
-0.000000000000000
-0.000000000000001
0.000000000000000
0.000000000000001
0.000000000000000
-0.000000000000000
0.000000000000000
0.000000000000000
-0.000000000000000
-0.000000000000000
0.000000000000001
-0.000000000000000
-0.000000000000001
0.000000000000001
0.000000000000000
-0.000000000000000
0.000000000000000
-0.000000000000000
0.000000000000000
-0.000000000000000
-0.000000000000000
0.000000000000000
0.000000000000000
0.000000000000000
-0.000000000000000
-0.000000000000001
-0.000000000000000
0.000000000000000
0.000000000000000
-0.000000000000000
0.000000000000000
-0.000000000000000
0.000000000000000
-0.000000000000001
-0.000000000000000
0.000000000000000
0.000000000000000
0.000000000000000
0.000000000000000
0.000000000000000
-0.000000000000001
0.000000000000000
0.000000000000001
0.000000000000000
-0.000000000000000
0.000000000000000
-0.000000000000000
-0.000000000000000
0.000000000000001
0.000000000000000
-0.000000000000001
0.000000000000000
-0.000000000000000
0.000000000000000
-0.000000000000000
-0.000000000000000
0.000000000000000
0.000000000000001
0.000000000000000
-0.000000000000000
-0.000000000000001
0.000000000000001
-0.000000000000001
0.000000000000000
0.000000000000001
-0.000000000000000
-0.000000000000000
-0.000000000000000
0.000000000000001
-0.000000000000000
-0.000000000000000
0.000000000000000
0.000000000000000
-0.000000000000000
-0.000000000000000
0.000000000000000
0.000000000000000
-0.000000000000000
0.000000000000000
-0.000000000000000
0.000000000000000
-0.000000000000000
0.000000000000000
0.000000000000001
0.000000000000000
-0.000000000000000
-0.000000000000000
-0.000000000000001
0.000000000000001
0.000000000000000
-0.000000000000000
-0.000000000000000
-0.000000000000000
0.000000000000000
0.000000000000000
-0.000000000000000
-0.000000000000000
0.000000000000001
-0.000000000000000
0.000000000000000
-0.000000000000001
-0.000000000000000
0.000000000000000
-0.000000000000000
-0.000000000000000
0.000000000000000
0.000000000000000
-0.000000000000000
0.000000000000000
0.000000000000000
-0.000000000000001
-0.000000000000001
0.000000000000001
0.000000000000001
-0.000000000000001
0.000000000000000
0.000000000000000
-0.000000000000000
-0.000000000000000
-0.000000000000000
0.000000000000000
0.000000000000000
0.000000000000000
0.000000000000000
-0.000000000000000
-0.000000000000001
0.000000000000000
-0.000000000000000
0.000000000000000
0.000000000000000
-0.000000000000000
