0.000005153692877
0.000010498365459
0.000015726213955
0.000020853598891
0.000025916915539
0.000030951618448
0.000035991119838
0.000041067043796
0.000046209538878
0.000051447562999
0.000056809139020
0.000062321584760
0.000068011720990
0.000073906060528
0.000080030981073
0.000086412884115
0.000093078341903
0.000100054234207
0.000107367876395
0.000115047140108
0.000123120567708
0.000131617481466
0.000140568088375
0.000150003581350
0.000159956237470
0.000170459513840
0.000181548141607
0.000193258218528
0.000205627300525
0.000218694492526
0.000232500538903
0.000247087913750
0.000262500911215
0.000278785736086
0.000295990594748
0.000314165786675
0.000333363796533
0.000353639386978
0.000375049692209
0.000397654312299
0.000421515408341
0.000446697798373
0.000473269054098
0.000501299598325
0.000530862803108
0.000562035088483
0.000594896021731
0.000629528417056
0.000666018435558
0.000704455685367
0.000744933321775
0.000787548147203
0.000832400710825
0.000879595407627
0.000929240576702
0.000981448598533
0.001036335991014
0.001094023503954
0.001154636211747
0.001218303603941
0.001285159673366
0.001355343001482
0.001428996840606
0.001506269192633
0.001587312883877
0.001672285635606
0.001761350129874
0.001854674070185
0.001952430236558
0.002054796534497
0.002161956037401
0.002274097021890
0.002391412995548
0.002514102716534
0.002642370204525
0.002776424742429
0.002916480868293
0.003062758356828
0.003215482189953
0.003374882515758
0.003541194595274
0.003714658736429
0.003895520214571
0.004084029178926
0.004280440544367
0.004485013867844
0.004698013208867
0.004919706973405
0.005150367740560
0.005390272071434
0.005639700299537
0.005898936302175
0.006168267252212
0.006447983349641
0.006738377532420
0.007039745166029
0.007352383711265
0.007676592369756
0.008012671706795
0.008360923251024
0.008721649070617
0.009095151325610
0.009481731796067
0.009881691385823
0.010295329601605
0.010722944007357
0.011164829653664
0.011621278482235
0.012092578705446
0.012579014161028
0.013080863642034
0.013598400202305
0.014131890437722
0.014681593743601
0.015247761548679
0.015830636526219
0.016430451782834
0.017047430025738
0.017681782709214
0.018333709161163
0.019003395690734
0.019691014678092
0.020396723647496
0.021120664324969
0.021862961681921
0.022623722966208
0.023403036722201
0.024200971801555
0.025017576366457
0.025852876887247
0.026706877136409
0.027579557181022
0.028470872375880
0.029380752359568
0.030309100055901
0.031255790683209
0.032220670774058
0.033203557208085
0.034204236260703
0.035222462670520
0.036257958728403
0.037310413391159
0.038379481422925
0.039464782567367
0.040565900753870
0.041682383340965
0.042813740400230
0.043959444044002
0.045118927800199
0.046291586037626
0.047476773445090
0.048673804567707
0.049881953403724
0.051100453065186
0.052328495505742
0.053565231318847
0.054809769609530
0.056061177942907
0.057318482372457
0.058580667551056
0.059846676927634
0.061115413032223
0.062385737852023
0.063656473300998
0.064926401785359
0.066194266867118
0.067458774027742
0.068718591533748
0.069972351405864
0.071218650493209
0.072456051653690
0.073683085041591
0.074898249503109
0.076100014080307
0.077286819623704
0.078457080513453
0.079609186488771
0.080741504585001
0.081852381177358
0.082940144130151
0.084003105049923
0.085039561640647
0.086047800158788
0.087026097965715
0.087972726174614
0.088885952388734
0.089764043527418
0.090605268736110
0.091407902376113
0.092170227089615
0.092890536935108
0.093567140588039
0.094198364601215
0.094782556719129
0.095318089240120
0.095803362419940
0.096236807910056
0.096616892223695
0.096942120222413
0.097211038615697
0.097422239465891
0.097574363690514
0.097666104553808
0.097696211139239
0.097663491794428
0.097566817539900
0.097405125432913
0.097177421877495
0.096882785871779
0.096520372183654
0.096089414445716
0.095589228160519
0.095019213607129
0.094378858640051
0.093667741371665
0.092885532729411
0.092031998879102
0.091107003505898
0.090110509944663
0.089042583151644
0.087903391509658
0.086693208459231
0.085412413948456
0.084061495694634
0.082641050251151
0.081151783873382
0.079594513177854
0.077970165589309
0.076279779570762
0.074524504632142
0.072705601113569
0.070824439739885
0.068882500943531
0.066881373953489
0.064822755648522
0.062708449173555
0.060540362318647
0.058320505660595
0.056050990467847
0.053734026370028
0.051371918794012
0.048967066169105
0.046521956904594
0.044039166143460
0.041521352296812
0.038971253364142
0.036391683045169
0.033785526649668
0.031155736812270
0.028505329019838
0.025837376959580
0.023155007696680
0.020461396690714
0.017759762660689
0.015053362309056
0.012345484915483
0.009639446811691
0.006938585749041
0.004246255170971
0.001565818402768
-0.001099357228533
-0.003745906331003
-0.006370471428070
-0.008969708968540
-0.011540295352605
-0.014078932959890
-0.016582356165463
-0.019047337329672
-0.021470692747639
-0.023849288544238
-0.026180046500439
-0.028459949796983
-0.030686048661504
-0.032855465905343
-0.034965402336570
-0.037013142035921
-0.038996057482710
-0.040911614518061
-0.042757377133202
-0.044531012070965
-0.046230293229076
-0.047853105854297
-0.049397450517009
-0.050861446856363
-0.052243337086671
-0.053541489256378
-0.054754400251518
-0.055880698536262
-0.056919146623811
-0.057868643271614
-0.058728225395579
-0.059497069698715
-0.060174494010342
-0.060759958332821
-0.061253065593480
-0.061653562100206
-0.061961337699946
-0.062176425640153
-0.062299002133979
-0.062329385630789
-0.062268035794361
-0.062115552191893
-0.061872672697664
-0.061540271615987
-0.061119357528750
-0.060611070873620
-0.060016681259594
-0.059337584527319
-0.058575299562184
-0.057731464868841
-0.056807834916369
-0.055806276263879
-0.054728763476866
-0.053577374845103
-0.052354287913350
-0.051061774836571
-0.049702197571692
-0.048278002918383
-0.046791717421544
-0.045245942148520
-0.043643347354286
-0.041986667048014
-0.040278693474624
-0.038522271524982
-0.036720293088520
-0.034875691362066
-0.032991435128655
-0.031070523020044
-0.029115977776581
-0.027130840517912
-0.025118165037887
-0.023081012136773
-0.021022444003696
-0.018945518661900
-0.016853284489166
-0.014748774825316
-0.012635002678445
-0.010514955541034
-0.008391590326739
-0.006267828438147
-0.004146550975351
-0.002030594094647
0.000077255473801
0.002174264741101
0.004257758599818
0.006325123782117
0.008373812629248
0.010401346666456
0.012405319977926
0.014383402377018
0.016333342367657
0.018252969893340
0.020140198870860
0.021993029506444
0.023809550392624
0.025587940384751
0.027326470256676
0.029023504135696
0.030677500717444
0.032287014261972
0.033850695372824
0.035367291561417
0.036835647599604
0.038254705663744
0.039623505274114
0.040941183033973
0.042206972172970
0.043420201900076
0.044580296571539
0.045686774679796
0.046739247669569
0.047737418587710
0.048681080573650
0.049570115197572
0.050404490653661
0.051184259816007
0.051909558164896
0.052580601591422
0.053197684088453
0.053761175336089
0.054271518189851
0.054729226079881
0.055134880329449
0.055489127401080
0.055792676078599
0.056046294593324
0.056250807702596
0.056407093728724
0.056516081566328
0.056578747665919
0.056596113001422
0.056569240029166
0.056499229645678
0.056387218151439
0.056234374227502
0.056041895931701
0.055811007720870
0.055542957505294
0.055239013741309
0.054900462567715
0.054528604991379
0.054124754127102
0.053690232496554
0.053226369390752
0.052734498300268
0.052215954417046
0.051672072211396
0.051104183087418
0.050513613119806
0.049901680874683
0.049269695316797
0.048618953805098
0.047950740178473
0.047266322933036
0.046566953492165
0.045853864570146
0.045128268630021
0.044391356435998
0.043644295700472
0.042888229825509
0.042124276738372
0.041353527820440
0.040577046928674
0.039795869508552
0.039011001797190
0.038223420115209
0.037434070245707
0.036643866898524
0.035853693257856
0.035064400611113
0.034276808056799
0.033491702289046
0.032709837456371
0.031931935092070
0.031158684113630
0.030390740888427
0.029628729362939
0.028873241252631
0.028124836289632
0.027384042525309
0.026651356684764
0.025927244570359
0.025212141511249
0.024506452856034
0.023810554505538
0.023124793482830
0.022449488537572
0.021784930781847
0.021131384354651
0.020489087112259
0.019858251341787
0.019239064495245
0.018631689941529
0.018036267733797
0.017452915389805
0.016881728682790
0.016322782440642
0.015776131351127
0.015241810771040
0.014719837537252
0.014210210777695
0.013712912720430
0.013227909499019
0.012755151952539
0.012294576418647
0.011846105518216
0.011409648930123
0.010985104154924
0.010572357266157
0.010171283648199
0.009781748719605
0.009403608641013
0.009036711006743
0.008680895519330
0.008335994646278
0.008001834258457
0.007678234249590
0.007365009136373
0.007061968638859
0.006768918240789
0.006485659729610
0.006211991716023
0.005947710132935
0.005692608713737
0.005446479449944
0.005209113028211
0.004980299246843
0.004759827411943
0.004547486713397
0.004343066580916
0.004146357020413
0.003957148931032
0.003775234403155
0.003600406997753
0.003432462007507
0.003271196700082
0.003116410544030
0.002967905417761
0.002825485802083
0.002688958956788
0.002558135081810
0.002432827463447
0.002312852606205
0.002198030350771
0.002088183978663
0.001983140304100
0.001882729753614
0.001786786433976
0.001695148188938
0.001607656645351
0.001524157249179
0.001444499291932
0.001368535928034
0.001296124183633
0.001227124957364
0.001161403013532
0.001098826968215
0.001039269268734
0.000982606166968
0.000928717686928
0.000877487587043
0.000828803317566
0.000782555973492
0.000738640243392
0.000696954354522
0.000657400014580
0.000619882350441
0.000584309844212
0.000550594266918
0.000518650610121
0.000488397015751
0.000459754704441
0.000432647902604
0.000407003768505
0.000382752317563
0.000359826347094
0.000338161360699
0.000317695492498
0.000298369431384
0.000280126345448
0.000262911806765
0.000246673716656
0.000231362231562
0.000216929689670
0.000203330538383
0.000190521262747
0.000178460314925
0.000167108044798
0.000156426631772
0.000146380017860
0.000136933842091
0.000128055376299
0.000119713462339
0.000111878450762
0.000104522140994
0.000097617723020
0.000091139720616
0.000085063936130
0.000079367396820
0.000074028302769
0.000069025976356
0.000064340813299
0.000059954235241
0.000055848643899
0.000052007376733
0.000048414664130
0.000045055588092
0.000041916042393
0.000038982694190
0.000036242947060
0.000033684905437
0.000031297340419
0.000029069656924
0.000026991862143
0.000025054535288
0.000023248798577
0.000021566289440
0.000019999133896
0.000018539921093
0.000017181678950
0.000015917850877
0.000014742273550
0.000013649155691
0.000012633057824
0.000011688872982
0.000010811808317
0.000009997367596
0.000009241334540
0.000008539756971
0.000007888931753
0.000007285390478
0.000006725885876
0.000006207378916
0.000005727026577
0.000005282170248
0.000004870324742
0.000004489167894
0.000004136530704
0.000003810388032
0.000003508849781
0.000003230152581
0.000002972651918
0.000002734814718
0.000002515212342
0.000002312513980
0.000002125480426
0.000001952958210
0.000001793874074
0.000001647229775
0.000001512097187
0.000001387613708
0.000001272977933
0.000001167445588
0.000001070325719
0.000000980977114
0.000000898804940
0.000000823257597
0.000000753823759
0.000000690029621
0.000000631436294
0.000000577637393
0.000000528256764
0.000000482946360
0.000000441384266
0.000000403272838
0.000000368336980
0.000000336322527
0.000000306994732
0.000000280136874
0.000000255548933
0.000000233046376
0.000000212459023
0.000000193629979
0.000000176414654
0.000000160679845
0.000000146302886
0.000000133170850
0.000000121179815
0.000000110234182
0.000000100246037
0.000000091134563
0.000000082825496
0.000000075250614
0.000000068347268
0.000000062057952
0.000000056329891
0.000000051114679
0.000000046367924
0.000000042048935
0.000000038120425
0.000000034548236
0.000000031301092
0.000000028350362
0.000000025669846
0.000000023235580
0.000000021025647
0.000000019020018
0.000000017200385
0.000000015550027
0.000000014053676
0.000000012697391
0.000000011468456
0.000000010355267
0.000000009347245
0.000000008434744
0.000000007608975
0.000000006861933
0.000000006186326
0.000000005575520
0.000000005023473
0.000000004524692
0.000000004074178
0.000000003667392
0.000000003300206
0.000000002968869
0.000000002669976
0.000000002400435
0.000000002157442
0.000000001938451
0.000000001741153
0.000000001563456
0.000000001403463
0.000000001259454
0.000000001129876
0.000000001013319
0.000000000908506
0.000000000814285
0.000000000729611
0.000000000653542
0.000000000585224
0.000000000523887
0.000000000468836
0.000000000419440
0.000000000375134
0.000000000335405
0.000000000299792
0.000000000267878
0.000000000239288
0.000000000213684
0.000000000190762
0.000000000170246
0.000000000151890
0.000000000135472
0.000000000120791
0.000000000107669
0.000000000095943
0.000000000085468
0.000000000076113
0.000000000067761
0.000000000060308
0.000000000053657
0.000000000047726
0.000000000042437
0.000000000037723
0.000000000033523
0.000000000029781
0.000000000026448
0.000000000023481
0.000000000020841
0.000000000018493
0.000000000016403
0.000000000014545
0.000000000012894
0.000000000011427
0.000000000010124
0.000000000008966
0.000000000007939
0.000000000007026
0.000000000006218
0.000000000005500
0.000000000004864
0.000000000004300
0.000000000003800
0.000000000003358
0.000000000002966
0.000000000002619
0.000000000002311
0.000000000002040
0.000000000001799
0.000000000001586
0.000000000001399
0.000000000001233
0.000000000001086
0.000000000000957
0.000000000000843
0.000000000000743
0.000000000000653
0.000000000000574
0.000000000000505
0.000000000000444
0.000000000000390
0.000000000000343
0.000000000000302
0.000000000000265
0.000000000000232
0.000000000000203
0.000000000000179
0.000000000000157
0.000000000000138
0.000000000000120
0.000000000000106
0.000000000000093
0.000000000000081
0.000000000000071
0.000000000000061
0.000000000000054
0.000000000000048
0.000000000000042
0.000000000000036
0.000000000000032
0.000000000000028
0.000000000000024
0.000000000000021
0.000000000000018
0.000000000000016
0.000000000000014
0.000000000000012
0.000000000000010
0.000000000000009
0.000000000000009
0.000000000000007
0.000000000000006
0.000000000000005
0.000000000000005
0.000000000000004
0.000000000000003
0.000000000000003
0.000000000000003
0.000000000000002
0.000000000000002
0.000000000000001
0.000000000000002
0.000000000000002
0.000000000000001
0.000000000000001
0.000000000000000
0.000000000000001
0.000000000000001
0.000000000000001
0.000000000000000
0.000000000000000
0.000000000000000
0.000000000000000
0.000000000000000
0.000000000000000
0.000000000000000
0.000000000000000
-0.000000000000000
0.000000000000000
0.000000000000000
0.000000000000000
0.000000000000000
-0.000000000000000
-0.000000000000000
-0.000000000000000
0.000000000000000
0.000000000000000
-0.000000000000000
0.000000000000000
0.000000000000000
0.000000000000000
-0.000000000000000
0.000000000000000
-0.000000000000000
0.000000000000000
-0.000000000000000
-0.000000000000000
0.000000000000000
-0.000000000000000
0.000000000000000
0.000000000000000
-0.000000000000000
-0.000000000000000
0.000000000000000
-0.000000000000000
0.000000000000000
0.000000000000000
-0.000000000000000
0.000000000000000
-0.000000000000001
0.000000000000000
0.000000000000000
-0.000000000000000
-0.000000000000000
0.000000000000000
0.000000000000001
-0.000000000000000
-0.000000000000000
-0.000000000000000
0.000000000000000
-0.000000000000000
-0.000000000000000
0.000000000000000
0.000000000000000
-0.000000000000000
0.000000000000000
0.000000000000000
-0.000000000000000
-0.000000000000000
-0.000000000000000
0.000000000000000
0.000000000000000
-0.000000000000000
-0.000000000000000
0.000000000000000
-0.000000000000000
0.000000000000000
0.000000000000000
0.000000000000000
-0.000000000000001
0.000000000000000
0.000000000000000
-0.000000000000000
-0.000000000000000
0.000000000000000
0.000000000000000
-0.000000000000000
-0.000000000000001
0.000000000000000
0.000000000000000
0.000000000000000
0.000000000000000
-0.000000000000001
-0.000000000000000
0.000000000000001
-0.000000000000000
0.000000000000000
0.000000000000000
0.000000000000000
-0.000000000000000
-0.000000000000000
0.000000000000000
-0.000000000000000
0.000000000000000
0.000000000000000
-0.000000000000000
0.000000000000000
-0.000000000000000
-0.000000000000000
0.000000000000001
-0.000000000000000
-0.000000000000000
-0.000000000000000
0.000000000000000
0.000000000000000
0.000000000000000
-0.000000000000001
0.000000000000000
-0.000000000000000
-0.000000000000001
0.000000000000000
0.000000000000000
-0.000000000000000
0.000000000000000
0.000000000000000
-0.000000000000000
-0.000000000000000
-0.000000000000000
0.000000000000000
0.000000000000000
-0.000000000000000
-0.000000000000000
0.000000000000001
-0.000000000000000
-0.000000000000000
-0.000000000000000
0.000000000000000
0.000000000000000
-0.000000000000000
-0.000000000000000
-0.000000000000000
0.000000000000000
-0.000000000000000
0.000000000000000
-0.000000000000000
0.000000000000000
0.000000000000000
0.000000000000000
0.000000000000000
-0.000000000000001
0.000000000000000
-0.000000000000001
0.000000000000000
0.000000000000000
0.000000000000000
-0.000000000000000
-0.000000000000000
-0.000000000000000
-0.000000000000000
0.000000000000001
0.000000000000000
0.000000000000000
-0.000000000000000
-0.000000000000000
0.000000000000000
-0.000000000000000
-0.000000000000000
0.000000000000000
0.000000000000000
-0.000000000000000
-0.000000000000000
0.000000000000000
-0.000000000000000
0.000000000000000
-0.000000000000001
0.000000000000000
-0.000000000000000
0.000000000000000
0.000000000000000
0.000000000000000
-0.000000000000000
-0.000000000000000
-0.000000000000000
0.000000000000000
-0.000000000000000
0.000000000000000
0.000000000000000
-0.000000000000000
-0.000000000000000
0.000000000000000
-0.000000000000000
0.000000000000000
0.000000000000001
-0.000000000000000
-0.000000000000000
-0.000000000000000
0.000000000000000
0.000000000000000
0.000000000000000
-0.000000000000000
0.000000000000000
-0.000000000000000
-0.000000000000000
-0.000000000000000
0.000000000000000
-0.000000000000000
0.000000000000000
-0.000000000000000
-0.000000000000000
-0.000000000000000
0.000000000000000
-0.000000000000000
-0.000000000000000
0.000000000000000
0.000000000000000
0.000000000000000
-0.000000000000000
-0.000000000000000
0.000000000000000
0.000000000000000
-0.000000000000000
0.000000000000000
-0.000000000000000
0.000000000000000
-0.000000000000000
-0.000000000000000
0.000000000000000
0.000000000000000
-0.000000000000000
0.000000000000000
0.000000000000000
-0.000000000000000
-0.000000000000000
0.000000000000000
-0.000000000000000
0.000000000000000
0.000000000000000
0.000000000000000
-0.000000000000001
-0.000000000000000
0.000000000000001
0.000000000000000
-0.000000000000001
-0.000000000000000
0.000000000000000
-0.000000000000000
0.000000000000001
-0.000000000000000
0.000000000000000
-0.000000000000000
-0.000000000000000
-0.000000000000001
0.000000000000001
0.000000000000000
-0.000000000000001
0.000000000000000
0.000000000000000
-0.000000000000001
0.000000000000000
0.000000000000000
0.000000000000000
-0.000000000000000
0.000000000000000
-0.000000000000000
0.000000000000000
-0.000000000000000
0.000000000000000
0.000000000000000
-0.000000000000000
-0.000000000000000
0.000000000000000
-0.000000000000000
-0.000000000000000
-0.000000000000000
0.000000000000000
0.000000000000000
0.000000000000000
-0.000000000000000
-0.000000000000000
-0.000000000000000
0.000000000000000
-0.000000000000001
0.000000000000000
0.000000000000000
-0.000000000000000
0.000000000000000
-0.000000000000000
0.000000000000000
-0.000000000000000
0.000000000000000
-0.000000000000001
0.000000000000001
-0.000000000000001
0.000000000000001
0.000000000000000
-0.000000000000000
-0.000000000000000
0.000000000000000
-0.000000000000001
0.000000000000000
0.000000000000001
0.000000000000000
-0.000000000000000
-0.000000000000000
-0.000000000000000
0.000000000000000
-0.000000000000001
-0.000000000000000
-0.000000000000000
0.000000000000001
-0.000000000000001
0.000000000000000
0.000000000000000
-0.000000000000000
-0.000000000000000
0.000000000000000
-0.000000000000001
0.000000000000000
0.000000000000000
0.000000000000000
0.000000000000001
