0.000000000000000000
0.000000000000000000
0.000000000000000000
0.000000000000000000
-0.000000000000000000
-0.000000000000000000
-0.000000000000000000
-0.000000000000000000
-0.000000000000000000
-0.000000000000000000
-0.000000000000000000
-0.000000000000000000
-0.000000000000000000
-0.000000000000000000
0.000000000000000000
0.000000000000000000
0.000000000000000000
0.000000000000000000
0.000000000000000000
-0.000000000000000000
-0.000000000000000000
-0.000000000000000000
-0.000000000000000000
-0.000000000000000000
-0.000000000000000000
-0.000000000000000000
-0.000000000000000000
0.000000000000000000
0.000000000000000000
0.000000000000000000
0.000000000000000000
0.000000000000000000
0.000000000000000001
0.000000000000000001
0.000000000000000002
0.000000000000000002
0.000000000000000003
-0.000000000000000001
-0.000000000000000010
-0.000000000000000034
-0.000000000000000050
-0.000000000000000083
-0.000000000000000099
-0.000000000000000087
-0.000000000000000074
0.000000000000000022
0.000000000000000071
0.000000000000000070
0.000000000000000028
-0.000000000000000009
-0.000000000000000076
-0.000000000000000152
-0.000000000000000245
-0.000000000000000319
-0.000000000000000371
-0.000000000000000323
-0.000000000000000201
-0.000000000000000047
0.000000000000000102
0.000000000000000177
0.000000000000000189
0.000000000000000070
-0.000000000000000020
-0.000000000000000106
-0.000000000000000126
0.000000000000000109
0.000000000000000437
0.000000000000000895
0.000000000000002619
0.000000000000009307
0.000000000000033556
0.000000000000115357
0.000000000000383350
0.000000000001234329
0.000000000003848744
0.000000000011660683
0.000000000034328369
0.000000000098145360
0.000000000272378936
0.000000000733823384
0.000000001925208676
0.000000004918440815
0.000000012229382431
0.000000029577182803
0.000000069571271538
0.000000159623472301
0.000000357264578119
0.000000779600187344
0.000001657529639880
0.000003432696296454
0.000006943504821593
0.000013720456709927
0.000026471334941535
0.000049830693679914
0.000091484386848168
0.000164214030737387
0.000288275087246082
0.000494678233070531
0.000829149976644031
0.001356717213738177
0.002171985441173361
0.003403203240991976
0.005216514715091224
0.007815990041208245
0.011438608558742094
0.016381856723704066
0.022967144676531041
0.031506207990121944
0.042250088853450801
0.055329676129169530
0.070857216693471045
0.088751844191429202
0.108652535192191660
0.129840897963500762
0.151209599031079944
0.171671226029890933
0.189867565476462413
0.204198270948378335
0.212918256735300460
0.214321441950477171
0.207441732120565991
0.191704369186279061
0.167025730551272095
0.133929325991793052
0.093641413146001384
0.048292800121100182
0.000485596978451515
-0.046867616378684245
-0.090722482199359605
-0.128124742200593583
-0.156650028638365940
-0.174493647521874601
-0.180578822556345470
-0.174620792562214466
-0.157151866932814827
-0.129684437097348865
-0.094304531836654409
-0.053470515207915827
-0.009821615727849578
0.034007286771902831
0.075592353674525437
0.112911809751852651
0.144424606068284972
0.169098072978005443
0.186405704230347885
0.196448408707650762
0.199728267919372815
0.197029933995180678
0.189313017169430553
0.177623701228156239
0.163137826594796503
0.146945114558152429
0.129990327679625650
0.113046815256657454
0.096713018818986127
0.081472089133900374
0.067636875170965352
0.055371599245839488
0.044721577939304202
0.035643955791894902
0.028049487235115363
0.021804303187456679
0.016749718292174424
0.012718693676268263
0.009547928931973065
0.007088566441665396
0.005206328881667624
0.003783978393387625
0.002722070265004102
0.001938346364874471
0.001366634785715210
0.000954258999149681
0.000660030833896472
0.000452292681260182
0.000307098686451867
0.000206643034833109
0.000137824823104424
0.000091131967187802
0.000059746656792246
0.000038842199289343
0.000025044095489658
0.000016016987655253
0.000010162244362150
0.000006397161347591
0.000003995993620445
0.000002477159575413
0.000001524141265910
0.000000930867071416
0.000000564405283361
0.000000339773388112
0.000000203107368194
0.000000120570500028
0.000000071084788491
0.000000041627214848
0.000000024215833126
0.000000013995210592
0.000000008036209739
0.000000004585109111
0.000000002599651442
0.000000001464892074
0.000000000820451313
0.000000000456756400
0.000000000252773002
0.000000000139068472
0.000000000076073545
0.000000000041379108
0.000000000022381122
0.000000000012038802
0.000000000006439868
0.000000000003426779
0.000000000001813737
0.000000000000954928
0.000000000000500311
0.000000000000260658
0.000000000000135143
0.000000000000069745
0.000000000000035796
0.000000000000018326
0.000000000000009359
0.000000000000004572
0.000000000000002648
0.000000000000000922
0.000000000000000730
0.000000000000000261
0.000000000000000113
0.000000000000000001
0.000000000000000216
-0.000000000000000201
0.000000000000000169
-0.000000000000000052
-0.000000000000000051
0.000000000000000004
0.000000000000000071
-0.000000000000000138
0.000000000000000157
-0.000000000000000024
-0.000000000000000063
0.000000000000000101
-0.000000000000000093
0.000000000000000099
-0.000000000000000106
0.000000000000000099
0.000000000000000017
-0.000000000000000135
0.000000000000000170
-0.000000000000000082
-0.000000000000000071
0.000000000000000118
-0.000000000000000093
0.000000000000000016
-0.000000000000000012
-0.000000000000000062
0.000000000000000128
-0.000000000000000182
0.000000000000000259
-0.000000000000000314
0.000000000000000247
-0.000000000000000052
-0.000000000000000139
0.000000000000000175
-0.000000000000000065
-0.000000000000000226
0.000000000000000362
-0.000000000000000252
0.000000000000000033
0.000000000000000166
-0.000000000000000218
0.000000000000000151
-0.000000000000000113
0.000000000000000085
-0.000000000000000010
-0.000000000000000121
0.000000000000000269
-0.000000000000000244
0.000000000000000119
0.000000000000000095
-0.000000000000000202
0.000000000000000167
0.000000000000000014
0.000000000000000028
0.000000000000000015
0.000000000000000006
-0.000000000000000010
-0.000000000000000085
0.000000000000000099
-0.000000000000000047
-0.000000000000000065
0.000000000000000029
0.000000000000000117
-0.000000000000000207
0.000000000000000183
-0.000000000000000039
-0.000000000000000103
0.000000000000000097
0.000000000000000001
-0.000000000000000096
0.000000000000000025
0.000000000000000139
-0.000000000000000230
0.000000000000000175
0.000000000000000072
-0.000000000000000284
0.000000000000000293
-0.000000000000000120
-0.000000000000000138
0.000000000000000264
-0.000000000000000167
0.000000000000000063
-0.000000000000000132
0.000000000000000121
-0.000000000000000217
0.000000000000000167
-0.000000000000000050
0.000000000000000078
-0.000000000000000031
0.000000000000000001
-0.000000000000000016
-0.000000000000000038
0.000000000000000137
-0.000000000000000073
0.000000000000000029
0.000000000000000046
-0.000000000000000029
0.000000000000000063
-0.000000000000000035
0.000000000000000019
-0.000000000000000073
0.000000000000000103
-0.000000000000000156
0.000000000000000183
-0.000000000000000113
-0.000000000000000026
0.000000000000000119
-0.000000000000000206
0.000000000000000223
-0.000000000000000072
0.000000000000000019
0.000000000000000045
0.000000000000000037
-0.000000000000000006
-0.000000000000000028
0.000000000000000055
-0.000000000000000146
0.000000000000000140
-0.000000000000000083
0.000000000000000049
0.000000000000000115
-0.000000000000000072
0.000000000000000043
0.000000000000000086
-0.000000000000000153
0.000000000000000261
-0.000000000000000163
0.000000000000000084
0.000000000000000001
-0.000000000000000100
0.000000000000000064
0.000000000000000053
-0.000000000000000247
0.000000000000000301
-0.000000000000000103
0.000000000000000130
0.000000000000000001
-0.000000000000000116
0.000000000000000033
-0.000000000000000016
-0.000000000000000104
0.000000000000000069
-0.000000000000000021
-0.000000000000000079
0.000000000000000118
-0.000000000000000125
0.000000000000000112
0.000000000000000047
-0.000000000000000045
0.000000000000000110
-0.000000000000000168
0.000000000000000109
0.000000000000000010
-0.000000000000000052
0.000000000000000067
-0.000000000000000139
0.000000000000000033
-0.000000000000000011
0.000000000000000021
-0.000000000000000024
0.000000000000000041
-0.000000000000000071
0.000000000000000122
-0.000000000000000158
0.000000000000000108
-0.000000000000000149
0.000000000000000109
-0.000000000000000005
-0.000000000000000047
0.000000000000000065
-0.000000000000000064
0.000000000000000009
0.000000000000000032
-0.000000000000000139
0.000000000000000162
-0.000000000000000189
0.000000000000000131
-0.000000000000000092
-0.000000000000000027
0.000000000000000073
-0.000000000000000160
0.000000000000000225
-0.000000000000000132
0.000000000000000134
-0.000000000000000065
0.000000000000000011
0.000000000000000005
-0.000000000000000035
0.000000000000000042
0.000000000000000053
-0.000000000000000073
0.000000000000000087
-0.000000000000000086
0.000000000000000049
-0.000000000000000018
-0.000000000000000035
0.000000000000000031
-0.000000000000000074
0.000000000000000097
-0.000000000000000069
0.000000000000000069
-0.000000000000000007
-0.000000000000000009
-0.000000000000000025
0.000000000000000015
-0.000000000000000010
0.000000000000000119
-0.000000000000000194
0.000000000000000189
-0.000000000000000246
0.000000000000000185
-0.000000000000000182
0.000000000000000191
-0.000000000000000198
0.000000000000000131
-0.000000000000000051
0.000000000000000024
-0.000000000000000043
0.000000000000000011
0.000000000000000046
-0.000000000000000050
0.000000000000000044
-0.000000000000000040
0.000000000000000005
-0.000000000000000006
-0.000000000000000036
0.000000000000000065
-0.000000000000000086
0.000000000000000102
-0.000000000000000103
0.000000000000000101
-0.000000000000000091
0.000000000000000079
-0.000000000000000067
0.000000000000000056
-0.000000000000000049
0.000000000000000047
-0.000000000000000045
0.000000000000000040
-0.000000000000000031
0.000000000000000020
-0.000000000000000008
-0.000000000000000003
0.000000000000000012
-0.000000000000000016
0.000000000000000011
0.000000000000000001
-0.000000000000000014
0.000000000000000017
-0.000000000000000007
-0.000000000000000011
0.000000000000000026
-0.000000000000000027
0.000000000000000015
0.000000000000000003
-0.000000000000000016
0.000000000000000019
-0.000000000000000014
0.000000000000000005
0.000000000000000005
-0.000000000000000012
0.000000000000000014
-0.000000000000000011
0.000000000000000006
-0.000000000000000001
0.000000000000000001
-0.000000000000000003
0.000000000000000003
0.000000000000000002
-0.000000000000000008
0.000000000000000009
-0.000000000000000001
-0.000000000000000011
0.000000000000000019
-0.000000000000000019
0.000000000000000010
-0.000000000000000001
-0.000000000000000003
0.000000000000000003
-0.000000000000000002
0.000000000000000003
-0.000000000000000004
0.000000000000000002
0.000000000000000002
-0.000000000000000008
0.000000000000000011
-0.000000000000000013
0.000000000000000013
-0.000000000000000014
0.000000000000000013
-0.000000000000000009
