-0.000000000000000000
-0.000000000000000000
-0.000000000000000000
-0.000000000000000000
-0.000000000000000000
-0.000000000000000000
-0.000000000000000000
-0.000000000000000000
-0.000000000000000000
-0.000000000000000000
-0.000000000000000000
-0.000000000000000000
-0.000000000000000000
-0.000000000000000000
-0.000000000000000000
-0.000000000000000000
-0.000000000000000000
-0.000000000000000000
-0.000000000000000000
-0.000000000000000000
-0.000000000000000000
-0.000000000000000000
-0.000000000000000000
-0.000000000000000000
-0.000000000000000000
-0.000000000000000000
0.000000000000000000
0.000000000000000000
0.000000000000000000
0.000000000000000000
0.000000000000000000
0.000000000000000001
0.000000000000000001
0.000000000000000001
0.000000000000000003
0.000000000000000005
0.000000000000000010
0.000000000000000018
0.000000000000000028
0.000000000000000037
0.000000000000000043
0.000000000000000042
0.000000000000000016
-0.000000000000000004
-0.000000000000000008
0.000000000000000048
0.000000000000000123
0.000000000000000155
0.000000000000000121
-0.000000000000000011
-0.000000000000000071
-0.000000000000000127
-0.000000000000000157
-0.000000000000000063
0.000000000000000042
0.000000000000000029
-0.000000000000000118
-0.000000000000000167
0.000000000000000203
0.000000000000000388
0.000000000000000207
-0.000000000000000038
-0.000000000000000082
-0.000000000000000109
-0.000000000000000015
-0.000000000000000070
-0.000000000000000196
0.000000000000000088
0.000000000000000626
0.000000000000002000
0.000000000000006969
0.000000000000023416
0.000000000000078510
0.000000000000256100
0.000000000000807771
0.000000000002477932
0.000000000007388653
0.000000000021399699
0.000000000060181559
0.000000000164351150
0.000000000437208517
0.000000001132948548
0.000000002858330819
0.000000007017119142
0.000000016761505248
0.000000039070060661
0.000000088876793789
0.000000197206814108
0.000000426562527216
0.000000899230799900
0.000001852557035548
0.000003730489478634
0.000007339086664741
0.000014096852659818
0.000026427317255155
0.000048475871138001
0.000087029868542943
0.000152858572656504
0.000262483358083712
0.000440455307558319
0.000723895415340674
0.001165717933200579
0.001838606737129068
0.002838353727839339
0.004286222058394368
0.006344221873399700
0.009208189327089278
0.013101472509895575
0.018260437537319631
0.024913710083041635
0.033328941434450893
0.043737440836360886
0.056285532796653624
0.070977077150355339
0.087623604964716911
0.106029566110959497
0.125791412828019561
0.146247102245051747
0.166450741670475438
0.185200006628414127
0.201509291930201118
0.214302377333623256
0.222444742735851742
0.224820957692198231
0.220461509789090043
0.209085835926158897
0.190705939569341038
0.165634058045794175
0.134508584915674634
0.098316379633258885
0.058536089702224910
0.016794571912951570
-0.025219684003787136
-0.065826776094396605
-0.103432910497059077
-0.136740225774006463
-0.164750391968339460
-0.186772682872895668
-0.202417804372936522
-0.211593451729384513
-0.214706809672644605
-0.212386444339316305
-0.205395822980546205
-0.194567024502634023
-0.180755018088048308
-0.164950798813834343
-0.148049958082575928
-0.130812143503957090
-0.113848403889309738
-0.097626109137157593
-0.082546057044014617
-0.068865063661915998
-0.056713006822481149
-0.046118178192233156
-0.037033784491182983
-0.029380776167501167
-0.023038291690435499
-0.017860757522579013
-0.013692923961455571
-0.010381272332983825
-0.007785801714967743
-0.005778121961417747
-0.004244312524550704
-0.003086266021281078
-0.002221658311541045
-0.001583591000029879
-0.001117974109464383
-0.000781859903350983
-0.000541744622877191
-0.000371919232903655
-0.000253029694927865
-0.000170625087260653
-0.000114059985287749
-0.000075595773143041
-0.000049677972210120
-0.000032374022373301
-0.000020924736490207
-0.000013415684742160
-0.000008533078395029
-0.000005384865331190
-0.000003371886021424
-0.000002095328276488
-0.000001292296562043
-0.000000791133855137
-0.000000480792966210
-0.000000290088632101
-0.000000173784402872
-0.000000103380973015
-0.000000061074978869
-0.000000035836593625
-0.000000020886631454
-0.000000012092721645
-0.000000006955522733
-0.000000003974891297
-0.000000002257158723
-0.000000001273716013
-0.000000000714310960
-0.000000000398140510
-0.000000000220574703
-0.000000000121479263
-0.000000000066512303
-0.000000000036205714
-0.000000000019595680
-0.000000000010546287
-0.000000000005643912
-0.000000000003004235
-0.000000000001590656
-0.000000000000837312
-0.000000000000438484
-0.000000000000228856
-0.000000000000118434
-0.000000000000060910
-0.000000000000031536
-0.000000000000016093
-0.000000000000007864
-0.000000000000004249
-0.000000000000002183
-0.000000000000000840
-0.000000000000000485
-0.000000000000000467
0.000000000000000005
0.000000000000000086
-0.000000000000000220
-0.000000000000000122
0.000000000000000428
-0.000000000000000462
0.000000000000000084
0.000000000000000313
-0.000000000000000310
0.000000000000000028
0.000000000000000226
-0.000000000000000226
-0.000000000000000018
0.000000000000000201
-0.000000000000000152
-0.000000000000000034
0.000000000000000161
-0.000000000000000087
-0.000000000000000098
0.000000000000000210
-0.000000000000000016
-0.000000000000000223
0.000000000000000294
-0.000000000000000159
-0.000000000000000040
-0.000000000000000000
0.000000000000000191
-0.000000000000000242
0.000000000000000100
0.000000000000000181
-0.000000000000000184
-0.000000000000000072
0.000000000000000346
-0.000000000000000350
0.000000000000000097
0.000000000000000124
-0.000000000000000113
0.000000000000000011
-0.000000000000000006
0.000000000000000101
-0.000000000000000166
0.000000000000000167
-0.000000000000000087
0.000000000000000038
-0.000000000000000079
0.000000000000000206
-0.000000000000000273
0.000000000000000160
-0.000000000000000013
-0.000000000000000106
0.000000000000000142
-0.000000000000000081
0.000000000000000069
0.000000000000000010
-0.000000000000000013
0.000000000000000031
-0.000000000000000126
0.000000000000000159
-0.000000000000000053
-0.000000000000000062
0.000000000000000155
-0.000000000000000088
-0.000000000000000116
0.000000000000000309
-0.000000000000000360
0.000000000000000213
0.000000000000000070
-0.000000000000000159
0.000000000000000192
0.000000000000000065
-0.000000000000000222
0.000000000000000186
-0.000000000000000022
-0.000000000000000163
0.000000000000000199
-0.000000000000000095
-0.000000000000000110
0.000000000000000069
-0.000000000000000009
-0.000000000000000071
0.000000000000000140
-0.000000000000000202
0.000000000000000143
-0.000000000000000112
0.000000000000000063
0.000000000000000005
-0.000000000000000123
0.000000000000000150
-0.000000000000000170
0.000000000000000038
0.000000000000000030
-0.000000000000000055
-0.000000000000000030
-0.000000000000000010
-0.000000000000000025
0.000000000000000049
0.000000000000000003
-0.000000000000000020
-0.000000000000000022
0.000000000000000023
-0.000000000000000035
0.000000000000000094
-0.000000000000000062
0.000000000000000083
-0.000000000000000095
0.000000000000000171
-0.000000000000000181
0.000000000000000088
0.000000000000000036
-0.000000000000000113
0.000000000000000179
-0.000000000000000091
-0.000000000000000003
0.000000000000000116
-0.000000000000000108
0.000000000000000093
0.000000000000000034
-0.000000000000000111
0.000000000000000145
-0.000000000000000141
0.000000000000000053
0.000000000000000055
-0.000000000000000066
0.000000000000000006
0.000000000000000078
-0.000000000000000240
0.000000000000000226
-0.000000000000000206
0.000000000000000128
0.000000000000000061
-0.000000000000000135
0.000000000000000185
-0.000000000000000144
0.000000000000000107
0.000000000000000006
-0.000000000000000106
0.000000000000000183
-0.000000000000000111
0.000000000000000043
0.000000000000000008
-0.000000000000000022
0.000000000000000011
0.000000000000000059
-0.000000000000000127
0.000000000000000174
-0.000000000000000146
0.000000000000000124
-0.000000000000000069
-0.000000000000000034
0.000000000000000075
-0.000000000000000088
0.000000000000000092
-0.000000000000000011
-0.000000000000000052
0.000000000000000073
-0.000000000000000099
0.000000000000000068
-0.000000000000000047
-0.000000000000000055
-0.000000000000000009
-0.000000000000000041
0.000000000000000020
0.000000000000000021
-0.000000000000000046
0.000000000000000132
-0.000000000000000122
0.000000000000000097
0.000000000000000026
-0.000000000000000080
0.000000000000000126
-0.000000000000000151
0.000000000000000116
-0.000000000000000102
0.000000000000000104
-0.000000000000000081
0.000000000000000061
-0.000000000000000046
0.000000000000000061
-0.000000000000000103
0.000000000000000146
-0.000000000000000120
0.000000000000000072
-0.000000000000000079
0.000000000000000022
0.000000000000000013
-0.000000000000000029
0.000000000000000016
-0.000000000000000024
-0.000000000000000010
0.000000000000000070
-0.000000000000000138
0.000000000000000236
-0.000000000000000273
0.000000000000000285
-0.000000000000000244
0.000000000000000188
-0.000000000000000140
0.000000000000000073
0.000000000000000047
-0.000000000000000100
0.000000000000000164
-0.000000000000000152
0.000000000000000152
-0.000000000000000114
0.000000000000000102
-0.000000000000000118
0.000000000000000070
-0.000000000000000030
-0.000000000000000024
-0.000000000000000036
-0.000000000000000026
0.000000000000000004
-0.000000000000000004
-0.000000000000000002
0.000000000000000015
-0.000000000000000002
0.000000000000000002
-0.000000000000000002
-0.000000000000000005
0.000000000000000012
-0.000000000000000016
0.000000000000000027
-0.000000000000000030
0.000000000000000035
-0.000000000000000037
0.000000000000000037
-0.000000000000000036
0.000000000000000033
-0.000000000000000029
0.000000000000000025
-0.000000000000000021
0.000000000000000017
-0.000000000000000013
0.000000000000000010
-0.000000000000000008
0.000000000000000005
-0.000000000000000004
0.000000000000000002
-0.000000000000000001
0.000000000000000001
-0.000000000000000000
0.000000000000000000
-0.000000000000000000
0.000000000000000000
-0.000000000000000000
0.000000000000000000
-0.000000000000000000
-0.000000000000000000
0.000000000000000000
-0.000000000000000000
0.000000000000000000
-0.000000000000000000
-0.000000000000000000
0.000000000000000000
-0.000000000000000000
0.000000000000000000
0.000000000000000000
-0.000000000000000001
0.000000000000000001
-0.000000000000000000
-0.000000000000000000
0.000000000000000000
-0.000000000000000000
0.000000000000000000
-0.000000000000000000
-0.000000000000000000
0.000000000000000000
-0.000000000000000000
0.000000000000000000
-0.000000000000000000
0.000000000000000000
-0.000000000000000000
0.000000000000000000
-0.000000000000000000
-0.000000000000000000
0.000000000000000000
-0.000000000000000000
0.000000000000000000
0.000000000000000000
-0.000000000000000000
0.000000000000000000
-0.000000000000000000
0.000000000000000000
0.000000000000000000
-0.000000000000000000
0.000000000000000000
-0.000000000000000000
0.000000000000000000
-0.000000000000000000
-0.000000000000000000
0.000000000000000000
-0.000000000000000000
0.000000000000000000
-0.000000000000000000
0.000000000000000000
-0.000000000000000000
0.000000000000000000
