-0.000000000000000000
0.000000000000000000
0.000000000000000000
0.000000000000000000
0.000000000000000000
0.000000000000000000
0.000000000000000000
0.000000000000000000
0.000000000000000000
0.000000000000000000
0.000000000000000000
-0.000000000000000000
-0.000000000000000000
-0.000000000000000000
-0.000000000000000000
-0.000000000000000000
-0.000000000000000000
-0.000000000000000000
-0.000000000000000000
-0.000000000000000000
-0.000000000000000000
-0.000000000000000000
0.000000000000000000
0.000000000000000000
0.000000000000000000
0.000000000000000000
0.000000000000000000
0.000000000000000000
0.000000000000000000
0.000000000000000000
0.000000000000000000
0.000000000000000000
0.000000000000000000
0.000000000000000000
0.000000000000000000
0.000000000000000000
-0.000000000000000001
-0.000000000000000004
-0.000000000000000009
-0.000000000000000015
-0.000000000000000021
-0.000000000000000004
0.000000000000000046
0.000000000000000082
0.000000000000000116
0.000000000000000086
0.000000000000000003
-0.000000000000000113
-0.000000000000000140
-0.000000000000000115
-0.000000000000000082
-0.000000000000000139
-0.000000000000000226
-0.000000000000000193
-0.000000000000000006
0.000000000000000098
0.000000000000000271
0.000000000000000245
-0.000000000000000071
-0.000000000000000376
-0.000000000000000295
-0.000000000000000090
-0.000000000000000090
-0.000000000000000040
-0.000000000000000058
-0.000000000000000176
-0.000000000000000245
-0.000000000000000183
-0.000000000000000451
-0.000000000000001863
-0.000000000000006686
-0.000000000000023504
-0.000000000000078690
-0.000000000000255683
-0.000000000000806923
-0.000000000002475685
-0.000000000007381870
-0.000000000021380562
-0.000000000060128016
-0.000000000164208189
-0.000000000436836541
-0.000000001132004495
-0.000000002856001068
-0.000000007011529267
-0.000000016748460906
-0.000000039040370379
-0.000000088810877639
-0.000000197064143637
-0.000000426261676686
-0.000000898612915641
-0.000001851317701882
-0.000003728061349003
-0.000007334442337828
-0.000014088186488024
-0.000026411548853561
-0.000048447824182019
-0.000086981088914173
-0.000152775659891848
-0.000262345733949475
-0.000440232367262565
-0.000723542186092024
-0.001165170363963780
-0.001837776669344322
-0.002837124309880997
-0.004284444471626975
-0.006341708334057016
-0.009204712538241197
-0.013096770910931265
-0.018254228727095020
-0.024905713246247824
-0.033318884862895783
-0.043725094781584289
-0.056270753498322966
-0.070959859227939889
-0.087604134434295530
-0.106008215489156968
-0.125768771121793355
-0.146223995076351448
-0.166428231399344650
-0.185179361934247527
-0.201491876873326092
-0.214289574931951721
-0.222437863311565009
-0.224821132425769149
-0.220469577301821013
-0.209102248860473183
-0.190730704364776543
-0.165666699672634754
-0.134548140921669335
-0.098361431945471992
-0.058584905113290543
-0.016845209110728530
0.025169259368240094
0.065778572221143805
0.103388789707146669
0.136701737227057640
0.164718701638973064
0.186748538015100995
0.202401526926202002
0.211584957009205515
0.214705638512852959
0.212391838133920624
0.205406807219610937
0.194582491963069204
0.180773807078355275
0.164971778238339695
0.148072085807698844
0.130834505974151666
0.113870238819338707
0.097646814554093561
0.082565203064084783
0.068882377873442702
0.056728352010329282
0.046131526856113818
0.037045193335445620
0.029390368291033579
0.023046233057276096
0.017867236792323604
0.013698136571895560
0.010385408845034716
0.007789041567604671
0.005780627844961474
0.004246227359139931
0.003087712043419788
0.002222737674412778
0.001584387655518288
0.001118555723284169
0.000782280037340741
0.000542044972112753
0.000372131755093220
0.000253178573853193
0.000170728368389917
0.000114130953283649
0.000075644082842776
0.000049710554735457
0.000032395799331830
0.000020939162729324
0.000013425158601137
0.000008539246946203
0.000005388847971461
0.000003374436112023
0.000002096947849390
0.000001293316951844
0.000000791771689883
0.000000481188586980
0.000000290332150756
0.000000173933172924
0.000000103471188376
0.000000061129289027
0.000000035869054906
0.000000020905896112
0.000000012104076533
0.000000006962168654
0.000000003978754750
0.000000002259390346
0.000000001274996537
0.000000000715040441
0.000000000398553912
0.000000000220807642
0.000000000121609107
0.000000000066584875
0.000000000036245697
0.000000000019617575
0.000000000010558198
0.000000000005650627
0.000000000003007598
0.000000000001592668
0.000000000000838224
0.000000000000439099
0.000000000000229031
0.000000000000118554
0.000000000000061144
0.000000000000031401
0.000000000000016180
0.000000000000007839
0.000000000000004339
0.000000000000001996
0.000000000000000912
0.000000000000000604
0.000000000000000321
0.000000000000000074
0.000000000000000025
0.000000000000000089
-0.000000000000000053
-0.000000000000000089
0.000000000000000169
-0.000000000000000182
0.000000000000000009
0.000000000000000077
-0.000000000000000058
-0.000000000000000112
0.000000000000000180
-0.000000000000000149
0.000000000000000004
0.000000000000000031
0.000000000000000067
-0.000000000000000187
0.000000000000000158
-0.000000000000000072
-0.000000000000000130
0.000000000000000146
0.000000000000000036
-0.000000000000000178
0.000000000000000145
0.000000000000000016
-0.000000000000000114
0.000000000000000174
-0.000000000000000048
-0.000000000000000030
0.000000000000000063
-0.000000000000000007
-0.000000000000000006
-0.000000000000000103
0.000000000000000183
-0.000000000000000122
-0.000000000000000004
0.000000000000000133
-0.000000000000000161
0.000000000000000072
0.000000000000000105
-0.000000000000000118
-0.000000000000000001
0.000000000000000081
0.000000000000000019
-0.000000000000000184
0.000000000000000244
-0.000000000000000233
0.000000000000000141
-0.000000000000000047
0.000000000000000014
0.000000000000000001
-0.000000000000000032
0.000000000000000028
0.000000000000000048
-0.000000000000000125
0.000000000000000135
-0.000000000000000038
-0.000000000000000064
0.000000000000000121
-0.000000000000000095
-0.000000000000000002
0.000000000000000071
0.000000000000000015
0.000000000000000046
-0.000000000000000032
0.000000000000000176
-0.000000000000000223
0.000000000000000156
0.000000000000000032
-0.000000000000000115
0.000000000000000074
0.000000000000000053
-0.000000000000000252
0.000000000000000269
-0.000000000000000167
-0.000000000000000015
0.000000000000000044
-0.000000000000000018
-0.000000000000000093
0.000000000000000129
-0.000000000000000108
0.000000000000000066
0.000000000000000031
-0.000000000000000089
0.000000000000000062
0.000000000000000018
0.000000000000000075
-0.000000000000000099
0.000000000000000160
-0.000000000000000151
0.000000000000000033
0.000000000000000047
-0.000000000000000116
0.000000000000000083
0.000000000000000061
-0.000000000000000170
0.000000000000000218
-0.000000000000000129
0.000000000000000002
0.000000000000000087
-0.000000000000000125
0.000000000000000055
-0.000000000000000056
-0.000000000000000041
0.000000000000000044
-0.000000000000000046
0.000000000000000074
-0.000000000000000100
0.000000000000000100
-0.000000000000000054
-0.000000000000000001
0.000000000000000111
-0.000000000000000130
0.000000000000000093
-0.000000000000000020
-0.000000000000000092
0.000000000000000144
-0.000000000000000117
0.000000000000000023
0.000000000000000204
-0.000000000000000284
0.000000000000000289
-0.000000000000000099
-0.000000000000000057
0.000000000000000157
-0.000000000000000241
0.000000000000000133
0.000000000000000081
-0.000000000000000137
0.000000000000000339
-0.000000000000000182
0.000000000000000201
0.000000000000000016
-0.000000000000000180
0.000000000000000190
-0.000000000000000109
0.000000000000000017
0.000000000000000125
-0.000000000000000218
0.000000000000000257
-0.000000000000000142
0.000000000000000035
0.000000000000000105
-0.000000000000000139
0.000000000000000118
-0.000000000000000041
-0.000000000000000115
0.000000000000000255
-0.000000000000000282
0.000000000000000259
-0.000000000000000194
0.000000000000000102
0.000000000000000057
-0.000000000000000137
0.000000000000000133
-0.000000000000000120
0.000000000000000077
-0.000000000000000037
-0.000000000000000041
0.000000000000000009
-0.000000000000000065
0.000000000000000045
0.000000000000000050
-0.000000000000000008
0.000000000000000001
-0.000000000000000003
-0.000000000000000028
0.000000000000000155
-0.000000000000000168
0.000000000000000189
-0.000000000000000149
0.000000000000000126
-0.000000000000000062
-0.000000000000000018
0.000000000000000076
-0.000000000000000187
0.000000000000000313
-0.000000000000000299
0.000000000000000279
-0.000000000000000388
0.000000000000000298
-0.000000000000000279
0.000000000000000205
-0.000000000000000111
0.000000000000000081
-0.000000000000000032
-0.000000000000000019
0.000000000000000034
-0.000000000000000064
0.000000000000000073
-0.000000000000000082
0.000000000000000025
0.000000000000000033
-0.000000000000000091
0.000000000000000146
-0.000000000000000158
0.000000000000000225
-0.000000000000000257
0.000000000000000226
-0.000000000000000255
0.000000000000000215
-0.000000000000000131
0.000000000000000148
-0.000000000000000097
0.000000000000000051
0.000000000000000010
-0.000000000000000066
0.000000000000000092
-0.000000000000000107
0.000000000000000132
-0.000000000000000134
0.000000000000000133
-0.000000000000000129
0.000000000000000120
-0.000000000000000109
0.000000000000000095
-0.000000000000000081
0.000000000000000068
-0.000000000000000055
0.000000000000000044
-0.000000000000000035
0.000000000000000026
-0.000000000000000020
0.000000000000000015
-0.000000000000000010
0.000000000000000007
-0.000000000000000005
0.000000000000000003
-0.000000000000000002
0.000000000000000001
-0.000000000000000001
0.000000000000000000
-0.000000000000000000
0.000000000000000000
-0.000000000000000000
-0.000000000000000000
0.000000000000000000
-0.000000000000000000
0.000000000000000000
-0.000000000000000000
0.000000000000000000
-0.000000000000000000
0.000000000000000000
-0.000000000000000000
0.000000000000000000
-0.000000000000000000
0.000000000000000000
-0.000000000000000000
0.000000000000000000
-0.000000000000000000
0.000000000000000000
-0.000000000000000000
-0.000000000000000000
0.000000000000000000
-0.000000000000000000
0.000000000000000000
0.000000000000000000
-0.000000000000000000
0.000000000000000000
-0.000000000000000000
0.000000000000000000
-0.000000000000000000
0.000000000000000000
-0.000000000000000000
0.000000000000000000
-0.000000000000000000
0.000000000000000000
-0.000000000000000000
0.000000000000000000
-0.000000000000000000
0.000000000000000000
-0.000000000000000000
0.000000000000000000
-0.000000000000000000
0.000000000000000000
-0.000000000000000000
0.000000000000000000
0.000000000000000000
-0.000000000000000000
0.000000000000000000
-0.000000000000000000
0.000000000000000000
-0.000000000000000000
-0.000000000000000000
0.000000000000000000
-0.000000000000000000
0.000000000000000000
-0.000000000000000000
0.000000000000000000
0.000000000000000000
-0.000000000000000000
0.000000000000000000
0.000000000000000000
-0.000000000000000000
0.000000000000000000
-0.000000000000000000
0.000000000000000000
