0.000000000000000000
0.000000000000000000
0.000000000000000000
0.000000000000000000
0.000000000000000000
0.000000000000000000
-0.000000000000000000
-0.000000000000000000
-0.000000000000000000
-0.000000000000000000
-0.000000000000000000
-0.000000000000000000
0.000000000000000000
0.000000000000000000
0.000000000000000000
0.000000000000000000
0.000000000000000000
0.000000000000000000
0.000000000000000000
0.000000000000000000
0.000000000000000000
-0.000000000000000000
-0.000000000000000000
-0.000000000000000000
-0.000000000000000000
-0.000000000000000000
0.000000000000000000
0.000000000000000000
0.000000000000000000
0.000000000000000000
0.000000000000000000
0.000000000000000000
0.000000000000000000
0.000000000000000001
0.000000000000000001
0.000000000000000003
0.000000000000000007
0.000000000000000015
0.000000000000000026
0.000000000000000040
0.000000000000000052
0.000000000000000042
0.000000000000000010
-0.000000000000000047
-0.000000000000000108
-0.000000000000000102
-0.000000000000000037
0.000000000000000005
0.000000000000000022
-0.000000000000000103
-0.000000000000000080
-0.000000000000000026
0.000000000000000060
0.000000000000000117
0.000000000000000131
0.000000000000000153
0.000000000000000052
-0.000000000000000063
-0.000000000000000052
-0.000000000000000084
-0.000000000000000163
-0.000000000000000001
0.000000000000000188
0.000000000000000284
-0.000000000000000033
-0.000000000000000244
0.000000000000000048
0.000000000000000226
0.000000000000000042
-0.000000000000000421
-0.000000000000001045
-0.000000000000003365
-0.000000000000011296
-0.000000000000037272
-0.000000000000119686
-0.000000000000372136
-0.000000000001124084
-0.000000000003299091
-0.000000000009402517
-0.000000000026030294
-0.000000000070218596
-0.000000000184572813
-0.000000000472512324
-0.000000001177511255
-0.000000002856304799
-0.000000006763886744
-0.000000015637947743
-0.000000035281217349
-0.000000077632540239
-0.000000166572125273
-0.000000349463347982
-0.000000717013102656
-0.000001438077305764
-0.000002817812594941
-0.000005392521062928
-0.000010104522303984
-0.000018544620362214
-0.000033321657723464
-0.000058584703195593
-0.000100745968357796
-0.000169846263076081
-0.000280834170824931
-0.000455271984719611
-0.000723214049289298
-0.001125235140765271
-0.001718292699371276
-0.002576616008731554
-0.003793167860751589
-0.005479186103309931
-0.007761993650467090
-0.010803464615028962
-0.014782130505646479
-0.019881077897520017
-0.026269771425312536
-0.034084155935808935
-0.043491830053252863
-0.054612324423383402
-0.067482302794652588
-0.082020211494139655
-0.098004343630949467
-0.115274539090932285
-0.133554012957339513
-0.152420678082875655
-0.171295797891498708
-0.189467134194522741
-0.206477678792968744
-0.221832799666746516
-0.234991074177770903
-0.245381495286641604
-0.252454592845123560
-0.256124866165098830
-0.256382221914139175
-0.253263721723516633
-0.246852046090533545
-0.237296626043106335
-0.225131031917843366
-0.210902689883442962
-0.195130393083393666
-0.178289881392686700
-0.160816705414329769
-0.143275674866840813
-0.126135072796085684
-0.109753437797728129
-0.094386310664988496
-0.080201986081936974
-0.067364370317744018
-0.055950223528037510
-0.045961524307253296
-0.037343751517027721
-0.030004116587079400
-0.023846681777067977
-0.018753893534373969
-0.014596880204057795
-0.011244957314045645
-0.008572790851133031
-0.006469465039184838
-0.004833997703467025
-0.003576987188526422
-0.002621407284788576
-0.001902482341582949
-0.001367628786304819
-0.000974022315491386
-0.000687377183146673
-0.000480712681402091
-0.000333138335214743
-0.000228816559875649
-0.000155793818925941
-0.000105166385489503
-0.000070389681257535
-0.000046714141858367
-0.000030743773798588
-0.000020067752984993
-0.000012993590282491
-0.000008346232721912
-0.000005318620267838
-0.000003362843330509
-0.000002109921499459
-0.000001313792623749
-0.000000811950575903
-0.000000498083511899
-0.000000303311352119
-0.000000183372139245
-0.000000110072445988
-0.000000065609139776
-0.000000038835310427
-0.000000022829894151
-0.000000013330084409
-0.000000007731264386
-0.000000004454455139
-0.000000002549810304
-0.000000001450185744
-0.000000000819545341
-0.000000000460243607
-0.000000000256864613
-0.000000000142484786
-0.000000000078561632
-0.000000000043058660
-0.000000000023460284
-0.000000000012708081
-0.000000000006844491
-0.000000000003665548
-0.000000000001952068
-0.000000000001033915
-0.000000000000544447
-0.000000000000285249
-0.000000000000148762
-0.000000000000077006
-0.000000000000039701
-0.000000000000020479
-0.000000000000010373
-0.000000000000005225
-0.000000000000002834
-0.000000000000001202
-0.000000000000000669
-0.000000000000000473
0.000000000000000033
-0.000000000000000187
-0.000000000000000047
-0.000000000000000004
-0.000000000000000067
0.000000000000000035
-0.000000000000000035
0.000000000000000038
0.000000000000000008
-0.000000000000000071
0.000000000000000155
-0.000000000000000116
0.000000000000000132
0.000000000000000075
-0.000000000000000152
0.000000000000000098
0.000000000000000026
-0.000000000000000060
-0.000000000000000057
0.000000000000000112
-0.000000000000000105
0.000000000000000158
0.000000000000000022
-0.000000000000000101
0.000000000000000024
0.000000000000000079
-0.000000000000000048
-0.000000000000000014
0.000000000000000003
0.000000000000000017
-0.000000000000000065
0.000000000000000004
-0.000000000000000041
0.000000000000000148
-0.000000000000000147
0.000000000000000160
-0.000000000000000083
-0.000000000000000126
0.000000000000000258
-0.000000000000000349
0.000000000000000340
-0.000000000000000219
0.000000000000000098
-0.000000000000000008
-0.000000000000000052
0.000000000000000051
-0.000000000000000050
0.000000000000000058
-0.000000000000000103
0.000000000000000148
-0.000000000000000145
0.000000000000000090
-0.000000000000000029
0.000000000000000051
-0.000000000000000001
0.000000000000000025
-0.000000000000000137
0.000000000000000225
-0.000000000000000300
0.000000000000000317
-0.000000000000000220
-0.000000000000000016
0.000000000000000128
-0.000000000000000099
-0.000000000000000024
0.000000000000000243
-0.000000000000000301
0.000000000000000088
0.000000000000000155
-0.000000000000000253
0.000000000000000208
-0.000000000000000068
-0.000000000000000121
0.000000000000000174
-0.000000000000000099
-0.000000000000000128
0.000000000000000126
-0.000000000000000083
0.000000000000000006
0.000000000000000073
-0.000000000000000022
-0.000000000000000156
0.000000000000000378
-0.000000000000000289
0.000000000000000272
-0.000000000000000142
0.000000000000000006
0.000000000000000022
0.000000000000000012
-0.000000000000000078
0.000000000000000023
0.000000000000000001
-0.000000000000000130
0.000000000000000135
-0.000000000000000083
-0.000000000000000074
0.000000000000000174
-0.000000000000000172
0.000000000000000014
0.000000000000000136
-0.000000000000000258
0.000000000000000200
0.000000000000000014
-0.000000000000000238
0.000000000000000297
-0.000000000000000312
0.000000000000000117
0.000000000000000065
-0.000000000000000122
0.000000000000000069
0.000000000000000022
-0.000000000000000165
0.000000000000000229
-0.000000000000000205
0.000000000000000044
0.000000000000000033
-0.000000000000000177
0.000000000000000208
-0.000000000000000204
0.000000000000000148
-0.000000000000000111
0.000000000000000065
-0.000000000000000048
0.000000000000000019
0.000000000000000033
-0.000000000000000039
-0.000000000000000001
0.000000000000000079
-0.000000000000000148
0.000000000000000239
-0.000000000000000239
0.000000000000000167
-0.000000000000000083
0.000000000000000006
0.000000000000000079
-0.000000000000000114
0.000000000000000060
-0.000000000000000077
-0.000000000000000010
-0.000000000000000006
0.000000000000000016
-0.000000000000000091
0.000000000000000174
-0.000000000000000225
0.000000000000000185
-0.000000000000000100
0.000000000000000038
0.000000000000000097
-0.000000000000000164
0.000000000000000164
-0.000000000000000141
0.000000000000000071
0.000000000000000001
-0.000000000000000064
0.000000000000000123
-0.000000000000000146
0.000000000000000094
-0.000000000000000061
0.000000000000000045
-0.000000000000000015
0.000000000000000111
-0.000000000000000150
0.000000000000000244
-0.000000000000000281
0.000000000000000276
-0.000000000000000228
0.000000000000000180
-0.000000000000000122
0.000000000000000015
0.000000000000000084
-0.000000000000000156
0.000000000000000164
-0.000000000000000165
0.000000000000000147
-0.000000000000000112
0.000000000000000043
-0.000000000000000034
0.000000000000000078
-0.000000000000000107
0.000000000000000146
-0.000000000000000151
0.000000000000000200
-0.000000000000000211
0.000000000000000139
-0.000000000000000099
0.000000000000000068
0.000000000000000014
-0.000000000000000068
0.000000000000000099
-0.000000000000000117
0.000000000000000095
-0.000000000000000043
0.000000000000000057
0.000000000000000029
-0.000000000000000042
0.000000000000000081
-0.000000000000000087
0.000000000000000077
-0.000000000000000037
0.000000000000000107
-0.000000000000000035
0.000000000000000138
-0.000000000000000049
0.000000000000000096
-0.000000000000000125
0.000000000000000125
-0.000000000000000105
0.000000000000000153
-0.000000000000000143
0.000000000000000140
-0.000000000000000118
0.000000000000000093
-0.000000000000000041
0.000000000000000015
0.000000000000000025
-0.000000000000000068
0.000000000000000101
-0.000000000000000125
0.000000000000000141
-0.000000000000000153
0.000000000000000155
-0.000000000000000152
0.000000000000000144
-0.000000000000000132
0.000000000000000117
-0.000000000000000102
0.000000000000000087
-0.000000000000000072
0.000000000000000058
-0.000000000000000046
0.000000000000000036
-0.000000000000000027
0.000000000000000020
-0.000000000000000014
0.000000000000000010
-0.000000000000000007
0.000000000000000005
-0.000000000000000004
0.000000000000000003
-0.000000000000000002
0.000000000000000001
0.000000000000000000
-0.000000000000000000
0.000000000000000000
0.000000000000000000
-0.000000000000000001
0.000000000000000001
-0.000000000000000001
0.000000000000000001
-0.000000000000000000
-0.000000000000000001
0.000000000000000001
-0.000000000000000002
0.000000000000000002
-0.000000000000000001
0.000000000000000000
0.000000000000000001
-0.000000000000000001
0.000000000000000001
-0.000000000000000001
0.000000000000000001
-0.000000000000000000
0.000000000000000000
-0.000000000000000001
0.000000000000000001
-0.000000000000000000
0.000000000000000000
-0.000000000000000000
0.000000000000000000
-0.000000000000000000
0.000000000000000000
-0.000000000000000000
-0.000000000000000000
0.000000000000000000
-0.000000000000000001
0.000000000000000001
-0.000000000000000001
0.000000000000000001
-0.000000000000000001
0.000000000000000000
0.000000000000000000
-0.000000000000000000
0.000000000000000001
-0.000000000000000000
-0.000000000000000000
0.000000000000000001
-0.000000000000000001
0.000000000000000001
-0.000000000000000000
-0.000000000000000000
0.000000000000000001
-0.000000000000000002
0.000000000000000002
-0.000000000000000002
0.000000000000000001
-0.000000000000000001
-0.000000000000000000
0.000000000000000001
-0.000000000000000001
0.000000000000000001
-0.000000000000000001
0.000000000000000000
