-0.000000000000000000
-0.000000000000000000
-0.000000000000000000
-0.000000000000000000
-0.000000000000000000
-0.000000000000000000
-0.000000000000000000
-0.000000000000000000
-0.000000000000000000
-0.000000000000000000
-0.000000000000000000
-0.000000000000000000
-0.000000000000000000
-0.000000000000000000
-0.000000000000000000
-0.000000000000000000
-0.000000000000000000
-0.000000000000000000
-0.000000000000000000
-0.000000000000000000
-0.000000000000000000
-0.000000000000000000
0.000000000000000000
0.000000000000000000
0.000000000000000000
0.000000000000000000
0.000000000000000000
0.000000000000000000
0.000000000000000000
0.000000000000000000
0.000000000000000000
0.000000000000000000
0.000000000000000001
0.000000000000000001
0.000000000000000003
0.000000000000000005
0.000000000000000008
0.000000000000000012
0.000000000000000015
0.000000000000000019
0.000000000000000022
0.000000000000000021
0.000000000000000011
-0.000000000000000047
-0.000000000000000068
-0.000000000000000167
-0.000000000000000184
-0.000000000000000126
-0.000000000000000083
-0.000000000000000041
-0.000000000000000041
-0.000000000000000081
-0.000000000000000161
-0.000000000000000146
-0.000000000000000149
-0.000000000000000254
-0.000000000000000233
-0.000000000000000021
0.000000000000000034
-0.000000000000000040
-0.000000000000000146
0.000000000000000032
0.000000000000000151
0.000000000000000038
-0.000000000000000084
-0.000000000000000019
-0.000000000000000027
-0.000000000000000249
-0.000000000000000785
-0.000000000000001954
-0.000000000000006342
-0.000000000000023059
-0.000000000000078251
-0.000000000000254439
-0.000000000000802895
-0.000000000002464003
-0.000000000007347684
-0.000000000021283546
-0.000000000059861097
-0.000000000163494420
-0.000000000434978523
-0.000000001127294782
-0.000000002844381073
-0.000000006983644675
-0.000000016683386925
-0.000000038892250037
-0.000000088482006165
-0.000000196352280853
-0.000000424760481669
-0.000000895529603653
-0.000001845132934359
-0.000003715943330046
-0.000007311262670089
-0.000014044931464352
-0.000026332840293353
-0.000048307818677234
-0.000086737575409988
-0.000152361725752566
-0.000261658618213299
-0.000439119227892890
-0.000721778409633656
-0.001162436026781270
-0.001833631397738359
-0.002830984347287539
-0.004275566287193327
-0.006329153622993040
-0.009187345427601223
-0.013073284120018146
-0.018223210562083075
-0.024865759586955246
-0.033268636709225634
-0.043663402383462439
-0.056196896376862766
-0.070873808058469726
-0.087506816140721824
-0.105901488980426992
-0.125655577440798083
-0.146108458319043344
-0.166315659725414761
-0.185076095940821000
-0.201404735300069609
-0.214225472900582165
-0.222403354331501435
-0.224821876304569734
-0.220509773004778031
-0.209184166872816213
-0.190854385100494489
-0.165829776564726361
-0.134745809997166982
-0.098586610138860706
-0.058828931906894685
-0.017098381255411473
0.024917112750135032
0.065537493751088347
0.103168094942412011
0.136509177787418279
0.164560114541928537
0.186627667398728492
0.202319990480488821
0.211542338865966101
0.214699649323345870
0.212418689954250811
0.205461631029442787
0.194659753599522090
0.180867698554724399
0.165076643205474299
0.148182711673663814
0.130946322299224566
0.113979431083125818
0.097750369640205573
0.082660968392537615
0.068968988497844011
0.056805119358409338
0.046198311382023731
0.037102276983374566
0.029438365444940943
0.023085972843238392
0.017899662162522392
0.013724224643935546
0.010406112555134907
0.007805258389467011
0.005793171597964456
0.004255813053358234
0.003094951276709718
0.002228141609180874
0.001588376415268546
0.001121467958782653
0.000784383834248167
0.000543549036869008
0.000373196065007114
0.000253924199274036
0.000171245655863703
0.000114486418322396
0.000075886069779933
0.000049873771759085
0.000032504893354064
0.000021011436342838
0.000013472623920311
0.000008570153843044
0.000005408803623747
0.000003387214412384
0.000002105063820629
0.000001298430570975
0.000000794968326681
0.000000483171421810
0.000000291552716381
0.000000174678879435
0.000000103923414590
0.000000061401544121
0.000000036031790772
0.000000021002482773
0.000000012161004538
0.000000006995491654
0.000000003998129145
0.000000002270579391
0.000000001281417215
0.000000000718700406
0.000000000400626764
0.000000000221974865
0.000000000122261915
0.000000000066947334
0.000000000036446618
0.000000000019728061
0.000000000010617880
0.000000000005683554
0.000000000003025610
0.000000000001601511
0.000000000000843515
0.000000000000442290
0.000000000000229682
0.000000000000119654
0.000000000000061742
0.000000000000031381
0.000000000000016138
0.000000000000008505
0.000000000000004058
0.000000000000001749
0.000000000000001596
0.000000000000000263
0.000000000000000043
0.000000000000000449
0.000000000000000045
-0.000000000000000366
0.000000000000000371
-0.000000000000000061
-0.000000000000000194
0.000000000000000267
0.000000000000000078
-0.000000000000000237
0.000000000000000053
0.000000000000000167
-0.000000000000000169
-0.000000000000000032
0.000000000000000272
-0.000000000000000085
-0.000000000000000164
0.000000000000000309
-0.000000000000000111
-0.000000000000000201
0.000000000000000200
0.000000000000000007
-0.000000000000000297
0.000000000000000196
0.000000000000000050
-0.000000000000000224
0.000000000000000138
0.000000000000000083
-0.000000000000000262
0.000000000000000192
-0.000000000000000012
-0.000000000000000129
0.000000000000000107
0.000000000000000082
-0.000000000000000217
0.000000000000000111
0.000000000000000202
-0.000000000000000411
0.000000000000000233
0.000000000000000106
-0.000000000000000467
0.000000000000000439
-0.000000000000000133
-0.000000000000000194
0.000000000000000201
0.000000000000000035
-0.000000000000000241
0.000000000000000205
0.000000000000000036
-0.000000000000000211
0.000000000000000268
-0.000000000000000091
0.000000000000000005
0.000000000000000018
0.000000000000000092
-0.000000000000000290
0.000000000000000287
-0.000000000000000120
-0.000000000000000107
0.000000000000000193
-0.000000000000000157
-0.000000000000000045
0.000000000000000248
-0.000000000000000244
0.000000000000000075
0.000000000000000129
-0.000000000000000227
0.000000000000000206
-0.000000000000000030
-0.000000000000000127
0.000000000000000134
-0.000000000000000066
-0.000000000000000052
0.000000000000000054
-0.000000000000000008
-0.000000000000000097
0.000000000000000129
0.000000000000000011
-0.000000000000000131
0.000000000000000195
-0.000000000000000076
-0.000000000000000066
0.000000000000000190
-0.000000000000000186
0.000000000000000083
0.000000000000000032
-0.000000000000000012
-0.000000000000000033
0.000000000000000019
-0.000000000000000097
0.000000000000000006
0.000000000000000009
-0.000000000000000003
-0.000000000000000123
0.000000000000000201
-0.000000000000000120
-0.000000000000000087
0.000000000000000335
-0.000000000000000441
0.000000000000000477
-0.000000000000000254
0.000000000000000069
-0.000000000000000003
0.000000000000000050
-0.000000000000000136
0.000000000000000256
-0.000000000000000289
0.000000000000000133
0.000000000000000040
-0.000000000000000110
0.000000000000000123
-0.000000000000000070
-0.000000000000000006
0.000000000000000072
-0.000000000000000100
0.000000000000000043
0.000000000000000027
-0.000000000000000057
0.000000000000000171
-0.000000000000000115
0.000000000000000082
0.000000000000000003
0.000000000000000023
0.000000000000000035
0.000000000000000065
-0.000000000000000088
0.000000000000000203
-0.000000000000000289
0.000000000000000307
-0.000000000000000223
0.000000000000000134
0.000000000000000048
-0.000000000000000142
0.000000000000000185
-0.000000000000000114
0.000000000000000030
0.000000000000000101
-0.000000000000000134
0.000000000000000145
-0.000000000000000030
-0.000000000000000079
0.000000000000000156
-0.000000000000000141
0.000000000000000167
-0.000000000000000057
0.000000000000000035
-0.000000000000000015
-0.000000000000000019
0.000000000000000012
-0.000000000000000067
0.000000000000000074
0.000000000000000001
0.000000000000000084
-0.000000000000000028
0.000000000000000022
-0.000000000000000005
0.000000000000000007
0.000000000000000025
0.000000000000000006
0.000000000000000044
-0.000000000000000033
-0.000000000000000065
-0.000000000000000013
-0.000000000000000060
0.000000000000000039
-0.000000000000000050
-0.000000000000000018
-0.000000000000000050
0.000000000000000014
-0.000000000000000047
0.000000000000000070
-0.000000000000000132
0.000000000000000140
-0.000000000000000192
0.000000000000000107
-0.000000000000000140
0.000000000000000066
-0.000000000000000050
-0.000000000000000019
0.000000000000000062
-0.000000000000000172
0.000000000000000176
-0.000000000000000242
0.000000000000000235
-0.000000000000000187
0.000000000000000157
-0.000000000000000135
0.000000000000000116
-0.000000000000000034
-0.000000000000000111
0.000000000000000147
-0.000000000000000211
0.000000000000000224
-0.000000000000000214
0.000000000000000170
-0.000000000000000111
-0.000000000000000002
0.000000000000000116
-0.000000000000000185
0.000000000000000297
-0.000000000000000398
0.000000000000000431
-0.000000000000000505
0.000000000000000432
-0.000000000000000442
0.000000000000000351
-0.000000000000000234
0.000000000000000241
-0.000000000000000207
0.000000000000000185
-0.000000000000000167
0.000000000000000116
-0.000000000000000074
-0.000000000000000003
0.000000000000000008
-0.000000000000000052
0.000000000000000068
-0.000000000000000091
0.000000000000000060
-0.000000000000000048
0.000000000000000044
-0.000000000000000004
0.000000000000000004
0.000000000000000056
-0.000000000000000078
0.000000000000000109
-0.000000000000000131
0.000000000000000127
-0.000000000000000122
0.000000000000000112
-0.000000000000000093
0.000000000000000064
-0.000000000000000030
-0.000000000000000012
0.000000000000000057
-0.000000000000000102
0.000000000000000131
-0.000000000000000145
0.000000000000000138
-0.000000000000000119
0.000000000000000093
-0.000000000000000066
0.000000000000000041
-0.000000000000000014
-0.000000000000000017
0.000000000000000053
-0.000000000000000089
0.000000000000000119
-0.000000000000000135
0.000000000000000136
-0.000000000000000125
0.000000000000000108
-0.000000000000000091
0.000000000000000075
-0.000000000000000057
0.000000000000000030
0.000000000000000009
-0.000000000000000058
0.000000000000000109
-0.000000000000000151
0.000000000000000176
-0.000000000000000178
0.000000000000000160
-0.000000000000000127
0.000000000000000084
-0.000000000000000035
-0.000000000000000016
0.000000000000000065
-0.000000000000000106
0.000000000000000134
-0.000000000000000145
0.000000000000000139
-0.000000000000000122
0.000000000000000100
-0.000000000000000078
0.000000000000000056
-0.000000000000000033
0.000000000000000001
0.000000000000000041
-0.000000000000000089
0.000000000000000134
-0.000000000000000165
0.000000000000000175
-0.000000000000000162
0.000000000000000133
-0.000000000000000094
0.000000000000000053
-0.000000000000000012
-0.000000000000000029
0.000000000000000071
-0.000000000000000111
0.000000000000000142
-0.000000000000000157
0.000000000000000152
-0.000000000000000129
0.000000000000000095
-0.000000000000000060
0.000000000000000028
