-0.000000000000000000
-0.000000000000000000
-0.000000000000000000
-0.000000000000000000
-0.000000000000000000
-0.000000000000000000
-0.000000000000000000
-0.000000000000000000
-0.000000000000000000
-0.000000000000000000
-0.000000000000000000
-0.000000000000000000
-0.000000000000000000
-0.000000000000000000
-0.000000000000000000
-0.000000000000000000
-0.000000000000000000
-0.000000000000000000
-0.000000000000000000
-0.000000000000000000
-0.000000000000000000
-0.000000000000000000
-0.000000000000000000
-0.000000000000000000
-0.000000000000000000
-0.000000000000000000
0.000000000000000000
0.000000000000000000
-0.000000000000000000
0.000000000000000000
0.000000000000000000
0.000000000000000000
0.000000000000000000
0.000000000000000000
0.000000000000000000
0.000000000000000000
0.000000000000000001
-0.000000000000000001
-0.000000000000000001
-0.000000000000000003
0.000000000000000001
0.000000000000000003
-0.000000000000000010
-0.000000000000000000
-0.000000000000000021
-0.000000000000000047
-0.000000000000000048
-0.000000000000000033
0.000000000000000049
0.000000000000000017
-0.000000000000000036
-0.000000000000000100
-0.000000000000000102
-0.000000000000000123
-0.000000000000000056
0.000000000000000033
0.000000000000000249
0.000000000000000138
-0.000000000000000024
-0.000000000000000088
0.000000000000000094
0.000000000000000232
0.000000000000000233
-0.000000000000000021
-0.000000000000000245
-0.000000000000000056
0.000000000000000239
0.000000000000000342
0.000000000000000286
0.000000000000000267
0.000000000000000837
0.000000000000003537
0.000000000000011530
0.000000000000037245
0.000000000000120043
0.000000000000373685
0.000000000001127782
0.000000000003308033
0.000000000009427686
0.000000000026099337
0.000000000070400410
0.000000000185040423
0.000000000473683758
0.000000001180366456
0.000000002863076939
0.000000006779561933
0.000000015673355789
0.000000035359231500
0.000000077800099882
0.000000166922865702
0.000000350180825009
0.000000718447673266
0.000001440879603575
0.000002823157041158
0.000005402468891194
0.000010122639255375
0.000018576913095553
0.000033377968924351
0.000058680701276864
0.000100905887039822
0.000170107173871968
0.000281251245404354
0.000455924960688780
0.000724214607411732
0.001126734788918842
0.001720495637361088
0.002579789074828192
0.003797647837851891
0.005485381672967961
0.007770380051929697
0.010814594039733500
0.014796616971843733
0.019899566395827548
0.026292889144376368
0.034112448830640255
0.043525761462594251
0.054652210075917966
0.067528232394466162
0.082071965641195149
0.098061322884211558
0.115335842191989293
0.133618420288548090
0.152486646727640784
0.171361481548154199
0.189530441285798101
0.206536486468002961
0.221885047395948970
0.235034856576198686
0.245415159073613637
0.252476835567698177
0.256134861439667960
0.256379648998463439
0.253248768909269728
0.246825393258211567
0.237259404422686865
0.225084714312245943
0.210848993596884610
0.195071185058240004
0.178227088986820548
0.160752231641036580
0.143211254326933324
0.126072216058248698
0.109693402370407617
0.094330091456614182
0.080150318632421197
0.067317700775201453
0.055908744196362749
0.045925218821814530
0.037312441634435305
0.029977505794783182
0.023824376202025852
0.018735442737274226
0.014581812004016583
0.011232804727162855
0.008563111187923295
0.006461847211162818
0.004828071746652187
0.003572429140470596
0.002617940127923255
0.001899874084545180
0.001365687693592839
0.000972592794099681
0.000686335133834723
0.000479960702204574
0.000332601112516096
0.000228436514165822
0.000155527531997719
0.000104981551924304
0.000070262568800796
0.000046627527329236
0.000030685285624135
0.000020028605950103
0.000012967615436096
0.000008329144977815
0.000005307474191480
0.000003355633443592
0.000002105295905358
0.000001310848894877
0.000000810092045868
0.000000496919335966
0.000000302587754658
0.000000182925807725
0.000000109799203397
0.000000065443098445
0.000000038735147795
0.000000022769907234
0.000000013294413437
0.000000007710201259
0.000000004442103419
0.000000002542616761
0.000000001446023952
0.000000000817153603
0.000000000458878272
0.000000000256090138
0.000000000142048101
0.000000000078317348
0.000000000042922401
0.000000000023384972
0.000000000012666806
0.000000000006821953
0.000000000003653148
0.000000000001945577
0.000000000001030309
0.000000000000542547
0.000000000000284430
0.000000000000148039
0.000000000000076806
0.000000000000039680
0.000000000000020149
0.000000000000010585
0.000000000000005119
0.000000000000002522
0.000000000000001592
0.000000000000000473
0.000000000000000352
0.000000000000000434
-0.000000000000000227
0.000000000000000135
0.000000000000000048
-0.000000000000000184
0.000000000000000165
-0.000000000000000005
-0.000000000000000014
-0.000000000000000075
0.000000000000000159
-0.000000000000000247
0.000000000000000245
-0.000000000000000170
0.000000000000000092
-0.000000000000000172
0.000000000000000212
-0.000000000000000281
0.000000000000000273
-0.000000000000000162
0.000000000000000157
-0.000000000000000228
0.000000000000000209
-0.000000000000000272
0.000000000000000150
-0.000000000000000124
-0.000000000000000069
0.000000000000000079
-0.000000000000000050
0.000000000000000001
0.000000000000000134
-0.000000000000000163
0.000000000000000150
-0.000000000000000107
0.000000000000000031
0.000000000000000139
-0.000000000000000106
0.000000000000000057
0.000000000000000083
-0.000000000000000128
0.000000000000000196
-0.000000000000000096
0.000000000000000001
0.000000000000000060
-0.000000000000000021
-0.000000000000000022
0.000000000000000086
-0.000000000000000125
0.000000000000000075
-0.000000000000000020
-0.000000000000000046
0.000000000000000060
-0.000000000000000004
-0.000000000000000050
0.000000000000000022
0.000000000000000022
-0.000000000000000036
-0.000000000000000005
0.000000000000000085
-0.000000000000000097
0.000000000000000045
0.000000000000000037
-0.000000000000000014
0.000000000000000002
0.000000000000000002
0.000000000000000040
-0.000000000000000172
0.000000000000000239
-0.000000000000000146
0.000000000000000043
0.000000000000000043
-0.000000000000000047
-0.000000000000000088
0.000000000000000186
-0.000000000000000118
0.000000000000000024
0.000000000000000141
-0.000000000000000144
0.000000000000000037
0.000000000000000160
-0.000000000000000196
0.000000000000000116
-0.000000000000000019
-0.000000000000000052
-0.000000000000000040
0.000000000000000218
-0.000000000000000376
0.000000000000000473
-0.000000000000000263
-0.000000000000000000
0.000000000000000137
-0.000000000000000199
0.000000000000000072
0.000000000000000012
0.000000000000000076
-0.000000000000000186
0.000000000000000356
-0.000000000000000387
0.000000000000000293
-0.000000000000000039
-0.000000000000000206
0.000000000000000292
-0.000000000000000219
0.000000000000000099
0.000000000000000026
-0.000000000000000035
-0.000000000000000080
0.000000000000000261
-0.000000000000000356
0.000000000000000320
-0.000000000000000193
0.000000000000000068
0.000000000000000060
-0.000000000000000098
-0.000000000000000014
0.000000000000000089
-0.000000000000000168
0.000000000000000165
-0.000000000000000083
0.000000000000000034
-0.000000000000000036
-0.000000000000000071
0.000000000000000010
0.000000000000000104
-0.000000000000000073
-0.000000000000000005
0.000000000000000081
-0.000000000000000166
0.000000000000000248
-0.000000000000000250
0.000000000000000208
-0.000000000000000139
0.000000000000000007
0.000000000000000010
-0.000000000000000119
0.000000000000000054
-0.000000000000000046
0.000000000000000007
-0.000000000000000044
0.000000000000000053
-0.000000000000000132
0.000000000000000216
-0.000000000000000279
0.000000000000000311
-0.000000000000000243
0.000000000000000156
-0.000000000000000171
0.000000000000000115
-0.000000000000000082
0.000000000000000056
-0.000000000000000055
0.000000000000000083
-0.000000000000000051
0.000000000000000007
0.000000000000000002
0.000000000000000064
-0.000000000000000069
0.000000000000000065
-0.000000000000000167
0.000000000000000297
-0.000000000000000216
0.000000000000000199
-0.000000000000000161
0.000000000000000138
-0.000000000000000010
-0.000000000000000008
0.000000000000000138
-0.000000000000000185
0.000000000000000184
-0.000000000000000176
0.000000000000000119
-0.000000000000000098
0.000000000000000096
-0.000000000000000104
0.000000000000000041
0.000000000000000020
0.000000000000000046
0.000000000000000028
-0.000000000000000055
0.000000000000000176
-0.000000000000000185
0.000000000000000222
-0.000000000000000278
0.000000000000000247
-0.000000000000000214
0.000000000000000166
-0.000000000000000110
0.000000000000000041
0.000000000000000053
-0.000000000000000159
0.000000000000000126
-0.000000000000000102
0.000000000000000170
-0.000000000000000091
0.000000000000000058
-0.000000000000000067
0.000000000000000055
0.000000000000000016
-0.000000000000000025
0.000000000000000004
0.000000000000000006
-0.000000000000000085
0.000000000000000075
-0.000000000000000117
0.000000000000000137
-0.000000000000000137
0.000000000000000197
-0.000000000000000173
0.000000000000000136
-0.000000000000000108
0.000000000000000077
-0.000000000000000041
-0.000000000000000008
0.000000000000000044
-0.000000000000000062
0.000000000000000088
-0.000000000000000104
0.000000000000000109
-0.000000000000000109
0.000000000000000104
-0.000000000000000097
0.000000000000000085
-0.000000000000000074
0.000000000000000062
-0.000000000000000051
0.000000000000000040
-0.000000000000000032
0.000000000000000024
-0.000000000000000018
0.000000000000000013
-0.000000000000000009
0.000000000000000006
-0.000000000000000004
0.000000000000000003
-0.000000000000000002
0.000000000000000001
-0.000000000000000001
0.000000000000000000
-0.000000000000000000
0.000000000000000000
-0.000000000000000000
0.000000000000000000
0.000000000000000000
-0.000000000000000000
0.000000000000000000
-0.000000000000000000
0.000000000000000000
-0.000000000000000000
0.000000000000000000
-0.000000000000000000
0.000000000000000000
-0.000000000000000000
0.000000000000000000
-0.000000000000000000
-0.000000000000000000
0.000000000000000000
-0.000000000000000000
0.000000000000000000
0.000000000000000000
-0.000000000000000000
0.000000000000000000
-0.000000000000000000
-0.000000000000000000
0.000000000000000000
-0.000000000000000000
0.000000000000000000
0.000000000000000000
-0.000000000000000000
0.000000000000000000
-0.000000000000000000
0.000000000000000000
0.000000000000000000
-0.000000000000000000
0.000000000000000000
-0.000000000000000000
0.000000000000000000
-0.000000000000000000
0.000000000000000000
-0.000000000000000000
0.000000000000000000
0.000000000000000000
-0.000000000000000000
0.000000000000000000
-0.000000000000000000
-0.000000000000000000
0.000000000000000000
-0.000000000000000000
0.000000000000000000
0.000000000000000000
-0.000000000000000000
0.000000000000000000
-0.000000000000000000
0.000000000000000000
-0.000000000000000000
0.000000000000000000
0.000000000000000000
-0.000000000000000000
0.000000000000000000
-0.000000000000000000
0.000000000000000000
-0.000000000000000000
0.000000000000000000
-0.000000000000000000
