-0.000000000000000000
0.000000000000000000
0.000000000000000000
0.000000000000000000
0.000000000000000000
0.000000000000000000
0.000000000000000000
0.000000000000000000
0.000000000000000000
0.000000000000000000
0.000000000000000000
0.000000000000000000
0.000000000000000000
0.000000000000000000
0.000000000000000000
0.000000000000000000
0.000000000000000000
0.000000000000000000
0.000000000000000000
0.000000000000000000
0.000000000000000000
0.000000000000000000
-0.000000000000000000
-0.000000000000000000
-0.000000000000000000
-0.000000000000000000
-0.000000000000000000
0.000000000000000000
0.000000000000000000
0.000000000000000000
0.000000000000000000
0.000000000000000000
-0.000000000000000000
-0.000000000000000001
-0.000000000000000001
-0.000000000000000003
-0.000000000000000003
-0.000000000000000006
-0.000000000000000008
-0.000000000000000011
-0.000000000000000005
-0.000000000000000011
0.000000000000000024
0.000000000000000028
0.000000000000000041
0.000000000000000059
0.000000000000000072
0.000000000000000036
-0.000000000000000058
-0.000000000000000085
-0.000000000000000087
-0.000000000000000020
0.000000000000000037
0.000000000000000020
-0.000000000000000131
-0.000000000000000208
-0.000000000000000106
-0.000000000000000068
-0.000000000000000020
0.000000000000000011
0.000000000000000049
0.000000000000000141
0.000000000000000050
0.000000000000000121
0.000000000000000101
0.000000000000000013
-0.000000000000000229
-0.000000000000000282
-0.000000000000000513
-0.000000000000001674
-0.000000000000006534
-0.000000000000023124
-0.000000000000078309
-0.000000000000255230
-0.000000000000805269
-0.000000000002470935
-0.000000000007368345
-0.000000000021341852
-0.000000000060021150
-0.000000000163922233
-0.000000000436092362
-0.000000001130118367
-0.000000002851347460
-0.000000007000362630
-0.000000016722402073
-0.000000038981056781
-0.000000088679187106
-0.000000196779099672
-0.000000425660586750
-0.000000897378369433
-0.000001848841415340
-0.000003723209617617
-0.000007325162083253
-0.000014070869321583
-0.000026380038754800
-0.000048391776149908
-0.000086883606622936
-0.000152609960357975
-0.000262070686756910
-0.000439786799224879
-0.000722836201740497
-0.001164075927553163
-0.001836117547593921
-0.002834666899868249
-0.004280891248560030
-0.006336683853215572
-0.009197762328097223
-0.013087371954706183
-0.018241816284827361
-0.024889725678509843
-0.033298778661367545
-0.043700410247657091
-0.056241202775734959
-0.070925431071071174
-0.087565200243862801
-0.105965519563468794
-0.125723490676334454
-0.146177780552290720
-0.166383206788792010
-0.185138064036253436
-0.201457033496473231
-0.214263952118894652
-0.222424082086807806
-0.224821455931739023
-0.220485683953284356
-0.209135045397210256
-0.190780205309299511
-0.165731956681847536
-0.134627230748572690
-0.098451519903699991
-0.058682525891484566
-0.016946480746370673
0.025068405400222593
0.065682152645700875
0.103300529957305626
0.136624736786811252
0.164655293886712600
0.186700219032541581
0.202368942190788464
0.211567938662611366
0.214703269518866702
0.212402602297405957
0.205428756226161746
0.194613411756617449
0.180811374369689914
0.165013730661647179
0.148116338710775591
0.130879231713354166
0.113913912205269363
0.097688230990532088
0.082603502151309002
0.068917014210581468
0.056759050667905361
0.046158232424797579
0.037068018908551312
0.029409559844362242
0.023062122380183112
0.017880201134927769
0.013708566795577576
0.010393686098001434
0.007795524783604450
0.005785642478209156
0.004250059331796659
0.003090605911559385
0.002224897823693289
0.001585982062513377
0.001119719783848437
0.000783120930433970
0.000542646134083446
0.000372557139100643
0.000253476577738742
0.000170935106921713
0.000114273014220263
0.000075740789880088
0.000049775780630374
0.000032439395069508
0.000020968043672470
0.000013444125511596
0.000008551596868166
0.000005396821735767
0.000003379541858738
0.000002100190614202
0.000001295360063304
0.000000793048851369
0.000000481980774397
0.000000290819781492
0.000000174231084166
0.000000103651848986
0.000000061238050189
0.000000035934062996
0.000000020944479093
0.000000012126816508
0.000000006975479112
0.000000003986493624
0.000000002263859494
0.000000001277560835
0.000000000716502269
0.000000000399382042
0.000000000221273425
0.000000000121870127
0.000000000066729361
0.000000000036325920
0.000000000019661796
0.000000000010581859
0.000000000005663920
0.000000000003014631
0.000000000001596188
0.000000000000840503
0.000000000000440084
0.000000000000229562
0.000000000000118798
0.000000000000061366
0.000000000000031523
0.000000000000015989
0.000000000000008352
0.000000000000003894
0.000000000000002302
0.000000000000000963
0.000000000000000483
0.000000000000000348
0.000000000000000097
-0.000000000000000042
0.000000000000000182
-0.000000000000000050
-0.000000000000000065
0.000000000000000115
0.000000000000000087
-0.000000000000000172
0.000000000000000108
-0.000000000000000106
-0.000000000000000123
0.000000000000000092
-0.000000000000000125
0.000000000000000085
0.000000000000000057
-0.000000000000000171
0.000000000000000092
-0.000000000000000186
0.000000000000000107
-0.000000000000000030
-0.000000000000000021
0.000000000000000033
-0.000000000000000041
-0.000000000000000012
0.000000000000000059
-0.000000000000000084
0.000000000000000148
-0.000000000000000150
-0.000000000000000008
0.000000000000000176
-0.000000000000000178
0.000000000000000102
0.000000000000000113
-0.000000000000000241
0.000000000000000156
-0.000000000000000006
-0.000000000000000190
0.000000000000000212
-0.000000000000000100
0.000000000000000042
-0.000000000000000121
0.000000000000000199
-0.000000000000000252
0.000000000000000097
0.000000000000000002
-0.000000000000000004
0.000000000000000001
-0.000000000000000040
0.000000000000000043
-0.000000000000000097
0.000000000000000070
-0.000000000000000021
0.000000000000000003
-0.000000000000000068
0.000000000000000084
-0.000000000000000085
0.000000000000000015
0.000000000000000030
-0.000000000000000056
-0.000000000000000023
0.000000000000000135
-0.000000000000000188
0.000000000000000122
-0.000000000000000100
0.000000000000000066
0.000000000000000013
-0.000000000000000012
0.000000000000000097
-0.000000000000000014
-0.000000000000000052
0.000000000000000030
-0.000000000000000006
-0.000000000000000071
0.000000000000000120
-0.000000000000000096
0.000000000000000030
0.000000000000000039
-0.000000000000000004
-0.000000000000000031
0.000000000000000104
-0.000000000000000182
0.000000000000000257
-0.000000000000000211
0.000000000000000103
0.000000000000000136
-0.000000000000000174
0.000000000000000202
0.000000000000000046
-0.000000000000000254
0.000000000000000382
-0.000000000000000221
-0.000000000000000024
0.000000000000000269
-0.000000000000000350
0.000000000000000191
-0.000000000000000020
-0.000000000000000100
0.000000000000000056
0.000000000000000052
-0.000000000000000204
0.000000000000000173
-0.000000000000000036
-0.000000000000000119
0.000000000000000208
-0.000000000000000150
-0.000000000000000040
0.000000000000000230
-0.000000000000000189
0.000000000000000134
0.000000000000000021
-0.000000000000000124
0.000000000000000097
-0.000000000000000065
-0.000000000000000032
0.000000000000000063
-0.000000000000000064
-0.000000000000000051
0.000000000000000148
-0.000000000000000173
0.000000000000000108
-0.000000000000000060
-0.000000000000000027
0.000000000000000056
-0.000000000000000083
0.000000000000000067
0.000000000000000019
-0.000000000000000094
0.000000000000000054
0.000000000000000084
-0.000000000000000102
0.000000000000000107
-0.000000000000000105
0.000000000000000075
-0.000000000000000056
0.000000000000000115
-0.000000000000000021
0.000000000000000083
-0.000000000000000101
0.000000000000000189
-0.000000000000000198
0.000000000000000113
-0.000000000000000139
0.000000000000000009
0.000000000000000016
-0.000000000000000034
0.000000000000000029
-0.000000000000000007
-0.000000000000000065
0.000000000000000129
-0.000000000000000148
0.000000000000000105
-0.000000000000000131
0.000000000000000068
-0.000000000000000072
0.000000000000000048
-0.000000000000000033
-0.000000000000000089
0.000000000000000036
-0.000000000000000128
0.000000000000000130
-0.000000000000000159
0.000000000000000139
-0.000000000000000188
0.000000000000000184
-0.000000000000000112
0.000000000000000091
-0.000000000000000031
-0.000000000000000121
0.000000000000000108
-0.000000000000000153
0.000000000000000096
-0.000000000000000050
0.000000000000000021
0.000000000000000094
-0.000000000000000097
0.000000000000000108
0.000000000000000034
-0.000000000000000057
0.000000000000000196
-0.000000000000000227
0.000000000000000257
-0.000000000000000218
0.000000000000000245
-0.000000000000000159
0.000000000000000085
0.000000000000000009
0.000000000000000019
0.000000000000000049
-0.000000000000000034
-0.000000000000000074
0.000000000000000098
-0.000000000000000170
0.000000000000000207
-0.000000000000000278
0.000000000000000233
-0.000000000000000214
0.000000000000000092
-0.000000000000000063
0.000000000000000013
0.000000000000000057
-0.000000000000000023
0.000000000000000042
0.000000000000000011
-0.000000000000000032
0.000000000000000041
-0.000000000000000064
0.000000000000000117
-0.000000000000000102
-0.000000000000000038
0.000000000000000043
-0.000000000000000114
0.000000000000000074
-0.000000000000000120
0.000000000000000137
-0.000000000000000030
0.000000000000000101
-0.000000000000000034
0.000000000000000026
-0.000000000000000010
-0.000000000000000002
0.000000000000000010
-0.000000000000000011
0.000000000000000024
0.000000000000000003
-0.000000000000000021
0.000000000000000044
-0.000000000000000067
0.000000000000000078
-0.000000000000000090
0.000000000000000105
-0.000000000000000115
0.000000000000000118
-0.000000000000000121
0.000000000000000120
-0.000000000000000110
0.000000000000000093
-0.000000000000000072
0.000000000000000048
-0.000000000000000028
0.000000000000000014
-0.000000000000000008
0.000000000000000010
-0.000000000000000016
0.000000000000000024
-0.000000000000000029
0.000000000000000028
-0.000000000000000021
0.000000000000000008
0.000000000000000009
-0.000000000000000026
0.000000000000000039
-0.000000000000000045
0.000000000000000044
-0.000000000000000035
0.000000000000000025
-0.000000000000000017
0.000000000000000014
-0.000000000000000018
0.000000000000000027
-0.000000000000000038
0.000000000000000047
-0.000000000000000052
0.000000000000000053
-0.000000000000000050
0.000000000000000045
-0.000000000000000040
0.000000000000000034
-0.000000000000000027
0.000000000000000020
-0.000000000000000013
0.000000000000000006
-0.000000000000000001
-0.000000000000000002
0.000000000000000002
-0.000000000000000001
-0.000000000000000001
0.000000000000000002
-0.000000000000000000
-0.000000000000000004
0.000000000000000008
-0.000000000000000012
0.000000000000000013
-0.000000000000000009
0.000000000000000001
0.000000000000000010
-0.000000000000000022
0.000000000000000033
-0.000000000000000038
0.000000000000000036
-0.000000000000000028
0.000000000000000015
-0.000000000000000000
-0.000000000000000011
0.000000000000000018
-0.000000000000000019
0.000000000000000016
-0.000000000000000009
