9.03644196
7.71019922
6.56234006
5.57015961
4.71377050
3.97575754
3.34087444
2.79577750
2.32879178
1.92970578
1.58959114
1.30064446
1.05604834
0.84984945
0.67685155
0.53252155
0.41290714
0.31456448
0.23449478
0.17008868
0.11907746
0.07949027
0.04961660
0.02797346
0.01327653
0.00441489
0.00042900
0.00049122
0.00388895
0.01000970
0.01832817
0.02839486
0.03982612
0.05229549
0.06552609
0.07928398
0.09337242
0.10762676
0.12191006
0.13610926
0.15013183
0.16390284
0.17736245
0.19046371
0.20317062
0.21545651
0.22730257
0.23869664
0.24963210
0.26010697
0.27012311
0.27968549
0.28880166
0.29748122
0.30573536
0.31357653
0.32101811
0.32807414
0.33475912
0.34108779
0.34707500
0.35273555
0.35808412
0.36313518
0.36790287
0.37240101
0.37664302
0.38064189
0.38441017
0.38795994
0.39130280
0.39444989
0.39741186
0.40019889
0.40282068
0.40528649
0.40760512
0.40978493
0.41183387
0.41375947
0.41556887
0.41726885
0.41886580
0.42036576
0.42177448
0.42309735
0.42433947
0.42550566
0.42660046
0.42762816
0.42859279
0.42949816
0.43034784
0.43114522
0.43189346
0.43259555
0.43325431
0.43387238
0.43445224
0.43499624
0.43550657
0.43598529
0.43643435
0.43685557
0.43725067
