0.000000000000000
-0.000000000000000
-0.000000000000000
-0.000000000000000
-0.000000000000000
-0.000000000000000
0.000000000000000
0.000000000000000
-0.000000000000000
0.000000000000000
-0.000000000000000
-0.000000000000000
0.000000000000000
0.000000000000000
0.000000000000000
0.000000000000000
0.000000000000000
0.000000000000000
-0.000000000000000
-0.000000000000000
-0.000000000000000
-0.000000000000000
0.000000000000000
0.000000000000000
0.000000000000000
0.000000000000000
-0.000000000000000
-0.000000000000000
0.000000000000000
-0.000000000000000
-0.000000000000000
0.000000000000000
0.000000000000000
0.000000000000000
-0.000000000000000
-0.000000000000000
-0.000000000000000
-0.000000000000000
-0.000000000000000
0.000000000000000
0.000000000000000
-0.000000000000000
-0.000000000000000
0.000000000000000
-0.000000000000000
-0.000000000000000
-0.000000000000000
-0.000000000000000
-0.000000000000001
-0.000000000000000
-0.000000000000000
-0.000000000000000
0.000000000000000
0.000000000000000
0.000000000000000
-0.000000000000000
-0.000000000000001
-0.000000000000001
-0.000000000000000
-0.000000000000000
-0.000000000000000
-0.000000000000000
-0.000000000000000
-0.000000000000000
-0.000000000000000
-0.000000000000000
-0.000000000000000
-0.000000000000000
-0.000000000000000
0.000000000000000
0.000000000000000
0.000000000000000
0.000000000000000
0.000000000000000
-0.000000000000000
0.000000000000000
0.000000000000000
0.000000000000000
-0.000000000000000
0.000000000000000
0.000000000000000
0.000000000000000
0.000000000000000
0.000000000000000
-0.000000000000000
-0.000000000000000
-0.000000000000000
-0.000000000000000
-0.000000000000000
0.000000000000000
0.000000000000000
-0.000000000000000
-0.000000000000000
-0.000000000000000
-0.000000000000000
0.000000000000000
0.000000000000000
0.000000000000000
0.000000000000000
0.000000000000000
0.000000000000000
0.000000000000000
0.000000000000000
0.000000000000001
0.000000000000000
0.000000000000000
-0.000000000000000
-0.000000000000000
-0.000000000000000
-0.000000000000000
0.000000000000000
-0.000000000000000
0.000000000000000
0.000000000000000
0.000000000000000
-0.000000000000000
0.000000000000000
0.000000000000000
-0.000000000000000
-0.000000000000000
-0.000000000000001
-0.000000000000000
-0.000000000000001
-0.000000000000000
0.000000000000001
0.000000000000001
0.000000000000001
0.000000000000001
0.000000000000001
0.000000000000001
0.000000000000000
0.000000000000000
0.000000000000000
0.000000000000000
0.000000000000000
0.000000000000000
0.000000000000000
0.000000000000000
0.000000000000000
-0.000000000000000
0.000000000000000
-0.000000000000000
-0.000000000000000
0.000000000000000
0.000000000000000
-0.000000000000000
-0.000000000000001
-0.000000000000000
-0.000000000000001
-0.000000000000000
-0.000000000000000
-0.000000000000000
-0.000000000000000
0.000000000000000
-0.000000000000000
-0.000000000000000
-0.000000000000000
-0.000000000000000
0.000000000000001
0.000000000000001
0.000000000000001
0.000000000000001
0.000000000000001
0.000000000000001
0.000000000000001
0.000000000000000
-0.000000000000000
-0.000000000000000
-0.000000000000000
-0.000000000000001
-0.000000000000001
-0.000000000000001
-0.000000000000001
-0.000000000000001
-0.000000000000001
-0.000000000000001
-0.000000000000001
-0.000000000000000
-0.000000000000000
0.000000000000000
0.000000000000000
0.000000000000000
-0.000000000000000
0.000000000000000
-0.000000000000000
-0.000000000000001
-0.000000000000001
-0.000000000000001
-0.000000000000000
0.000000000000000
0.000000000000000
0.000000000000001
0.000000000000001
0.000000000000001
0.000000000000001
0.000000000000001
0.000000000000001
0.000000000000000
0.000000000000000
-0.000000000000001
-0.000000000000000
-0.000000000000000
-0.000000000000000
-0.000000000000000
0.000000000000000
0.000000000000000
0.000000000000000
0.000000000000001
0.000000000000001
0.000000000000001
0.000000000000000
-0.000000000000000
0.000000000000000
-0.000000000000000
0.000000000000000
0.000000000000001
0.000000000000001
0.000000000000000
0.000000000000000
-0.000000000000000
-0.000000000000001
-0.000000000000001
-0.000000000000001
-0.000000000000001
-0.000000000000001
-0.000000000000002
-0.000000000000002
-0.000000000000002
-0.000000000000002
-0.000000000000002
-0.000000000000001
-0.000000000000001
-0.000000000000001
-0.000000000000000
-0.000000000000001
-0.000000000000001
-0.000000000000001
-0.000000000000002
-0.000000000000002
-0.000000000000003
-0.000000000000002
-0.000000000000003
-0.000000000000003
-0.000000000000003
-0.000000000000004
-0.000000000000004
-0.000000000000005
-0.000000000000007
-0.000000000000009
-0.000000000000012
-0.000000000000016
-0.000000000000022
-0.000000000000031
-0.000000000000043
-0.000000000000061
-0.000000000000087
-0.000000000000123
-0.000000000000174
-0.000000000000245
-0.000000000000346
-0.000000000000486
-0.000000000000682
-0.000000000000955
-0.000000000001333
-0.000000000001859
-0.000000000002587
-0.000000000003592
-0.000000000004978
-0.000000000006884
-0.000000000009500
-0.000000000013082
-0.000000000017976
-0.000000000024649
-0.000000000033726
-0.000000000046045
-0.000000000062725
-0.000000000085260
-0.000000000115639
-0.000000000156500
-0.000000000211335
-0.000000000284761
-0.000000000382858
-0.000000000513624
-0.000000000687548
-0.000000000918355
-0.000000001223960
-0.000000001627696
-0.000000002159878
-0.000000002859793
-0.000000003778242
-0.000000004980749
-0.000000006551627
-0.000000008599106
-0.000000011261780
-0.000000014716697
-0.000000019189482
-0.000000024966963
-0.000000032412891
-0.000000041987438
-0.000000054271339
-0.000000069995679
-0.000000090078565
-0.000000115670125
-0.000000148207595
-0.000000189482548
-0.000000241722716
-0.000000307691286
-0.000000390807059
-0.000000495289435
-0.000000626332837
-0.000000790315938
-0.000000995051895
-0.000001250086728
-0.000001567054028
-0.000001960095348
-0.000002446356909
-0.000003046574631
-0.000003785761037
-0.000004694009197
-0.000005807430597
-0.000007169245694
-0.000008831047762
-0.000010854262669
-0.000013311829145
-0.000016290126142
-0.000019891175746
-0.000024235151956
-0.000029463227238
-0.000035740790144
-0.000043261068327
-0.000052249191849
-0.000062966731764
-0.000075716748297
-0.000090849381574
-0.000108768015505
-0.000129936042020
-0.000154884248275
-0.000184218843450
-0.000218630134363
-0.000258901849992
-0.000305921104221
-0.000360688973464
-0.000424331651214
-0.000498112125094
-0.000583442303405
-0.000681895497832
-0.000795219146675
-0.000925347639043
-0.001074415075145
-0.001244767771188
-0.001438976290182
-0.001659846752191
-0.001910431150214
-0.002194036371122
-0.002514231596000
-0.002874853731282
-0.003280010502277
-0.003734080824827
-0.004241712059842
-0.004807813750326
-0.005437547442068
-0.006136312198448
-0.006909725437527
-0.007763598746695
-0.008703908367078
-0.009736760087403
-0.010868348345269
-0.012104909402943
-0.013452668544831
-0.014917781334268
-0.016506269067518
-0.018223948672045
-0.020076357412839
-0.022068672893280
-0.024205628963889
-0.026491428281053
-0.028929652386022
-0.031523170299475
-0.034274046745783
-0.037183451230791
-0.040251569294391
-0.043477517341182
-0.046859262516162
-0.050393549134727
-0.054075833194633
-0.057900226489675
-0.061859451808766
-0.065944810638439
-0.070146164690617
-0.074451932450702
-0.078849101783938
-0.083323259451833
-0.087858638177069
-0.092438181657369
-0.097043627669638
-0.101655609129241
-0.106253772680274
-0.110816914096252
-0.115323129472234
-0.119749980895193
-0.124074674995320
-0.128274252513103
-0.132325786771641
-0.136206588726325
-0.139894416080342
-0.143367683809097
-0.146605673333942
-0.149588737528734
-0.152298498734216
-0.154718036996501
-0.156832065837257
-0.158627093003967
-0.160091563836861
-0.161215985122070
-0.161993027574023
-0.162417605399484
-0.162486931734905
-0.162200549111728
-0.161560334483711
-0.160570478738998
-0.159237441009790
-0.157569878476510
-0.155578552733699
-0.153276214134397
-0.150677465851737
-0.147798609684870
-0.144657475885895
-0.141273239490874
-0.137666225797900
-0.133857707746274
-0.129869698012000
-0.125724738645891
-0.121445691042645
-0.117055528944325
-0.112577137052676
-0.108033117655717
-0.103445607469242
-0.098836106658925
-0.094225321748916
-0.089633023844324
-0.085077923303892
-0.080577561701590
-0.076148221617832
-0.071804854508281
-0.067561026616098
-0.063428882626818
-0.059419126518205
-0.055541018833806
-0.051802389411728
-0.048209664431258
-0.044767906501041
-0.041480866404220
-0.038351045038218
-0.035379764039287
-0.032567243563068
-0.029912685700745
-0.027414362043586
-0.025069703964283
-0.022875394258726
-0.020827458883673
-0.018921357631097
-0.017152072695698
-0.015514194215125
-0.014002001989802
-0.012609542718233
-0.011330702211645
-0.010159272176498
-0.009089011272807
-0.008113700268579
-0.007227191214666
-0.006423450658838
-0.005696597002107
-0.005040932173884
-0.004450967865120
-0.003921446610275
-0.003447358050038
-0.003023950737591
-0.002646739872520
-0.002311511358986
-0.002014322589178
-0.001751500350480
-0.001519636245913
-0.001315580003319
-0.001136431030356
-0.000979528550547
-0.000842440631185
-0.000722952387718
-0.000619053621973
-0.000528926123888
-0.000450930838883
-0.000383595076093
-0.000325599906756
-0.000275767877574
-0.000233051140855
-0.000196520082117
-0.000165352506544
-0.000138823428398
-0.000116295492090
-0.000097210040269
-0.000081078832726
-0.000067476410157
-0.000056033088799
-0.000046428565392
-0.000038386106825
-0.000031667294978
-0.000026067294538
-0.000021410609827
-0.000017547295778
-0.000014349588002
-0.000011708917286
-0.000009533274747
-0.000007744895117
-0.000006278227180
-0.000005078162121
-0.000004098492458
-0.000003300576147
-0.000002652182502
-0.000002126498501
-0.000001701276007
-0.000001358102314
-0.000001081778163
-0.000000859789100
-0.000000681857556
-0.000000539564504
-0.000000426030872
-0.000000335650075
-0.000000263864158
-0.000000206976969
-0.000000161998727
-0.000000126517073
-0.000000098590398
-0.000000076659864
-0.000000059477048
-0.000000046044599
-0.000000035567710
-0.000000027414544
-0.000000021084051
-0.000000016179869
-0.000000012389216
-0.000000009465870
-0.000000007216476
-0.000000005489561
-0.000000004166755
-0.000000003155776
-0.000000002384856
-0.000000001798316
-0.000000001353062
-0.000000001015821
-0.000000000760965
-0.000000000568801
-0.000000000424231
-0.000000000315714
-0.000000000234440
-0.000000000173707
-0.000000000128425
-0.000000000094740
-0.000000000069737
-0.000000000051220
-0.000000000037537
-0.000000000027450
-0.000000000020029
-0.000000000014582
-0.000000000010593
-0.000000000007679
-0.000000000005554
-0.000000000004008
-0.000000000002887
-0.000000000002074
-0.000000000001488
-0.000000000001064
-0.000000000000759
-0.000000000000541
-0.000000000000384
-0.000000000000273
-0.000000000000193
-0.000000000000136
-0.000000000000096
-0.000000000000067
-0.000000000000048
-0.000000000000033
-0.000000000000023
-0.000000000000016
-0.000000000000011
-0.000000000000008
-0.000000000000006
-0.000000000000004
-0.000000000000003
-0.000000000000002
-0.000000000000001
-0.000000000000001
-0.000000000000000
-0.000000000000001
-0.000000000000000
-0.000000000000000
-0.000000000000000
0.000000000000000
-0.000000000000000
0.000000000000000
-0.000000000000000
-0.000000000000000
0.000000000000000
-0.000000000000000
0.000000000000000
0.000000000000000
-0.000000000000000
0.000000000000000
-0.000000000000000
0.000000000000000
-0.000000000000000
0.000000000000000
-0.000000000000000
-0.000000000000000
0.000000000000000
-0.000000000000000
0.000000000000000
0.000000000000000
-0.000000000000000
0.000000000000000
-0.000000000000000
0.000000000000000
-0.000000000000000
0.000000000000000
-0.000000000000000
-0.000000000000000
0.000000000000000
-0.000000000000000
0.000000000000000
-0.000000000000000
0.000000000000000
-0.000000000000000
0.000000000000000
0.000000000000000
0.000000000000000
-0.000000000000000
0.000000000000000
-0.000000000000000
0.000000000000000
-0.000000000000000
0.000000000000000
-0.000000000000000
0.000000000000000
-0.000000000000000
0.000000000000000
-0.000000000000000
0.000000000000000
-0.000000000000000
-0.000000000000000
0.000000000000000
-0.000000000000000
0.000000000000000
-0.000000000000000
0.000000000000000
0.000000000000000
-0.000000000000000
0.000000000000000
-0.000000000000000
0.000000000000000
-0.000000000000000
0.000000000000000
0.000000000000000
-0.000000000000000
0.000000000000000
-0.000000000000000
0.000000000000000
-0.000000000000000
0.000000000000000
-0.000000000000000
-0.000000000000000
0.000000000000000
-0.000000000000000
0.000000000000000
-0.000000000000000
0.000000000000000
-0.000000000000000
0.000000000000000
-0.000000000000000
-0.000000000000000
-0.000000000000000
0.000000000000000
-0.000000000000000
0.000000000000000
-0.000000000000000
0.000000000000000
-0.000000000000000
0.000000000000000
-0.000000000000000
0.000000000000000
-0.000000000000000
0.000000000000000
0.000000000000000
-0.000000000000000
0.000000000000000
-0.000000000000000
-0.000000000000000
0.000000000000000
-0.000000000000000
0.000000000000000
-0.000000000000000
0.000000000000000
-0.000000000000000
-0.000000000000000
0.000000000000000
-0.000000000000000
0.000000000000000
-0.000000000000000
0.000000000000000
0.000000000000000
-0.000000000000000
0.000000000000000
-0.000000000000000
0.000000000000000
0.000000000000000
-0.000000000000000
0.000000000000000
-0.000000000000000
0.000000000000000
-0.000000000000000
0.000000000000000
0.000000000000000
-0.000000000000000
0.000000000000000
-0.000000000000000
0.000000000000000
-0.000000000000000
0.000000000000000
-0.000000000000000
-0.000000000000000
0.000000000000000
-0.000000000000000
0.000000000000000
0.000000000000000
-0.000000000000000
0.000000000000000
-0.000000000000000
0.000000000000000
-0.000000000000000
-0.000000000000000
0.000000000000000
-0.000000000000000
0.000000000000000
-0.000000000000000
0.000000000000000
-0.000000000000000
-0.000000000000000
0.000000000000000
-0.000000000000000
0.000000000000000
-0.000000000000000
0.000000000000000
-0.000000000000000
0.000000000000000
-0.000000000000000
0.000000000000000
0.000000000000000
-0.000000000000000
0.000000000000000
0.000000000000000
-0.000000000000000
0.000000000000000
-0.000000000000000
-0.000000000000000
0.000000000000000
-0.000000000000000
0.000000000000000
-0.000000000000000
-0.000000000000000
0.000000000000000
-0.000000000000000
0.000000000000000
-0.000000000000000
0.000000000000000
-0.000000000000000
0.000000000000000
0.000000000000000
-0.000000000000000
0.000000000000000
-0.000000000000000
0.000000000000000
0.000000000000000
-0.000000000000000
0.000000000000000
-0.000000000000000
0.000000000000000
-0.000000000000000
-0.000000000000000
0.000000000000000
-0.000000000000000
0.000000000000000
-0.000000000000000
-0.000000000000000
0.000000000000000
-0.000000000000000
0.000000000000000
-0.000000000000000
-0.000000000000000
0.000000000000000
-0.000000000000000
-0.000000000000000
0.000000000000000
-0.000000000000000
0.000000000000000
-0.000000000000000
0.000000000000000
-0.000000000000000
0.000000000000000
0.000000000000000
-0.000000000000000
0.000000000000000
-0.000000000000000
-0.000000000000000
0.000000000000000
-0.000000000000000
0.000000000000000
-0.000000000000000
0.000000000000000
0.000000000000000
-0.000000000000000
0.000000000000000
-0.000000000000000
0.000000000000000
0.000000000000000
0.000000000000000
-0.000000000000000
0.000000000000000
-0.000000000000000
0.000000000000000
-0.000000000000000
0.000000000000000
-0.000000000000000
0.000000000000000
-0.000000000000000
-0.000000000000000
0.000000000000000
-0.000000000000000
0.000000000000000
-0.000000000000000
0.000000000000000
-0.000000000000000
0.000000000000000
-0.000000000000000
0.000000000000000
0.000000000000000
-0.000000000000000
0.000000000000000
-0.000000000000000
0.000000000000000
-0.000000000000000
0.000000000000000
-0.000000000000000
-0.000000000000000
0.000000000000000
-0.000000000000000
0.000000000000000
0.000000000000000
-0.000000000000000
0.000000000000000
-0.000000000000000
0.000000000000000
-0.000000000000000
-0.000000000000000
0.000000000000000
-0.000000000000000
0.000000000000000
-0.000000000000000
-0.000000000000000
0.000000000000000
-0.000000000000000
0.000000000000000
-0.000000000000000
-0.000000000000000
0.000000000000000
-0.000000000000000
0.000000000000000
-0.000000000000000
-0.000000000000000
0.000000000000000
-0.000000000000000
0.000000000000000
-0.000000000000000
0.000000000000000
0.000000000000000
-0.000000000000000
0.000000000000000
-0.000000000000000
0.000000000000000
-0.000000000000000
0.000000000000000
-0.000000000000000
0.000000000000000
0.000000000000000
-0.000000000000000
0.000000000000000
-0.000000000000000
0.000000000000000
-0.000000000000000
-0.000000000000000
0.000000000000000
-0.000000000000000
0.000000000000000
-0.000000000000000
0.000000000000000
-0.000000000000000
-0.000000000000000
0.000000000000000
-0.000000000000000
0.000000000000000
-0.000000000000000
0.000000000000000
-0.000000000000000
0.000000000000000
-0.000000000000000
0.000000000000000
-0.000000000000000
-0.000000000000000
0.000000000000000
-0.000000000000000
0.000000000000000
-0.000000000000000
0.000000000000000
0.000000000000000
-0.000000000000000
-0.000000000000000
0.000000000000000
-0.000000000000000
0.000000000000000
-0.000000000000000
0.000000000000000
-0.000000000000000
-0.000000000000000
0.000000000000000
-0.000000000000000
0.000000000000000
-0.000000000000000
0.000000000000000
-0.000000000000000
0.000000000000000
-0.000000000000000
0.000000000000000
-0.000000000000000
0.000000000000000
0.000000000000000
-0.000000000000000
0.000000000000000
-0.000000000000000
0.000000000000000
-0.000000000000000
0.000000000000000
-0.000000000000000
0.000000000000000
-0.000000000000000
0.000000000000000
-0.000000000000000
0.000000000000000
-0.000000000000000
-0.000000000000000
0.000000000000000
-0.000000000000000
0.000000000000000
-0.000000000000000
-0.000000000000000
0.000000000000000
-0.000000000000000
0.000000000000000
-0.000000000000000
0.000000000000000
-0.000000000000000
0.000000000000000
-0.000000000000000
0.000000000000000
0.000000000000000
-0.000000000000000
0.000000000000000
-0.000000000000000
0.000000000000000
-0.000000000000000
-0.000000000000000
0.000000000000000
-0.000000000000000
0.000000000000000
-0.000000000000000
0.000000000000000
0.000000000000000
-0.000000000000000
0.000000000000000
-0.000000000000000
0.000000000000000
0.000000000000000
-0.000000000000000
0.000000000000000
-0.000000000000000
-0.000000000000000
0.000000000000000
-0.000000000000000
0.000000000000000
-0.000000000000000
0.000000000000000
0.000000000000000
-0.000000000000000
0.000000000000000
-0.000000000000000
0.000000000000000
-0.000000000000000
0.000000000000000
-0.000000000000000
0.000000000000000
-0.000000000000000
0.000000000000000
-0.000000000000000
0.000000000000000
-0.000000000000000
0.000000000000000
-0.000000000000000
0.000000000000000
-0.000000000000000
0.000000000000000
-0.000000000000000
0.000000000000000
0.000000000000000
0.000000000000000
0.000000000000000
-0.000000000000000
0.000000000000000
0.000000000000000
-0.000000000000000
0.000000000000000
-0.000000000000000
0.000000000000000
0.000000000000000
0.000000000000000
-0.000000000000000
0.000000000000000
-0.000000000000000
-0.000000000000000
0.000000000000000
-0.000000000000000
0.000000000000000
-0.000000000000000
-0.000000000000000
0.000000000000000
-0.000000000000000
0.000000000000000
-0.000000000000000
0.000000000000000
0.000000000000000
-0.000000000000000
0.000000000000000
-0.000000000000000
0.000000000000000
0.000000000000000
-0.000000000000000
0.000000000000000
-0.000000000000000
0.000000000000000
-0.000000000000000
-0.000000000000000
0.000000000000000
-0.000000000000000
0.000000000000000
0.000000000000000
-0.000000000000000
0.000000000000000
-0.000000000000000
0.000000000000000
0.000000000000000
-0.000000000000000
0.000000000000000
-0.000000000000000
-0.000000000000000
0.000000000000000
-0.000000000000000
0.000000000000000
-0.000000000000000
-0.000000000000000
0.000000000000000
-0.000000000000000
0.000000000000000
-0.000000000000000
-0.000000000000000
0.000000000000000
-0.000000000000000
0.000000000000000
0.000000000000000
-0.000000000000000
0.000000000000000
-0.000000000000000
0.000000000000000
0.000000000000000
-0.000000000000000
0.000000000000000
-0.000000000000000
-0.000000000000000
0.000000000000000
-0.000000000000000
0.000000000000000
-0.000000000000000
0.000000000000000
-0.000000000000000
0.000000000000000
-0.000000000000000
0.000000000000000
0.000000000000000
-0.000000000000000
0.000000000000000
-0.000000000000000
0.000000000000000
-0.000000000000000
0.000000000000000
-0.000000000000000
-0.000000000000000
0.000000000000000
-0.000000000000000
0.000000000000000
-0.000000000000000
-0.000000000000000
0.000000000000000
-0.000000000000000
0.000000000000000
-0.000000000000000
-0.000000000000000
0.000000000000000
-0.000000000000000
