0.75000000000000
0.77500000000000
0.80000000000000
0.82500000000000
0.85000000000000
0.87500000000000
0.90000000000000
0.92500000000000
0.95000000000000
0.97500000000000
1.00000000000000
1.02500000000000
1.05000000000000
1.07500000000000
1.10000000000000
1.12500000000000
1.15000000000000
1.17500000000000
1.20000000000000
1.22500000000000
1.25000000000000
1.27500000000000
1.30000000000000
1.32500000000000
1.35000000000000
1.37500000000000
1.40000000000000
1.42500000000000
1.45000000000000
1.47500000000000
1.50000000000000
1.52500000000000
1.55000000000000
1.57500000000000
1.60000000000000
1.62500000000000
1.65000000000000
1.67500000000000
1.70000000000000
1.72500000000000
1.75000000000000
1.77500000000000
1.80000000000000
1.82500000000000
1.85000000000000
1.87500000000000
1.90000000000000
1.92500000000000
1.95000000000000
1.97500000000000
2.00000000000000
2.02500000000000
2.05000000000000
2.07500000000000
2.10000000000000
2.12500000000000
2.15000000000000
2.17500000000000
2.20000000000000
2.22500000000000
2.25000000000000
2.27500000000000
2.30000000000000
2.32500000000000
2.35000000000000
2.37500000000000
2.40000000000000
2.42500000000000
2.45000000000000
2.47500000000000
2.50000000000000
2.52500000000000
2.55000000000000
2.57500000000000
2.60000000000000
2.62500000000000
2.65000000000000
2.67500000000000
2.70000000000000
2.72500000000000
2.75000000000000
2.77500000000000
2.80000000000000
2.82500000000000
2.85000000000000
2.87500000000000
2.90000000000000
2.92500000000000
2.95000000000000
2.97500000000000
3.00000000000000
3.02500000000000
3.05000000000000
3.07500000000000
3.10000000000000
3.12500000000000
3.15000000000000
3.17500000000000
3.20000000000000
3.22500000000000
3.25000000000000
3.27500000000000
3.30000000000000
3.32500000000000
3.35000000000000
3.37500000000000
3.40000000000000
3.42500000000000
3.45000000000000
3.47500000000000
3.50000000000000
3.52500000000000
3.55000000000000
3.57500000000000
3.60000000000000
3.62500000000000
3.65000000000000
3.67500000000000
3.70000000000000
3.72500000000000
3.75000000000000
3.77500000000000
3.80000000000000
3.82500000000000
3.85000000000000
3.87500000000000
3.90000000000000
3.92500000000000
3.95000000000000
3.97500000000000
4.00000000000000
4.02500000000000
4.05000000000000
4.07500000000000
4.10000000000000
4.12500000000000
4.15000000000000
4.17500000000000
4.20000000000000
4.22500000000000
4.25000000000000
4.27500000000000
4.30000000000000
4.32500000000000
4.35000000000000
4.37500000000000
4.40000000000000
4.42500000000000
4.45000000000000
4.47500000000000
4.50000000000000
4.52500000000000
4.55000000000000
4.57500000000000
4.60000000000000
4.62500000000000
4.65000000000000
4.67500000000000
4.70000000000000
4.72500000000000
4.75000000000000
4.77500000000000
4.80000000000000
4.82500000000000
4.85000000000000
4.87500000000000
4.90000000000000
4.92500000000000
4.95000000000000
4.97500000000000
5.00000000000000
5.02500000000000
5.05000000000000
5.07500000000000
5.10000000000000
5.12500000000000
5.15000000000000
5.17500000000000
5.20000000000000
5.22500000000000
5.25000000000000
5.27500000000000
5.30000000000000
5.32500000000000
5.35000000000000
5.37500000000000
5.40000000000000
5.42500000000000
5.45000000000000
5.47500000000000
5.50000000000000
5.52500000000000
5.55000000000000
5.57500000000000
5.60000000000000
5.62500000000000
5.65000000000000
5.67500000000000
5.70000000000000
5.72500000000000
5.75000000000000
5.77500000000000
5.80000000000000
5.82500000000000
5.85000000000000
5.87500000000000
5.90000000000000
5.92500000000000
5.95000000000000
5.97500000000000
