-0.000000000000000000
-0.000000000000000000
-0.000000000000000000
-0.000000000000000000
-0.000000000000000000
-0.000000000000000000
-0.000000000000000000
-0.000000000000000000
-0.000000000000000000
-0.000000000000000000
-0.000000000000000000
-0.000000000000000000
-0.000000000000000000
-0.000000000000000000
-0.000000000000000000
-0.000000000000000000
-0.000000000000000000
-0.000000000000000000
-0.000000000000000000
-0.000000000000000000
-0.000000000000000000
0.000000000000000000
0.000000000000000000
0.000000000000000000
0.000000000000000000
0.000000000000000000
0.000000000000000000
0.000000000000000000
-0.000000000000000000
0.000000000000000000
-0.000000000000000000
0.000000000000000000
0.000000000000000000
0.000000000000000000
0.000000000000000000
0.000000000000000000
0.000000000000000001
0.000000000000000001
0.000000000000000001
0.000000000000000004
0.000000000000000012
-0.000000000000000005
0.000000000000000033
0.000000000000000058
0.000000000000000075
0.000000000000000142
0.000000000000000176
0.000000000000000135
0.000000000000000052
-0.000000000000000042
-0.000000000000000093
-0.000000000000000011
0.000000000000000037
0.000000000000000113
0.000000000000000196
0.000000000000000224
0.000000000000000298
0.000000000000000090
-0.000000000000000119
-0.000000000000000093
-0.000000000000000000
0.000000000000000037
-0.000000000000000004
0.000000000000000098
0.000000000000000143
-0.000000000000000051
-0.000000000000000249
-0.000000000000000086
-0.000000000000000006
-0.000000000000000395
-0.000000000000001197
-0.000000000000003341
-0.000000000000011469
-0.000000000000037892
-0.000000000000120416
-0.000000000000373161
-0.000000000001126418
-0.000000000003305346
-0.000000000009419510
-0.000000000026075800
-0.000000000070339192
-0.000000000184884295
-0.000000000473292603
-0.000000001179413722
-0.000000002860817426
-0.000000006774332179
-0.000000015661543758
-0.000000035333207765
-0.000000077744208207
-0.000000166805873542
-0.000000349941509187
-0.000000717969178060
-0.000001439944925009
-0.000002821374485188
-0.000005399151009379
-0.000010116596850678
-0.000018566142948365
-0.000033359188572514
-0.000058648685532773
-0.000100852554491351
-0.000170020162252429
-0.000281112156983664
-0.000455707206514749
-0.000723880947815519
-0.001126234705291380
-0.001719761043248556
-0.002578731000544310
-0.003796153995881812
-0.005483315808301257
-0.007767583724996865
-0.010810883162501513
-0.014791786853189583
-0.019893402030961842
-0.026285181478211895
-0.034103015906720047
-0.043514448882837252
-0.054638912667457018
-0.067512920348793276
-0.082054712206042477
-0.098042328004709023
-0.115315406424253752
-0.133596950305113565
-0.152464656954272193
-0.171339587515097397
-0.189509340247094787
-0.206516886060291477
-0.221867634435805622
-0.235020266117369120
-0.245403942088587818
-0.252469426045131506
-0.256131534653434967
-0.256380511662046950
-0.253253758056846245
-0.246834282071438038
-0.237271815655025170
-0.225100156896076431
-0.210866895005875216
-0.195090922930041183
-0.178248020862771112
-0.160773723216007719
-0.143232727466801657
-0.126093167331431166
-0.109713412715217312
-0.094348829352962293
-0.080167539017248907
-0.067333255042214324
-0.055922568341957531
-0.045937318383563866
-0.037322876093182016
-0.029986374038040081
-0.023831809553955554
-0.018741591362609045
-0.014586833302394435
-0.011236854356317705
-0.008566336700453123
-0.006464385620760878
-0.004830046355797874
-0.003573947916563072
-0.002619095390205763
-0.001900743144615881
-0.001366334445978165
-0.000973069087772553
-0.000686682321954912
-0.000480211240937725
-0.000332780097214475
-0.000228563130552256
-0.000155616246879347
-0.000105043129139970
-0.000070304915534683
-0.000046656381936610
-0.000030704769938414
-0.000020041646880859
-0.000012976268209869
-0.000008334837173358
-0.000005311187061615
-0.000003358035089180
-0.000002106836685723
-0.000001311829431487
-0.000000810711099280
-0.000000497307102434
-0.000000302828768193
-0.000000183074467938
-0.000000109890210968
-0.000000065498400387
-0.000000038768507187
-0.000000022789885944
-0.000000013306293558
-0.000000007717215782
-0.000000004446217138
-0.000000002545012470
-0.000000001447409604
-0.000000000817950232
-0.000000000459333104
-0.000000000256347560
-0.000000000142193849
-0.000000000078398632
-0.000000000042967414
-0.000000000023410467
-0.000000000012680386
-0.000000000006829337
-0.000000000003657513
-0.000000000001947694
-0.000000000001031323
-0.000000000000543390
-0.000000000000284623
-0.000000000000148214
-0.000000000000076776
-0.000000000000039906
-0.000000000000020133
-0.000000000000010353
-0.000000000000005645
-0.000000000000002240
-0.000000000000001619
-0.000000000000000705
-0.000000000000000187
-0.000000000000000292
-0.000000000000000033
-0.000000000000000167
0.000000000000000095
-0.000000000000000075
-0.000000000000000060
0.000000000000000171
-0.000000000000000091
-0.000000000000000116
0.000000000000000223
-0.000000000000000234
-0.000000000000000005
0.000000000000000265
-0.000000000000000319
0.000000000000000285
-0.000000000000000290
0.000000000000000229
-0.000000000000000296
0.000000000000000327
-0.000000000000000152
-0.000000000000000027
-0.000000000000000023
0.000000000000000177
-0.000000000000000211
0.000000000000000099
0.000000000000000155
-0.000000000000000361
0.000000000000000170
0.000000000000000093
-0.000000000000000304
0.000000000000000224
-0.000000000000000021
-0.000000000000000183
0.000000000000000238
-0.000000000000000122
-0.000000000000000083
0.000000000000000105
-0.000000000000000068
-0.000000000000000096
0.000000000000000213
-0.000000000000000088
0.000000000000000005
0.000000000000000042
-0.000000000000000010
-0.000000000000000112
0.000000000000000249
-0.000000000000000278
0.000000000000000230
-0.000000000000000018
-0.000000000000000120
0.000000000000000093
-0.000000000000000015
-0.000000000000000091
0.000000000000000215
-0.000000000000000233
0.000000000000000112
0.000000000000000011
-0.000000000000000116
0.000000000000000151
-0.000000000000000094
0.000000000000000003
0.000000000000000037
0.000000000000000004
-0.000000000000000059
0.000000000000000056
-0.000000000000000138
0.000000000000000103
-0.000000000000000068
0.000000000000000037
-0.000000000000000031
0.000000000000000011
-0.000000000000000028
0.000000000000000097
-0.000000000000000203
0.000000000000000260
-0.000000000000000153
0.000000000000000007
-0.000000000000000001
-0.000000000000000101
0.000000000000000094
-0.000000000000000090
-0.000000000000000006
0.000000000000000020
-0.000000000000000105
0.000000000000000131
-0.000000000000000065
0.000000000000000035
0.000000000000000115
-0.000000000000000209
0.000000000000000278
-0.000000000000000197
0.000000000000000106
0.000000000000000013
-0.000000000000000104
0.000000000000000170
-0.000000000000000096
0.000000000000000038
-0.000000000000000034
-0.000000000000000023
0.000000000000000051
-0.000000000000000024
0.000000000000000039
-0.000000000000000103
0.000000000000000127
-0.000000000000000169
0.000000000000000145
-0.000000000000000039
-0.000000000000000011
0.000000000000000070
-0.000000000000000083
0.000000000000000042
-0.000000000000000035
0.000000000000000019
0.000000000000000052
-0.000000000000000097
0.000000000000000019
-0.000000000000000053
0.000000000000000051
-0.000000000000000039
0.000000000000000100
-0.000000000000000086
-0.000000000000000018
0.000000000000000032
-0.000000000000000004
0.000000000000000044
-0.000000000000000059
-0.000000000000000013
0.000000000000000052
-0.000000000000000034
0.000000000000000000
-0.000000000000000080
0.000000000000000028
0.000000000000000017
-0.000000000000000024
0.000000000000000008
-0.000000000000000024
0.000000000000000004
-0.000000000000000082
0.000000000000000112
-0.000000000000000217
0.000000000000000310
-0.000000000000000349
0.000000000000000348
-0.000000000000000301
0.000000000000000176
-0.000000000000000033
-0.000000000000000097
0.000000000000000198
-0.000000000000000250
0.000000000000000229
-0.000000000000000170
0.000000000000000075
0.000000000000000045
-0.000000000000000109
0.000000000000000105
-0.000000000000000106
0.000000000000000073
-0.000000000000000156
0.000000000000000106
-0.000000000000000124
0.000000000000000105
-0.000000000000000079
-0.000000000000000015
0.000000000000000017
-0.000000000000000041
0.000000000000000042
-0.000000000000000037
0.000000000000000063
-0.000000000000000028
-0.000000000000000018
0.000000000000000058
-0.000000000000000026
0.000000000000000133
-0.000000000000000103
0.000000000000000110
-0.000000000000000145
0.000000000000000122
-0.000000000000000107
0.000000000000000121
-0.000000000000000098
0.000000000000000168
-0.000000000000000187
0.000000000000000206
-0.000000000000000185
0.000000000000000181
-0.000000000000000143
0.000000000000000123
-0.000000000000000090
0.000000000000000026
0.000000000000000027
-0.000000000000000084
0.000000000000000116
-0.000000000000000170
0.000000000000000152
-0.000000000000000224
0.000000000000000165
-0.000000000000000178
0.000000000000000143
-0.000000000000000123
0.000000000000000077
-0.000000000000000064
0.000000000000000018
-0.000000000000000007
-0.000000000000000020
0.000000000000000022
-0.000000000000000033
0.000000000000000032
-0.000000000000000033
0.000000000000000030
-0.000000000000000028
0.000000000000000023
-0.000000000000000021
0.000000000000000016
-0.000000000000000013
0.000000000000000010
-0.000000000000000007
0.000000000000000005
-0.000000000000000004
0.000000000000000002
-0.000000000000000002
0.000000000000000001
-0.000000000000000001
0.000000000000000000
-0.000000000000000000
0.000000000000000000
0.000000000000000000
-0.000000000000000000
0.000000000000000000
-0.000000000000000000
0.000000000000000000
-0.000000000000000000
0.000000000000000000
-0.000000000000000000
0.000000000000000000
-0.000000000000000000
0.000000000000000000
-0.000000000000000000
0.000000000000000000
-0.000000000000000000
0.000000000000000000
-0.000000000000000000
0.000000000000000000
-0.000000000000000000
0.000000000000000000
0.000000000000000000
-0.000000000000000000
0.000000000000000000
-0.000000000000000000
0.000000000000000000
-0.000000000000000000
0.000000000000000000
-0.000000000000000000
0.000000000000000000
-0.000000000000000000
0.000000000000000000
-0.000000000000000000
0.000000000000000000
0.000000000000000000
-0.000000000000000000
0.000000000000000000
-0.000000000000000000
0.000000000000000000
0.000000000000000000
-0.000000000000000000
0.000000000000000000
-0.000000000000000000
0.000000000000000000
-0.000000000000000000
0.000000000000000000
-0.000000000000000000
0.000000000000000000
-0.000000000000000000
0.000000000000000000
-0.000000000000000000
0.000000000000000000
-0.000000000000000000
0.000000000000000000
-0.000000000000000000
0.000000000000000000
-0.000000000000000000
0.000000000000000000
0.000000000000000000
-0.000000000000000000
0.000000000000000000
-0.000000000000000000
0.000000000000000000
-0.000000000000000000
0.000000000000000000
0.000000000000000000
-0.000000000000000000
0.000000000000000000
-0.000000000000000000
0.000000000000000000
-0.000000000000000000
-0.000000000000000000
0.000000000000000000
-0.000000000000000000
-0.000000000000000000
0.000000000000000000
-0.000000000000000000
0.000000000000000000
-0.000000000000000000
