-0.000000000000000000
-0.000000000000000000
0.000000000000000000
0.000000000000000000
0.000000000000000000
0.000000000000000000
0.000000000000000000
0.000000000000000000
-0.000000000000000000
-0.000000000000000000
-0.000000000000000000
-0.000000000000000000
-0.000000000000000000
-0.000000000000000000
-0.000000000000000000
-0.000000000000000000
-0.000000000000000000
-0.000000000000000000
-0.000000000000000000
-0.000000000000000000
-0.000000000000000000
-0.000000000000000000
-0.000000000000000000
0.000000000000000000
0.000000000000000000
0.000000000000000000
-0.000000000000000000
-0.000000000000000000
-0.000000000000000000
-0.000000000000000000
-0.000000000000000000
-0.000000000000000000
-0.000000000000000000
0.000000000000000000
0.000000000000000000
0.000000000000000001
-0.000000000000000000
-0.000000000000000001
-0.000000000000000005
-0.000000000000000011
-0.000000000000000024
-0.000000000000000038
-0.000000000000000057
-0.000000000000000076
-0.000000000000000043
-0.000000000000000016
0.000000000000000011
0.000000000000000009
-0.000000000000000099
-0.000000000000000109
-0.000000000000000127
-0.000000000000000112
0.000000000000000039
0.000000000000000063
0.000000000000000093
0.000000000000000125
0.000000000000000148
0.000000000000000113
0.000000000000000044
-0.000000000000000158
-0.000000000000000198
-0.000000000000000054
0.000000000000000103
0.000000000000000040
-0.000000000000000055
0.000000000000000061
0.000000000000000124
-0.000000000000000022
-0.000000000000000200
-0.000000000000000562
-0.000000000000001191
-0.000000000000003502
-0.000000000000011516
-0.000000000000037291
-0.000000000000119361
-0.000000000000371336
-0.000000000001121180
-0.000000000003289840
-0.000000000009376886
-0.000000000025961362
-0.000000000070037134
-0.000000000184106207
-0.000000000471343554
-0.000000001174662679
-0.000000002849547655
-0.000000006748246478
-0.000000015602617662
-0.000000035203370188
-0.000000077465329489
-0.000000166222095730
-0.000000348747284695
-0.000000715581279364
-0.000001435280221879
-0.000002812477804178
-0.000005382590665876
-0.000010086436114284
-0.000018512380704286
-0.000033265436013368
-0.000058488852453381
-0.000100586286387948
-0.000169585724195991
-0.000280417667892499
-0.000454619867842369
-0.000722214752378398
-0.001123737299731756
-0.001716092293026054
-0.002573446411105108
-0.003788692527851599
-0.005472996604002201
-0.007753614983911358
-0.010792344807845747
-0.014767655705068338
-0.019862603184379737
-0.026246669541074401
-0.034055880668886332
-0.043457917631772300
-0.054572458488812814
-0.067436392807601525
-0.081968475825476894
-0.097947380538862913
-0.115213248604083232
-0.133489613493391140
-0.152354711476017035
-0.171230109575694012
-0.189403815191807601
-0.206418851776257378
-0.221780525404385115
-0.234947258724987063
-0.245347793012981069
-0.252432307663835565
-0.256114826145330599
-0.256384749603318030
-0.253278630647434555
-0.246878658092607867
-0.237333811422794028
-0.225177319072721871
-0.210956362334394687
-0.195189584322895904
-0.178352664117925303
-0.160881176319021713
-0.143340098755412482
-0.126197938278454325
-0.109813486395540824
-0.094442546425417870
-0.080253672412811380
-0.067411060083090002
-0.055991723544449930
-0.045997850194803652
-0.037375080921364955
-0.030030745570465138
-0.023869003913907519
-0.018772359099045989
-0.014611961323138382
-0.011257121003349710
-0.008582479895082186
-0.006477090668405168
-0.004839930051528301
-0.003581550398614978
-0.002624878554003452
-0.001905093831012902
-0.001369572387246839
-0.000975453759261873
-0.000688420688313110
-0.000481465750368167
-0.000333676364324405
-0.000229197195699637
-0.000156060533043839
-0.000105351525064095
-0.000070517010666369
-0.000046800908640152
-0.000030802367763244
-0.000020106972815566
-0.000013019614747638
-0.000008363353972898
-0.000005329788763634
-0.000003370068083337
-0.000002114556864666
-0.000001316742719206
-0.000000813813218237
-0.000000499250322321
-0.000000304036623627
-0.000000183819524887
-0.000000110346347658
-0.000000065775590183
-0.000000038935724393
-0.000000022890034668
-0.000000013365849060
-0.000000007752383125
-0.000000004466840270
-0.000000002557024357
-0.000000001454358591
-0.000000000821944277
-0.000000000461612952
-0.000000000257641224
-0.000000000142922828
-0.000000000078807064
-0.000000000043194724
-0.000000000023536244
-0.000000000012749615
-0.000000000006866981
-0.000000000003678200
-0.000000000001958503
-0.000000000001037501
-0.000000000000546428
-0.000000000000286417
-0.000000000000149115
-0.000000000000077154
-0.000000000000040141
-0.000000000000020252
-0.000000000000010446
-0.000000000000005500
-0.000000000000002601
-0.000000000000001224
-0.000000000000000903
-0.000000000000000226
-0.000000000000000183
-0.000000000000000039
-0.000000000000000076
-0.000000000000000054
0.000000000000000045
-0.000000000000000231
0.000000000000000278
-0.000000000000000150
0.000000000000000002
0.000000000000000156
-0.000000000000000115
0.000000000000000149
-0.000000000000000029
0.000000000000000030
-0.000000000000000039
0.000000000000000037
-0.000000000000000123
0.000000000000000001
-0.000000000000000018
0.000000000000000011
-0.000000000000000069
0.000000000000000057
-0.000000000000000023
-0.000000000000000021
0.000000000000000158
-0.000000000000000225
-0.000000000000000025
0.000000000000000183
-0.000000000000000350
0.000000000000000200
0.000000000000000012
-0.000000000000000103
0.000000000000000082
0.000000000000000162
-0.000000000000000308
0.000000000000000211
-0.000000000000000058
-0.000000000000000060
-0.000000000000000038
0.000000000000000164
-0.000000000000000149
0.000000000000000014
0.000000000000000220
-0.000000000000000345
0.000000000000000230
-0.000000000000000080
-0.000000000000000223
0.000000000000000253
-0.000000000000000070
-0.000000000000000115
0.000000000000000191
0.000000000000000021
-0.000000000000000284
0.000000000000000458
-0.000000000000000354
0.000000000000000133
0.000000000000000112
-0.000000000000000213
0.000000000000000210
-0.000000000000000084
-0.000000000000000108
0.000000000000000196
-0.000000000000000219
0.000000000000000086
0.000000000000000063
-0.000000000000000124
0.000000000000000154
-0.000000000000000016
-0.000000000000000103
0.000000000000000192
-0.000000000000000126
-0.000000000000000012
0.000000000000000102
-0.000000000000000141
-0.000000000000000016
0.000000000000000100
-0.000000000000000139
0.000000000000000101
-0.000000000000000014
-0.000000000000000017
0.000000000000000009
0.000000000000000026
0.000000000000000016
-0.000000000000000055
0.000000000000000165
-0.000000000000000191
0.000000000000000136
-0.000000000000000090
-0.000000000000000008
0.000000000000000071
-0.000000000000000016
-0.000000000000000007
0.000000000000000072
-0.000000000000000090
0.000000000000000100
-0.000000000000000157
0.000000000000000239
-0.000000000000000308
0.000000000000000294
-0.000000000000000298
0.000000000000000125
0.000000000000000009
-0.000000000000000108
0.000000000000000057
0.000000000000000031
-0.000000000000000160
0.000000000000000254
-0.000000000000000147
-0.000000000000000017
0.000000000000000175
-0.000000000000000359
0.000000000000000333
-0.000000000000000269
0.000000000000000149
0.000000000000000017
-0.000000000000000113
0.000000000000000003
0.000000000000000132
-0.000000000000000285
0.000000000000000316
-0.000000000000000247
0.000000000000000083
0.000000000000000047
-0.000000000000000212
0.000000000000000165
-0.000000000000000113
0.000000000000000052
0.000000000000000099
-0.000000000000000118
0.000000000000000163
-0.000000000000000096
0.000000000000000033
0.000000000000000041
-0.000000000000000066
0.000000000000000081
-0.000000000000000060
0.000000000000000079
-0.000000000000000063
0.000000000000000048
-0.000000000000000027
-0.000000000000000014
0.000000000000000083
-0.000000000000000094
0.000000000000000091
-0.000000000000000024
0.000000000000000013
0.000000000000000084
-0.000000000000000200
0.000000000000000238
-0.000000000000000151
0.000000000000000131
0.000000000000000034
-0.000000000000000165
0.000000000000000227
-0.000000000000000310
0.000000000000000305
-0.000000000000000281
0.000000000000000194
-0.000000000000000027
0.000000000000000003
0.000000000000000061
-0.000000000000000108
0.000000000000000103
-0.000000000000000010
-0.000000000000000042
0.000000000000000187
-0.000000000000000229
0.000000000000000266
-0.000000000000000221
0.000000000000000101
-0.000000000000000003
-0.000000000000000045
0.000000000000000170
-0.000000000000000249
0.000000000000000236
-0.000000000000000196
0.000000000000000103
0.000000000000000039
-0.000000000000000163
0.000000000000000295
-0.000000000000000423
0.000000000000000478
-0.000000000000000538
0.000000000000000507
-0.000000000000000442
0.000000000000000273
-0.000000000000000225
0.000000000000000070
0.000000000000000044
-0.000000000000000159
0.000000000000000241
-0.000000000000000352
0.000000000000000374
-0.000000000000000439
0.000000000000000331
-0.000000000000000445
0.000000000000000522
-0.000000000000000477
0.000000000000000422
-0.000000000000000410
0.000000000000000296
-0.000000000000000327
0.000000000000000306
-0.000000000000000251
0.000000000000000177
-0.000000000000000122
0.000000000000000089
-0.000000000000000064
0.000000000000000011
-0.000000000000000002
-0.000000000000000008
-0.000000000000000015
-0.000000000000000006
-0.000000000000000001
-0.000000000000000006
0.000000000000000014
-0.000000000000000002
0.000000000000000017
-0.000000000000000047
0.000000000000000065
-0.000000000000000083
0.000000000000000097
-0.000000000000000109
0.000000000000000110
-0.000000000000000100
0.000000000000000085
-0.000000000000000068
0.000000000000000049
-0.000000000000000031
0.000000000000000015
-0.000000000000000001
-0.000000000000000011
0.000000000000000022
-0.000000000000000030
0.000000000000000038
-0.000000000000000046
0.000000000000000054
-0.000000000000000061
0.000000000000000068
-0.000000000000000074
0.000000000000000075
-0.000000000000000072
0.000000000000000065
-0.000000000000000055
0.000000000000000045
-0.000000000000000036
0.000000000000000030
-0.000000000000000025
0.000000000000000020
-0.000000000000000013
0.000000000000000004
0.000000000000000007
-0.000000000000000018
0.000000000000000027
-0.000000000000000033
0.000000000000000037
-0.000000000000000038
0.000000000000000040
-0.000000000000000044
0.000000000000000050
-0.000000000000000057
0.000000000000000065
-0.000000000000000069
0.000000000000000068
-0.000000000000000062
0.000000000000000050
-0.000000000000000035
0.000000000000000020
-0.000000000000000007
-0.000000000000000002
0.000000000000000006
-0.000000000000000007
0.000000000000000006
-0.000000000000000007
0.000000000000000010
-0.000000000000000016
0.000000000000000024
-0.000000000000000031
0.000000000000000035
-0.000000000000000035
0.000000000000000031
-0.000000000000000025
0.000000000000000018
-0.000000000000000010
0.000000000000000002
0.000000000000000007
-0.000000000000000018
0.000000000000000029
-0.000000000000000040
0.000000000000000050
-0.000000000000000056
0.000000000000000059
-0.000000000000000059
0.000000000000000057
-0.000000000000000053
0.000000000000000048
-0.000000000000000043
0.000000000000000037
-0.000000000000000030
0.000000000000000022
-0.000000000000000015
0.000000000000000008
