0.000000000000000
0.000000000000000
0.000000000000000
-0.000000000000000
-0.000000000000000
-0.000000000000000
-0.000000000000000
-0.000000000000000
-0.000000000000000
0.000000000000000
0.000000000000000
-0.000000000000000
0.000000000000000
-0.000000000000000
0.000000000000000
-0.000000000000000
-0.000000000000000
0.000000000000000
-0.000000000000000
0.000000000000000
0.000000000000000
0.000000000000000
0.000000000000000
0.000000000000000
0.000000000000000
-0.000000000000000
-0.000000000000000
0.000000000000000
-0.000000000000000
0.000000000000000
0.000000000000000
0.000000000000000
0.000000000000000
0.000000000000000
0.000000000000000
-0.000000000000000
-0.000000000000000
-0.000000000000000
-0.000000000000000
-0.000000000000000
-0.000000000000000
-0.000000000000000
-0.000000000000000
-0.000000000000000
0.000000000000000
0.000000000000000
-0.000000000000000
0.000000000000000
0.000000000000000
-0.000000000000001
0.000000000000000
0.000000000000000
-0.000000000000000
-0.000000000000000
-0.000000000000000
-0.000000000000000
-0.000000000000000
-0.000000000000000
0.000000000000000
-0.000000000000000
-0.000000000000000
-0.000000000000000
-0.000000000000000
-0.000000000000000
-0.000000000000000
-0.000000000000000
0.000000000000000
0.000000000000000
-0.000000000000000
0.000000000000000
0.000000000000000
0.000000000000000
0.000000000000000
0.000000000000000
0.000000000000000
0.000000000000000
0.000000000000000
-0.000000000000000
-0.000000000000000
-0.000000000000000
-0.000000000000000
-0.000000000000000
0.000000000000000
0.000000000000000
0.000000000000001
0.000000000000001
0.000000000000001
0.000000000000000
0.000000000000001
0.000000000000000
-0.000000000000000
-0.000000000000000
0.000000000000000
-0.000000000000000
-0.000000000000000
0.000000000000000
-0.000000000000000
0.000000000000000
0.000000000000000
0.000000000000000
-0.000000000000000
-0.000000000000000
-0.000000000000001
-0.000000000000000
-0.000000000000000
-0.000000000000000
0.000000000000000
0.000000000000000
0.000000000000000
0.000000000000000
0.000000000000000
-0.000000000000000
0.000000000000000
0.000000000000000
0.000000000000000
0.000000000000001
0.000000000000000
0.000000000000001
0.000000000000001
0.000000000000001
0.000000000000001
0.000000000000001
0.000000000000001
0.000000000000000
0.000000000000000
-0.000000000000000
-0.000000000000000
-0.000000000000000
-0.000000000000000
0.000000000000000
0.000000000000000
0.000000000000000
0.000000000000000
0.000000000000000
-0.000000000000000
-0.000000000000001
-0.000000000000000
-0.000000000000000
-0.000000000000000
0.000000000000000
0.000000000000000
0.000000000000000
0.000000000000000
-0.000000000000000
-0.000000000000001
-0.000000000000001
-0.000000000000000
-0.000000000000000
0.000000000000000
0.000000000000000
0.000000000000000
0.000000000000001
0.000000000000001
0.000000000000001
0.000000000000001
0.000000000000001
0.000000000000001
0.000000000000001
0.000000000000000
0.000000000000000
0.000000000000000
-0.000000000000001
-0.000000000000001
-0.000000000000001
-0.000000000000001
-0.000000000000002
-0.000000000000001
-0.000000000000001
-0.000000000000001
-0.000000000000001
-0.000000000000001
-0.000000000000001
-0.000000000000000
0.000000000000000
0.000000000000000
0.000000000000001
0.000000000000000
0.000000000000000
0.000000000000000
0.000000000000000
-0.000000000000000
0.000000000000000
0.000000000000000
0.000000000000000
0.000000000000000
0.000000000000001
0.000000000000000
-0.000000000000000
-0.000000000000000
-0.000000000000001
-0.000000000000001
-0.000000000000001
-0.000000000000000
-0.000000000000001
-0.000000000000000
0.000000000000000
-0.000000000000000
0.000000000000000
0.000000000000000
0.000000000000000
0.000000000000001
0.000000000000001
0.000000000000001
0.000000000000001
0.000000000000001
0.000000000000001
-0.000000000000000
-0.000000000000001
-0.000000000000001
-0.000000000000001
-0.000000000000001
-0.000000000000001
-0.000000000000001
-0.000000000000001
-0.000000000000001
-0.000000000000001
-0.000000000000002
-0.000000000000002
-0.000000000000002
-0.000000000000003
-0.000000000000003
-0.000000000000002
-0.000000000000002
-0.000000000000002
-0.000000000000001
-0.000000000000001
-0.000000000000001
-0.000000000000000
0.000000000000000
0.000000000000001
0.000000000000001
0.000000000000001
0.000000000000001
0.000000000000001
0.000000000000000
0.000000000000000
0.000000000000001
0.000000000000001
0.000000000000002
0.000000000000003
0.000000000000004
0.000000000000006
0.000000000000008
0.000000000000012
0.000000000000017
0.000000000000026
0.000000000000037
0.000000000000054
0.000000000000077
0.000000000000111
0.000000000000158
0.000000000000225
0.000000000000319
0.000000000000453
0.000000000000643
0.000000000000911
0.000000000001287
0.000000000001812
0.000000000002546
0.000000000003568
0.000000000004991
0.000000000006965
0.000000000009698
0.000000000013476
0.000000000018682
0.000000000025843
0.000000000035668
0.000000000049118
0.000000000067490
0.000000000092526
0.000000000126567
0.000000000172746
0.000000000235247
0.000000000319646
0.000000000433355
0.000000000586202
0.000000000791189
0.000000001065469
0.000000001431624
0.000000001919308
0.000000002567363
0.000000003426544
0.000000004563011
0.000000006062788
0.000000008037458
0.000000010631389
0.000000014030913
0.000000018475920
0.000000024274486
0.000000031821260
0.000000041620535
0.000000054315088
0.000000070722143
0.000000091878094
0.000000119093955
0.000000154023917
0.000000198749854
0.000000255885211
0.000000328702306
0.000000421287905
0.000000538732737
0.000000687361697
0.000000875012601
0.000001111372704
0.000001408383697
0.000001780727578
0.000002246407737
0.000002827441639
0.000003550683919
0.000004448801190
0.000005561422714
0.000006936494074
0.000008631864226
0.000010717139662
0.000013275843017
0.000016407917038
0.000020232618513
0.000024891850366
0.000030553983574
0.000037418223733
0.000045719579851
0.000055734495103
0.000067787200648
0.000082256853945
0.000099585522141
0.000120287068618
0.000144956996589
0.000174283297208
0.000209058340855
0.000250191838597
0.000298724886133
0.000355845084298
0.000422902708342
0.000501427872238
0.000593148604204
0.000700009715094
0.000824192302475
0.000968133689895
0.001134547553412
0.001326443936077
0.001547148796281
0.001800322678348
0.002089978034223
0.002420494664866
0.002796632689951
0.003223542396513
0.003706770262763
0.004252260404426
0.004866350649736
0.005555762417905
0.006327583556855
0.007189243291758
0.008148478448944
0.009213290152449
0.010391890245224
0.011692636765896
0.013123957916870
0.014694264091737
0.016411847690553
0.018284770640733
0.020320739758828
0.022526970333133
0.024910038576987
0.027475723894868
0.030228842214060
0.033173071959132
0.036310774578673
0.039642811867308
0.043168362653081
0.046884741732780
0.050787224226644
0.054868878779802
0.059120413251182
0.063530036691927
0.068083341515237
0.072763209789318
0.077549747536911
0.082420250791924
0.087349206940846
0.092308334560351
0.097266664551342
0.102190664864425
0.107044410515701
0.111789799910401
0.116386817733923
0.120793843845921
0.124968006736990
0.128865579194842
0.132442412895778
0.135654407707269
0.138458010579718
0.140810738041972
0.142671715518021
0.144002225973800
0.144766259804190
0.144931057401031
0.144467635520861
0.143351288411188
0.141562054668220
0.139085140995202
0.135911294412862
0.132037115041599
0.127465302323991
0.122204828476467
0.116271034036384
0.109685641586872
0.102476685074197
0.094678353555037
0.086330749694977
0.077479564853622
0.068175674103055
0.058474656001790
0.048436243352519
0.038123712476792
0.027603219713155
0.016943094859732
0.006213102114046
-0.004516320307829
-0.015174830278662
-0.025692949815026
-0.036002819347442
-0.046038926750186
-0.055738800175603
-0.065043654449655
-0.073898981691671
-0.082255077900428
-0.090067498475320
-0.097297436986667
-0.103912022942443
-0.109884535786926
-0.115194533876969
-0.119827898680502
-0.123776795897584
-0.127039556586482
-0.129620482658390
-0.131529582259995
-0.132782241572538
-0.133398840402815
-0.133404319613569
-0.132827708930545
-0.131701623968137
-0.130061741436597
-0.127946261437152
-0.125395365526549
-0.122450678852941
-0.119154744146589
-0.115550514710142
-0.111680872814633
-0.107588179090138
-0.103313857626494
-0.098898020591344
-0.094379135251707
-0.089793735371396
-0.085176178068773
-0.080558446374426
-0.075969996941031
-0.071437651640126
-0.066985531142658
-0.062635028028858
-0.058404816513132
-0.054310895502971
-0.050366661437499
-0.046583007168550
-0.042968443051084
-0.039529236394347
-0.036269565483345
-0.033191684503848
-0.030296095884201
-0.027581726794603
-0.025046106809628
-0.022685544033266
-0.020495297298651
-0.018469742378388
-0.016602530468082
-0.014886737528297
-0.013315003382520
-0.011879659765527
-0.010572846793502
-0.009386617581073
-0.008313030958602
-0.007344232444073
-0.006472523797019
-0.005690421627052
-0.004990705647341
-0.004366457254954
-0.003811089186890
-0.003318367044836
-0.002882423505343
-0.002497766037564
-0.002159278940346
-0.001862220486760
-0.001602215929511
-0.001375247077262
-0.001177639102079
-0.001006045183698
-0.000857429539140
-0.000729049327764
-0.000618435863583
-0.000523375509746
-0.000441890575360
-0.000372220483147
-0.000312803428226
-0.000262258704109
-0.000219369831891
-0.000183068592842
-0.000152420033063
-0.000126608481520
-0.000104924599379
-0.000086753459020
-0.000071563634927
-0.000058897275827
-0.000048361117353
-0.000039618387050
-0.000032381548316
-0.000026405826516
-0.000021483458858
-0.000017438609265
-0.000014122890266
-0.000011411435588
-0.000009199469461
-0.000007399321470
-0.000005937838977
-0.000004754152525
-0.000003797753095
-0.000003026843646
-0.000002406930774
-0.000001909625686
-0.000001511626850
-0.000001193859713
-0.000000940751625
-0.000000739622733
-0.000000580175940
-0.000000454071193
-0.000000354571254
-0.000000276247900
-0.000000214738973
-0.000000166548110
-0.000000128880141
-0.000000099506225
-0.000000076653668
-0.000000058916174
-0.000000045180966
-0.000000034569755
-0.000000026391092
-0.000000020101992
-0.000000015277136
-0.000000011584207
-0.000000008764206
-0.000000006615781
-0.000000004982787
-0.000000003744438
-0.000000002807530
-0.000000002100322
-0.000000001567731
-0.000000001167566
-0.000000000867593
-0.000000000643244
-0.000000000475840
-0.000000000351214
-0.000000000258648
-0.000000000190052
-0.000000000139336
-0.000000000101925
-0.000000000074391
-0.000000000054175
-0.000000000039364
-0.000000000028538
-0.000000000020644
-0.000000000014899
-0.000000000010730
-0.000000000007710
-0.000000000005527
-0.000000000003955
-0.000000000002822
-0.000000000002010
-0.000000000001428
-0.000000000001012
-0.000000000000716
-0.000000000000505
-0.000000000000356
-0.000000000000251
-0.000000000000175
-0.000000000000123
-0.000000000000086
-0.000000000000060
-0.000000000000042
-0.000000000000029
-0.000000000000020
-0.000000000000014
-0.000000000000010
-0.000000000000007
-0.000000000000004
-0.000000000000003
-0.000000000000002
-0.000000000000001
-0.000000000000001
-0.000000000000001
-0.000000000000001
-0.000000000000000
-0.000000000000000
-0.000000000000000
-0.000000000000000
-0.000000000000000
-0.000000000000000
-0.000000000000000
0.000000000000000
-0.000000000000000
0.000000000000000
-0.000000000000000
0.000000000000000
-0.000000000000000
-0.000000000000000
0.000000000000000
-0.000000000000000
0.000000000000000
-0.000000000000000
0.000000000000000
0.000000000000000
-0.000000000000000
0.000000000000000
-0.000000000000000
0.000000000000000
-0.000000000000000
0.000000000000000
0.000000000000000
0.000000000000000
0.000000000000000
-0.000000000000000
0.000000000000000
-0.000000000000000
0.000000000000000
-0.000000000000000
0.000000000000000
-0.000000000000000
0.000000000000000
-0.000000000000000
-0.000000000000000
0.000000000000000
-0.000000000000000
0.000000000000000
-0.000000000000000
0.000000000000000
-0.000000000000000
-0.000000000000000
0.000000000000000
-0.000000000000000
0.000000000000000
-0.000000000000000
0.000000000000000
-0.000000000000000
0.000000000000000
-0.000000000000000
0.000000000000000
-0.000000000000000
0.000000000000000
-0.000000000000000
0.000000000000000
-0.000000000000000
0.000000000000000
-0.000000000000000
0.000000000000000
-0.000000000000000
0.000000000000000
-0.000000000000000
0.000000000000000
-0.000000000000000
0.000000000000000
-0.000000000000000
0.000000000000000
-0.000000000000000
-0.000000000000000
0.000000000000000
-0.000000000000000
0.000000000000000
-0.000000000000000
0.000000000000000
-0.000000000000000
-0.000000000000000
0.000000000000000
-0.000000000000000
0.000000000000000
-0.000000000000000
0.000000000000000
0.000000000000000
-0.000000000000000
0.000000000000000
-0.000000000000000
0.000000000000000
0.000000000000000
-0.000000000000000
0.000000000000000
-0.000000000000000
0.000000000000000
0.000000000000000
-0.000000000000000
0.000000000000000
-0.000000000000000
0.000000000000000
-0.000000000000000
-0.000000000000000
0.000000000000000
-0.000000000000000
-0.000000000000000
0.000000000000000
-0.000000000000000
0.000000000000000
-0.000000000000000
0.000000000000000
-0.000000000000000
-0.000000000000000
0.000000000000000
-0.000000000000000
0.000000000000000
-0.000000000000000
-0.000000000000000
0.000000000000000
-0.000000000000000
0.000000000000000
-0.000000000000000
-0.000000000000000
0.000000000000000
-0.000000000000000
0.000000000000000
-0.000000000000000
-0.000000000000000
0.000000000000000
-0.000000000000000
0.000000000000000
-0.000000000000000
-0.000000000000000
0.000000000000000
-0.000000000000000
0.000000000000000
-0.000000000000000
0.000000000000000
-0.000000000000000
-0.000000000000000
0.000000000000000
-0.000000000000000
0.000000000000000
-0.000000000000000
0.000000000000000
-0.000000000000000
0.000000000000000
-0.000000000000000
0.000000000000000
-0.000000000000000
0.000000000000000
-0.000000000000000
0.000000000000000
-0.000000000000000
0.000000000000000
-0.000000000000000
0.000000000000000
0.000000000000000
-0.000000000000000
0.000000000000000
-0.000000000000000
0.000000000000000
-0.000000000000000
0.000000000000000
-0.000000000000000
0.000000000000000
-0.000000000000000
-0.000000000000000
0.000000000000000
-0.000000000000000
0.000000000000000
-0.000000000000000
0.000000000000000
-0.000000000000000
0.000000000000000
-0.000000000000000
-0.000000000000000
0.000000000000000
-0.000000000000000
0.000000000000000
-0.000000000000000
0.000000000000000
-0.000000000000000
-0.000000000000000
0.000000000000000
-0.000000000000000
0.000000000000000
-0.000000000000000
0.000000000000000
-0.000000000000000
0.000000000000000
-0.000000000000000
0.000000000000000
0.000000000000000
-0.000000000000000
0.000000000000000
-0.000000000000000
0.000000000000000
-0.000000000000000
0.000000000000000
-0.000000000000000
0.000000000000000
0.000000000000000
-0.000000000000000
0.000000000000000
-0.000000000000000
0.000000000000000
-0.000000000000000
0.000000000000000
0.000000000000000
-0.000000000000000
0.000000000000000
-0.000000000000000
0.000000000000000
-0.000000000000000
-0.000000000000000
0.000000000000000
-0.000000000000000
0.000000000000000
-0.000000000000000
0.000000000000000
-0.000000000000000
0.000000000000000
0.000000000000000
-0.000000000000000
0.000000000000000
-0.000000000000000
-0.000000000000000
0.000000000000000
-0.000000000000000
0.000000000000000
-0.000000000000000
0.000000000000000
-0.000000000000000
0.000000000000000
0.000000000000000
-0.000000000000000
0.000000000000000
-0.000000000000000
0.000000000000000
-0.000000000000000
-0.000000000000000
0.000000000000000
-0.000000000000000
0.000000000000000
-0.000000000000000
-0.000000000000000
0.000000000000000
-0.000000000000000
0.000000000000000
-0.000000000000000
0.000000000000000
-0.000000000000000
-0.000000000000000
0.000000000000000
-0.000000000000000
0.000000000000000
-0.000000000000000
0.000000000000000
-0.000000000000000
0.000000000000000
0.000000000000000
-0.000000000000000
0.000000000000000
-0.000000000000000
0.000000000000000
-0.000000000000000
-0.000000000000000
0.000000000000000
-0.000000000000000
0.000000000000000
-0.000000000000000
0.000000000000000
0.000000000000000
-0.000000000000000
0.000000000000000
-0.000000000000000
0.000000000000000
0.000000000000000
-0.000000000000000
0.000000000000000
-0.000000000000000
-0.000000000000000
0.000000000000000
-0.000000000000000
0.000000000000000
0.000000000000000
-0.000000000000000
0.000000000000000
-0.000000000000000
0.000000000000000
-0.000000000000000
0.000000000000000
0.000000000000000
-0.000000000000000
-0.000000000000000
0.000000000000000
-0.000000000000000
-0.000000000000000
-0.000000000000000
-0.000000000000000
0.000000000000000
-0.000000000000000
0.000000000000000
-0.000000000000000
0.000000000000000
0.000000000000000
0.000000000000000
-0.000000000000000
0.000000000000000
-0.000000000000000
-0.000000000000000
0.000000000000000
-0.000000000000000
0.000000000000000
-0.000000000000000
-0.000000000000000
0.000000000000000
-0.000000000000000
0.000000000000000
-0.000000000000000
-0.000000000000000
0.000000000000000
-0.000000000000000
0.000000000000000
0.000000000000000
-0.000000000000000
0.000000000000000
-0.000000000000000
-0.000000000000000
0.000000000000000
-0.000000000000000
0.000000000000000
0.000000000000000
-0.000000000000000
0.000000000000000
0.000000000000000
-0.000000000000000
0.000000000000000
-0.000000000000000
0.000000000000000
0.000000000000000
-0.000000000000000
0.000000000000000
-0.000000000000000
-0.000000000000000
0.000000000000000
-0.000000000000000
0.000000000000000
-0.000000000000000
0.000000000000000
-0.000000000000000
0.000000000000000
-0.000000000000000
0.000000000000000
-0.000000000000000
0.000000000000000
0.000000000000000
0.000000000000000
0.000000000000000
-0.000000000000000
0.000000000000000
-0.000000000000000
0.000000000000000
0.000000000000000
-0.000000000000000
0.000000000000000
-0.000000000000000
0.000000000000000
0.000000000000000
-0.000000000000000
0.000000000000000
-0.000000000000000
0.000000000000000
0.000000000000000
-0.000000000000000
0.000000000000000
0.000000000000000
0.000000000000000
0.000000000000000
0.000000000000000
-0.000000000000000
0.000000000000000
-0.000000000000000
-0.000000000000000
0.000000000000000
-0.000000000000000
0.000000000000000
-0.000000000000000
0.000000000000000
-0.000000000000000
0.000000000000000
0.000000000000000
-0.000000000000000
0.000000000000000
-0.000000000000000
-0.000000000000000
0.000000000000000
-0.000000000000000
0.000000000000000
0.000000000000000
-0.000000000000000
0.000000000000000
-0.000000000000000
-0.000000000000000
0.000000000000000
-0.000000000000000
0.000000000000000
-0.000000000000000
-0.000000000000000
0.000000000000000
-0.000000000000000
0.000000000000000
0.000000000000000
-0.000000000000000
0.000000000000000
-0.000000000000000
0.000000000000000
-0.000000000000000
-0.000000000000000
0.000000000000000
-0.000000000000000
0.000000000000000
0.000000000000000
-0.000000000000000
0.000000000000000
-0.000000000000000
0.000000000000000
-0.000000000000000
-0.000000000000000
0.000000000000000
-0.000000000000000
0.000000000000000
-0.000000000000000
-0.000000000000000
0.000000000000000
-0.000000000000000
0.000000000000000
-0.000000000000000
0.000000000000000
0.000000000000000
-0.000000000000000
0.000000000000000
-0.000000000000000
0.000000000000000
0.000000000000000
-0.000000000000000
0.000000000000000
-0.000000000000000
0.000000000000000
-0.000000000000000
0.000000000000000
-0.000000000000000
-0.000000000000000
0.000000000000000
-0.000000000000000
0.000000000000000
0.000000000000000
-0.000000000000000
0.000000000000000
-0.000000000000000
-0.000000000000000
0.000000000000000
-0.000000000000000
0.000000000000000
-0.000000000000000
-0.000000000000000
0.000000000000000
0.000000000000000
-0.000000000000000
0.000000000000000
-0.000000000000000
-0.000000000000000
0.000000000000000
-0.000000000000000
0.000000000000000
-0.000000000000000
0.000000000000000
0.000000000000000
-0.000000000000000
0.000000000000000
0.000000000000000
-0.000000000000000
0.000000000000000
-0.000000000000000
-0.000000000000000
0.000000000000000
-0.000000000000000
0.000000000000000
-0.000000000000000
-0.000000000000000
0.000000000000000
-0.000000000000000
-0.000000000000000
0.000000000000000
-0.000000000000000
0.000000000000000
-0.000000000000000
0.000000000000000
-0.000000000000000
0.000000000000000
-0.000000000000000
0.000000000000000
-0.000000000000000
0.000000000000000
-0.000000000000000
-0.000000000000000
-0.000000000000000
0.000000000000000
-0.000000000000000
0.000000000000000
-0.000000000000000
-0.000000000000000
0.000000000000000
-0.000000000000000
0.000000000000000
-0.000000000000000
0.000000000000000
-0.000000000000000
0.000000000000000
-0.000000000000000
0.000000000000000
-0.000000000000000
0.000000000000000
