0.408000000000000
0.412000000000000
0.416000000000000
0.420000000000000
0.424000000000000
0.428000000000000
0.432000000000000
0.436000000000000
0.440000000000000
0.444000000000000
0.448000000000000
0.452000000000000
0.456000000000000
0.460000000000000
0.464000000000000
0.468000000000000
0.472000000000000
0.476000000000000
0.480000000000000
0.484000000000000
0.488000000000000
0.492000000000000
0.496000000000000
0.500000000000000
0.504000000000000
0.508000000000000
0.512000000000000
0.516000000000000
0.520000000000000
0.524000000000000
0.528000000000000
0.532000000000000
0.536000000000000
0.540000000000000
0.544000000000000
0.548000000000000
0.552000000000000
0.556000000000000
0.560000000000000
0.564000000000000
0.568000000000000
0.572000000000000
0.576000000000000
0.580000000000000
0.584000000000000
0.588000000000000
0.592000000000000
0.596000000000000
0.600000000000000
0.604000000000000
0.608000000000000
0.612000000000000
0.616000000000000
0.620000000000000
0.624000000000000
0.628000000000000
0.632000000000000
0.636000000000000
0.640000000000000
0.644000000000000
0.648000000000000
0.652000000000000
0.656000000000000
0.660000000000000
0.664000000000000
0.668000000000000
0.672000000000000
0.676000000000000
0.680000000000000
0.684000000000000
0.688000000000000
0.692000000000000
0.696000000000000
0.700000000000000
0.704000000000000
0.708000000000000
0.712000000000000
0.716000000000000
0.720000000000000
0.724000000000000
0.728000000000000
0.732000000000000
0.736000000000000
0.740000000000000
0.744000000000000
0.748000000000000
0.752000000000000
0.756000000000000
0.760000000000000
0.764000000000000
0.768000000000000
0.772000000000000
0.776000000000000
0.780000000000000
0.784000000000000
0.788000000000000
0.792000000000000
0.796000000000000
0.800000000000000
0.804000000000000
0.808000000000000
0.812000000000000
0.816000000000000
0.820000000000000
0.824000000000000
0.828000000000000
0.832000000000000
0.836000000000000
0.840000000000000
0.844000000000000
0.848000000000000
0.852000000000000
0.856000000000000
0.860000000000000
0.864000000000000
0.868000000000000
0.872000000000000
0.876000000000000
0.880000000000000
0.884000000000000
0.888000000000000
0.892000000000000
0.896000000000000
0.900000000000000
0.904000000000000
0.908000000000000
0.912000000000000
0.916000000000000
0.920000000000000
0.924000000000000
0.928000000000000
0.932000000000000
0.936000000000000
0.940000000000001
0.944000000000001
0.948000000000001
0.952000000000001
0.956000000000001
0.960000000000001
0.964000000000001
0.968000000000001
0.972000000000001
0.976000000000001
0.980000000000001
0.984000000000001
0.988000000000001
0.992000000000001
0.996000000000001
1.000000000000000
1.004000000000000
1.008000000000000
1.012000000000000
1.016000000000000
1.020000000000000
1.024000000000000
1.028000000000000
1.032000000000000
1.036000000000000
1.040000000000000
1.044000000000000
1.048000000000000
1.052000000000000
1.056000000000000
1.060000000000000
1.064000000000001
1.068000000000001
1.072000000000001
1.076000000000001
1.080000000000001
1.084000000000001
1.088000000000001
1.092000000000001
1.096000000000001
1.100000000000001
1.104000000000001
1.108000000000001
1.112000000000001
1.116000000000001
1.120000000000001
1.124000000000001
1.128000000000001
1.132000000000001
1.136000000000001
1.140000000000001
1.144000000000001
1.148000000000001
1.152000000000001
1.156000000000001
1.160000000000001
1.164000000000001
1.168000000000001
1.172000000000001
1.176000000000001
1.180000000000001
1.184000000000001
1.188000000000001
1.192000000000001
1.196000000000001
1.200000000000001
1.204000000000001
1.208000000000001
1.212000000000001
1.216000000000001
1.220000000000001
1.224000000000001
1.228000000000001
1.232000000000001
1.236000000000001
1.240000000000001
1.244000000000001
1.248000000000001
1.252000000000001
1.256000000000001
1.260000000000001
1.264000000000001
1.268000000000001
1.272000000000001
1.276000000000001
1.280000000000001
1.284000000000001
1.288000000000001
1.292000000000001
1.296000000000001
1.300000000000001
1.304000000000001
1.308000000000001
1.312000000000001
1.316000000000001
1.320000000000001
1.324000000000001
1.328000000000001
1.332000000000001
1.336000000000001
1.340000000000001
1.344000000000001
1.348000000000001
1.352000000000001
1.356000000000001
1.360000000000001
1.364000000000001
1.368000000000001
1.372000000000001
1.376000000000001
1.380000000000001
1.384000000000001
1.388000000000001
1.392000000000001
1.396000000000001
1.400000000000001
1.404000000000001
1.408000000000001
1.412000000000001
1.416000000000001
1.420000000000001
1.424000000000001
1.428000000000001
1.432000000000001
1.436000000000001
1.440000000000001
1.444000000000001
1.448000000000001
1.452000000000001
1.456000000000001
1.460000000000001
1.464000000000001
1.468000000000001
1.472000000000001
1.476000000000001
1.480000000000001
1.484000000000001
1.488000000000001
1.492000000000001
1.496000000000001
1.500000000000001
1.504000000000001
1.508000000000001
1.512000000000001
1.516000000000001
1.520000000000001
1.524000000000001
1.528000000000001
1.532000000000001
1.536000000000001
1.540000000000001
1.544000000000001
1.548000000000001
1.552000000000001
1.556000000000001
1.560000000000001
1.564000000000001
1.568000000000001
1.572000000000001
1.576000000000001
1.580000000000001
1.584000000000001
1.588000000000001
1.592000000000001
1.596000000000001
1.600000000000001
1.604000000000001
1.608000000000001
1.612000000000001
1.616000000000001
1.620000000000001
1.624000000000001
1.628000000000001
1.632000000000001
1.636000000000001
1.640000000000001
1.644000000000001
1.648000000000001
1.652000000000001
1.656000000000001
1.660000000000001
1.664000000000001
1.668000000000001
1.672000000000001
1.676000000000001
1.680000000000001
1.684000000000001
1.688000000000001
1.692000000000001
1.696000000000001
1.700000000000001
1.704000000000001
1.708000000000001
1.712000000000001
1.716000000000001
1.720000000000001
1.724000000000001
1.728000000000001
1.732000000000001
1.736000000000001
1.740000000000001
1.744000000000001
1.748000000000001
1.752000000000001
1.756000000000001
1.760000000000001
1.764000000000001
1.768000000000001
1.772000000000001
1.776000000000001
1.780000000000001
1.784000000000001
1.788000000000001
1.792000000000001
1.796000000000001
1.800000000000001
1.804000000000001
1.808000000000001
1.812000000000001
1.816000000000001
1.820000000000001
1.824000000000001
1.828000000000001
1.832000000000001
1.836000000000001
1.840000000000001
1.844000000000001
1.848000000000001
1.852000000000001
1.856000000000001
1.860000000000001
1.864000000000001
1.868000000000001
1.872000000000001
1.876000000000001
1.880000000000001
1.884000000000001
1.888000000000001
1.892000000000001
1.896000000000001
1.900000000000001
1.904000000000001
1.908000000000001
1.912000000000001
1.916000000000001
1.920000000000001
1.924000000000001
1.928000000000001
1.932000000000001
1.936000000000001
1.940000000000001
1.944000000000001
1.948000000000001
1.952000000000001
1.956000000000001
1.960000000000001
1.964000000000001
1.968000000000001
1.972000000000001
1.976000000000001
1.980000000000001
1.984000000000001
1.988000000000001
1.992000000000001
1.996000000000001
2.000000000000001
2.004000000000001
2.008000000000001
2.012000000000001
2.016000000000001
2.020000000000001
2.024000000000001
2.028000000000001
2.032000000000001
2.036000000000001
2.040000000000001
2.044000000000001
2.048000000000001
2.052000000000001
2.056000000000001
2.060000000000001
2.064000000000001
2.068000000000001
2.072000000000001
2.076000000000001
2.080000000000001
2.084000000000001
2.088000000000001
2.092000000000001
2.096000000000001
2.100000000000001
2.104000000000001
2.108000000000001
2.112000000000001
2.116000000000001
2.120000000000001
2.124000000000001
2.128000000000001
2.132000000000001
2.136000000000001
2.140000000000001
2.144000000000001
2.148000000000001
2.152000000000001
2.156000000000001
2.160000000000001
2.164000000000001
2.168000000000001
2.172000000000001
2.176000000000001
2.180000000000001
2.184000000000001
2.188000000000001
2.192000000000002
2.196000000000002
2.200000000000002
2.204000000000002
2.208000000000002
2.212000000000002
2.216000000000002
2.220000000000002
2.224000000000002
2.228000000000002
2.232000000000002
2.236000000000002
2.240000000000002
2.244000000000002
2.248000000000002
2.252000000000002
2.256000000000002
2.260000000000002
2.264000000000002
2.268000000000002
2.272000000000002
2.276000000000002
2.280000000000002
2.284000000000002
2.288000000000002
2.292000000000002
2.296000000000002
2.300000000000002
2.304000000000002
2.308000000000002
2.312000000000002
2.316000000000002
2.320000000000002
2.324000000000002
2.328000000000002
2.332000000000002
2.336000000000002
2.340000000000002
2.344000000000002
2.348000000000002
2.352000000000002
2.356000000000002
2.360000000000002
2.364000000000002
2.368000000000002
2.372000000000002
2.376000000000002
2.380000000000002
2.384000000000002
2.388000000000002
2.392000000000002
2.396000000000002
2.400000000000002
2.404000000000002
2.408000000000002
2.412000000000002
2.416000000000002
2.420000000000002
2.424000000000002
2.428000000000002
2.432000000000002
2.436000000000002
2.440000000000002
2.444000000000002
2.448000000000002
2.452000000000002
2.456000000000002
2.460000000000002
2.464000000000002
2.468000000000002
2.472000000000002
2.476000000000002
2.480000000000002
2.484000000000002
2.488000000000002
2.492000000000002
2.496000000000002
2.500000000000002
2.504000000000002
2.508000000000002
2.512000000000002
2.516000000000002
2.520000000000002
2.524000000000002
2.528000000000002
2.532000000000002
2.536000000000002
2.540000000000002
2.544000000000002
2.548000000000002
2.552000000000002
2.556000000000002
2.560000000000002
2.564000000000002
2.568000000000002
2.572000000000002
2.576000000000002
2.580000000000002
2.584000000000002
2.588000000000002
2.592000000000002
2.596000000000002
2.600000000000002
2.604000000000002
2.608000000000002
2.612000000000002
2.616000000000002
2.620000000000002
2.624000000000002
2.628000000000002
2.632000000000002
2.636000000000002
2.640000000000002
2.644000000000002
2.648000000000002
2.652000000000002
2.656000000000002
2.660000000000002
2.664000000000002
2.668000000000002
2.672000000000002
2.676000000000002
2.680000000000002
2.684000000000002
2.688000000000002
2.692000000000002
2.696000000000002
2.700000000000002
2.704000000000002
2.708000000000002
2.712000000000002
2.716000000000002
2.720000000000002
2.724000000000002
2.728000000000002
2.732000000000002
2.736000000000002
2.740000000000002
2.744000000000002
2.748000000000002
2.752000000000002
2.756000000000002
2.760000000000002
2.764000000000002
2.768000000000002
2.772000000000002
2.776000000000002
2.780000000000002
2.784000000000002
2.788000000000002
2.792000000000002
2.796000000000002
2.800000000000002
2.804000000000002
2.808000000000002
2.812000000000002
2.816000000000002
2.820000000000002
2.824000000000002
2.828000000000002
2.832000000000002
2.836000000000002
2.840000000000002
2.844000000000002
2.848000000000002
2.852000000000002
2.856000000000002
2.860000000000002
2.864000000000002
2.868000000000002
2.872000000000002
2.876000000000002
2.880000000000002
2.884000000000002
2.888000000000002
2.892000000000002
2.896000000000002
2.900000000000002
2.904000000000002
2.908000000000002
2.912000000000002
2.916000000000002
2.920000000000002
2.924000000000002
2.928000000000002
2.932000000000002
2.936000000000002
2.940000000000002
2.944000000000002
2.948000000000002
2.952000000000002
2.956000000000002
2.960000000000002
2.964000000000002
2.968000000000002
2.972000000000002
2.976000000000002
2.980000000000002
2.984000000000002
2.988000000000002
2.992000000000002
2.996000000000002
3.000000000000002
3.004000000000002
3.008000000000002
3.012000000000002
3.016000000000002
3.020000000000002
3.024000000000002
3.028000000000002
3.032000000000002
3.036000000000002
3.040000000000002
3.044000000000002
3.048000000000002
3.052000000000002
3.056000000000002
3.060000000000002
3.064000000000002
3.068000000000002
3.072000000000002
3.076000000000002
3.080000000000002
3.084000000000002
3.088000000000002
3.092000000000002
3.096000000000002
3.100000000000002
3.104000000000002
3.108000000000002
3.112000000000002
3.116000000000002
3.120000000000002
3.124000000000002
3.128000000000002
3.132000000000002
3.136000000000002
3.140000000000002
3.144000000000002
3.148000000000002
3.152000000000002
3.156000000000002
3.160000000000002
3.164000000000002
3.168000000000002
3.172000000000002
3.176000000000002
3.180000000000002
3.184000000000002
3.188000000000002
3.192000000000002
3.196000000000002
3.200000000000002
3.204000000000002
3.208000000000002
3.212000000000002
3.216000000000002
3.220000000000002
3.224000000000002
3.228000000000002
3.232000000000002
3.236000000000002
3.240000000000002
3.244000000000002
3.248000000000002
3.252000000000002
3.256000000000002
3.260000000000002
3.264000000000002
3.268000000000002
3.272000000000002
3.276000000000002
3.280000000000002
3.284000000000002
3.288000000000002
3.292000000000002
3.296000000000002
3.300000000000002
3.304000000000002
3.308000000000002
3.312000000000002
3.316000000000003
3.320000000000003
3.324000000000003
3.328000000000003
3.332000000000003
3.336000000000003
3.340000000000003
3.344000000000003
3.348000000000003
3.352000000000003
3.356000000000003
3.360000000000003
3.364000000000003
3.368000000000003
3.372000000000003
3.376000000000003
3.380000000000003
3.384000000000003
3.388000000000003
3.392000000000003
3.396000000000003
3.400000000000003
3.404000000000003
3.408000000000003
3.412000000000003
3.416000000000003
3.420000000000003
3.424000000000003
3.428000000000003
3.432000000000003
3.436000000000003
3.440000000000003
3.444000000000003
3.448000000000003
3.452000000000003
3.456000000000003
3.460000000000003
3.464000000000003
3.468000000000003
3.472000000000003
3.476000000000003
3.480000000000003
3.484000000000003
3.488000000000003
3.492000000000003
3.496000000000003
3.500000000000003
3.504000000000003
3.508000000000003
3.512000000000003
3.516000000000003
3.520000000000003
3.524000000000003
3.528000000000003
3.532000000000003
3.536000000000003
3.540000000000003
3.544000000000003
3.548000000000003
3.552000000000003
3.556000000000003
3.560000000000003
3.564000000000003
3.568000000000003
3.572000000000003
3.576000000000003
3.580000000000003
3.584000000000003
3.588000000000003
3.592000000000003
3.596000000000003
3.600000000000003
3.604000000000003
3.608000000000003
3.612000000000003
3.616000000000003
3.620000000000003
3.624000000000003
3.628000000000003
3.632000000000003
3.636000000000003
3.640000000000003
3.644000000000003
3.648000000000003
3.652000000000003
3.656000000000003
3.660000000000003
3.664000000000003
3.668000000000003
3.672000000000003
3.676000000000003
3.680000000000003
3.684000000000003
3.688000000000003
3.692000000000003
3.696000000000003
3.700000000000003
3.704000000000003
3.708000000000003
3.712000000000003
3.716000000000003
3.720000000000003
3.724000000000003
3.728000000000003
3.732000000000003
3.736000000000003
3.740000000000003
3.744000000000003
3.748000000000003
3.752000000000003
3.756000000000003
3.760000000000003
3.764000000000003
3.768000000000003
3.772000000000003
3.776000000000003
3.780000000000003
3.784000000000003
3.788000000000003
3.792000000000003
3.796000000000003
3.800000000000003
3.804000000000003
3.808000000000003
3.812000000000003
3.816000000000003
3.820000000000003
3.824000000000003
3.828000000000003
3.832000000000003
3.836000000000003
3.840000000000003
3.844000000000003
3.848000000000003
3.852000000000003
3.856000000000003
3.860000000000003
3.864000000000003
3.868000000000003
3.872000000000003
3.876000000000003
3.880000000000003
3.884000000000003
3.888000000000003
3.892000000000003
3.896000000000003
3.900000000000003
3.904000000000003
3.908000000000003
3.912000000000003
3.916000000000003
3.920000000000003
3.924000000000003
3.928000000000003
3.932000000000003
3.936000000000003
3.940000000000003
3.944000000000003
3.948000000000003
3.952000000000003
3.956000000000003
3.960000000000003
3.964000000000003
3.968000000000003
3.972000000000003
3.976000000000003
3.980000000000003
3.984000000000003
3.988000000000003
3.992000000000003
3.996000000000003
4.000000000000004
4.004000000000003
4.008000000000004
4.012000000000003
4.016000000000004
4.020000000000003
4.024000000000004
4.028000000000003
4.032000000000004
4.036000000000003
4.040000000000004
4.044000000000003
4.048000000000004
4.052000000000003
4.056000000000004
4.060000000000003
4.064000000000004
4.068000000000003
4.072000000000004
4.076000000000003
4.080000000000004
4.084000000000003
4.088000000000004
4.092000000000003
4.096000000000004
4.100000000000003
4.104000000000004
4.108000000000003
4.112000000000004
4.116000000000003
4.120000000000004
4.124000000000003
4.128000000000004
4.132000000000003
4.136000000000004
4.140000000000003
4.144000000000004
4.148000000000003
4.152000000000004
4.156000000000003
4.160000000000004
4.164000000000003
4.168000000000004
4.172000000000003
4.176000000000004
4.180000000000003
4.184000000000004
4.188000000000003
4.192000000000004
4.196000000000003
4.200000000000004
4.204000000000003
4.208000000000004
4.212000000000003
4.216000000000004
4.220000000000003
4.224000000000004
4.228000000000003
4.232000000000004
4.236000000000003
4.240000000000004
4.244000000000003
4.248000000000004
4.252000000000003
4.256000000000004
4.260000000000003
4.264000000000004
4.268000000000003
4.272000000000004
4.276000000000003
4.280000000000004
4.284000000000003
4.288000000000004
4.292000000000003
4.296000000000004
4.300000000000003
4.304000000000004
4.308000000000003
4.312000000000004
4.316000000000003
4.320000000000004
4.324000000000003
4.328000000000004
4.332000000000003
4.336000000000004
4.340000000000003
4.344000000000004
4.348000000000003
4.352000000000004
4.356000000000003
4.360000000000004
4.364000000000003
4.368000000000004
4.372000000000003
4.376000000000004
4.380000000000003
4.384000000000004
4.388000000000003
4.392000000000004
4.396000000000003
4.400000000000004
4.404000000000003
4.408000000000004
4.412000000000004
4.416000000000004
4.420000000000003
4.424000000000004
4.428000000000004
4.432000000000004
4.436000000000003
4.440000000000004
4.444000000000004
4.448000000000004
4.452000000000004
4.456000000000004
4.460000000000004
4.464000000000004
4.468000000000004
4.472000000000004
4.476000000000004
4.480000000000004
4.484000000000004
4.488000000000004
4.492000000000004
4.496000000000004
4.500000000000004
4.504000000000004
4.508000000000004
4.512000000000004
4.516000000000004
4.520000000000004
4.524000000000004
4.528000000000004
4.532000000000004
4.536000000000004
4.540000000000004
4.544000000000004
4.548000000000004
4.552000000000004
4.556000000000004
4.560000000000004
4.564000000000004
4.568000000000004
4.572000000000005
4.576000000000004
4.580000000000004
4.584000000000004
4.588000000000005
4.592000000000004
4.596000000000004
4.600000000000004
4.604000000000005
4.608000000000004
4.612000000000004
4.616000000000004
4.620000000000005
4.624000000000004
4.628000000000004
4.632000000000004
4.636000000000005
4.640000000000004
4.644000000000004
4.648000000000004
4.652000000000005
4.656000000000004
4.660000000000004
4.664000000000004
4.668000000000005
4.672000000000004
4.676000000000004
4.680000000000004
4.684000000000005
4.688000000000004
4.692000000000004
4.696000000000004
4.700000000000005
4.704000000000004
4.708000000000004
4.712000000000004
4.716000000000005
4.720000000000004
4.724000000000004
4.728000000000004
4.732000000000005
4.736000000000004
4.740000000000004
4.744000000000004
4.748000000000005
4.752000000000004
4.756000000000004
4.760000000000004
4.764000000000005
4.768000000000004
4.772000000000004
4.776000000000004
4.780000000000005
4.784000000000004
4.788000000000004
4.792000000000004
4.796000000000005
4.800000000000004
4.804000000000004
4.808000000000004
4.812000000000005
4.816000000000004
4.820000000000004
4.824000000000004
4.828000000000005
4.832000000000004
4.836000000000004
4.840000000000004
4.844000000000005
4.848000000000004
4.852000000000004
4.856000000000004
4.860000000000005
4.864000000000004
4.868000000000004
4.872000000000004
4.876000000000005
4.880000000000004
4.884000000000004
4.888000000000004
