0.000000000000000
0.000000000000000
-0.000000000000000
-0.000000000000000
-0.000000000000000
-0.000000000000001
-0.000000000000001
-0.000000000000000
-0.000000000000000
-0.000000000000000
-0.000000000000000
-0.000000000000000
0.000000000000000
0.000000000000000
0.000000000000000
-0.000000000000000
-0.000000000000000
-0.000000000000000
-0.000000000000000
0.000000000000000
0.000000000000000
0.000000000000000
0.000000000000000
0.000000000000001
0.000000000000000
0.000000000000000
0.000000000000000
0.000000000000000
0.000000000000000
-0.000000000000000
-0.000000000000000
-0.000000000000000
0.000000000000000
0.000000000000000
-0.000000000000000
0.000000000000000
-0.000000000000000
0.000000000000000
0.000000000000000
-0.000000000000000
-0.000000000000000
-0.000000000000000
-0.000000000000000
-0.000000000000000
-0.000000000000000
0.000000000000000
-0.000000000000000
-0.000000000000000
0.000000000000000
-0.000000000000000
0.000000000000000
0.000000000000000
0.000000000000000
-0.000000000000000
-0.000000000000000
0.000000000000000
0.000000000000000
0.000000000000000
0.000000000000000
0.000000000000000
-0.000000000000000
-0.000000000000000
0.000000000000000
0.000000000000000
0.000000000000000
0.000000000000000
0.000000000000000
0.000000000000000
0.000000000000000
-0.000000000000000
-0.000000000000000
-0.000000000000000
-0.000000000000000
0.000000000000000
0.000000000000000
0.000000000000000
0.000000000000000
0.000000000000000
-0.000000000000000
-0.000000000000000
0.000000000000000
0.000000000000000
-0.000000000000000
0.000000000000000
0.000000000000000
-0.000000000000000
0.000000000000000
0.000000000000000
-0.000000000000000
-0.000000000000000
-0.000000000000000
-0.000000000000001
-0.000000000000001
-0.000000000000000
-0.000000000000001
-0.000000000000000
-0.000000000000000
-0.000000000000000
0.000000000000001
0.000000000000000
0.000000000000000
0.000000000000001
0.000000000000001
0.000000000000000
0.000000000000000
0.000000000000000
-0.000000000000000
0.000000000000000
0.000000000000000
0.000000000000000
0.000000000000000
0.000000000000001
0.000000000000000
0.000000000000000
-0.000000000000000
-0.000000000000001
-0.000000000000001
-0.000000000000001
-0.000000000000001
-0.000000000000000
-0.000000000000000
-0.000000000000000
0.000000000000000
0.000000000000000
0.000000000000000
0.000000000000000
0.000000000000001
0.000000000000000
0.000000000000000
0.000000000000000
0.000000000000000
0.000000000000000
0.000000000000000
0.000000000000001
0.000000000000001
0.000000000000001
0.000000000000001
0.000000000000000
0.000000000000001
0.000000000000000
-0.000000000000000
-0.000000000000000
-0.000000000000000
-0.000000000000001
-0.000000000000000
-0.000000000000000
0.000000000000000
-0.000000000000000
-0.000000000000000
-0.000000000000001
-0.000000000000001
-0.000000000000000
-0.000000000000000
0.000000000000000
0.000000000000000
0.000000000000000
0.000000000000000
0.000000000000000
-0.000000000000000
0.000000000000000
0.000000000000000
-0.000000000000000
-0.000000000000000
-0.000000000000001
-0.000000000000000
-0.000000000000000
-0.000000000000000
-0.000000000000000
-0.000000000000001
-0.000000000000001
-0.000000000000000
-0.000000000000000
-0.000000000000000
-0.000000000000000
-0.000000000000001
-0.000000000000001
-0.000000000000000
-0.000000000000001
-0.000000000000000
0.000000000000000
-0.000000000000000
0.000000000000000
0.000000000000001
0.000000000000000
0.000000000000000
0.000000000000001
0.000000000000001
0.000000000000001
0.000000000000001
0.000000000000001
0.000000000000001
0.000000000000000
0.000000000000000
0.000000000000000
0.000000000000000
0.000000000000000
0.000000000000000
0.000000000000000
-0.000000000000000
-0.000000000000000
-0.000000000000001
-0.000000000000001
-0.000000000000000
-0.000000000000000
-0.000000000000000
-0.000000000000000
-0.000000000000000
-0.000000000000001
-0.000000000000002
-0.000000000000002
-0.000000000000002
-0.000000000000002
-0.000000000000001
-0.000000000000001
-0.000000000000001
-0.000000000000001
-0.000000000000001
-0.000000000000000
-0.000000000000001
-0.000000000000000
-0.000000000000001
-0.000000000000001
-0.000000000000001
-0.000000000000002
-0.000000000000002
-0.000000000000002
-0.000000000000003
-0.000000000000003
-0.000000000000004
-0.000000000000005
-0.000000000000006
-0.000000000000007
-0.000000000000010
-0.000000000000014
-0.000000000000021
-0.000000000000032
-0.000000000000046
-0.000000000000068
-0.000000000000100
-0.000000000000147
-0.000000000000213
-0.000000000000309
-0.000000000000446
-0.000000000000641
-0.000000000000920
-0.000000000001317
-0.000000000001879
-0.000000000002675
-0.000000000003800
-0.000000000005383
-0.000000000007606
-0.000000000010722
-0.000000000015079
-0.000000000021157
-0.000000000029615
-0.000000000041360
-0.000000000057630
-0.000000000080116
-0.000000000111117
-0.000000000153760
-0.000000000212274
-0.000000000292380
-0.000000000401782
-0.000000000550842
-0.000000000753448
-0.000000001028184
-0.000000001399838
-0.000000001901399
-0.000000002576658
-0.000000003483591
-0.000000004698765
-0.000000006323033
-0.000000008488901
-0.000000011370005
-0.000000015193299
-0.000000020254647
-0.000000026938746
-0.000000035744493
-0.000000047317180
-0.000000062489260
-0.000000082331792
-0.000000108219178
-0.000000141910376
-0.000000185650486
-0.000000242297410
-0.000000315479317
-0.000000409789770
-0.000000531028784
-0.000000686499674
-0.000000885373437
-0.000001139134588
-0.000001462124882
-0.000001872204195
-0.000002391551154
-0.000003047629739
-0.000003874352280
-0.000004913473839
-0.000006216258107
-0.000007845460498
-0.000009877680199
-0.000012406139383
-0.000015543954692
-0.000019427973190
-0.000024223252335
-0.000030128270815
-0.000037380964199
-0.000046265686014
-0.000057121200758
-0.000070349820038
-0.000086427796227
-0.000105917089008
-0.000129478618563
-0.000157887114128
-0.000192047657630
-0.000233014008190
-0.000282008773740
-0.000340445469907
-0.000409952472874
-0.000492398831152
-0.000589921850423
-0.000704956305039
-0.000840265058719
-0.000998970795224
-0.001184588466965
-0.001401057965775
-0.001652776405999
-0.001944629286347
-0.002282019665243
-0.002670894346406
-0.003117765929825
-0.003629729441317
-0.004214472115381
-0.004880274775706
-0.005636003140880
-0.006491087285419
-0.007455487414945
-0.008539644076329
-0.009754410926262
-0.011110968232896
-0.012620715392555
-0.014295140914503
-0.016145668568279
-0.018183478706168
-0.020419304172690
-0.022863200696722
-0.025524292230995
-0.028410492357027
-0.031528203606756
-0.034881997358113
-0.038474277829712
-0.042304934615411
-0.046370989144723
-0.050666241407930
-0.055180924219908
-0.059901373185198
-0.064809721336972
-0.069883628120112
-0.075096052937973
-0.080415083847261
-0.085803832129869
-0.091220403360622
-0.096617955194314
-0.101944851387972
-0.107144920534159
-0.112157826595209
-0.116919556592354
-0.121363028723193
-0.125418821772882
-0.129016023977294
-0.132083196531359
-0.134549443766287
-0.136345578711194
-0.137405369384701
-0.137666847817754
-0.137073660585549
-0.135576436626057
-0.133134145450155
-0.129715416609727
-0.125299789587868
-0.119878862205773
-0.113457305290059
-0.106053711784117
-0.097701249772256
-0.088448091049779
-0.078357589925887
-0.067508190874187
-0.055993048404611
-0.043919348050113
-0.031407323542871
-0.018588971972674
-0.005606475825040
0.007389651882878
0.020242675802548
0.032791969049727
0.044875529060650
0.056332634768059
0.067006595940446
0.076747541090493
0.085415187068854
0.092881531460310
0.099033408302331
0.103774848526003
0.107029188910379
0.108740877234519
0.108876926653137
0.107427979013698
0.104408944733819
0.099859195787147
0.093842298087255
0.086445279867017
0.077777443257504
0.067968736893331
0.057167717722314
0.045539139991189
0.033261218342902
0.020522619842359
0.007519246323144
-0.005549126469366
-0.018482283017861
-0.031083003825299
-0.043160431301686
-0.054533296038887
-0.065032937340756
-0.074506057066557
-0.082817152501656
-0.089850581897777
-0.095512225298466
-0.099730713028922
-0.102458204509356
-0.103670710563647
-0.103367962854999
-0.101572844209962
-0.098330403129861
-0.093706484496195
-0.087786016146214
-0.080670997454544
-0.072478241174475
-0.063336923479069
-0.053385999352235
-0.042771541211910
-0.031644057941942
-0.020155849445979
-0.008458448530297
0.003299802482180
0.014975998338526
0.026434704651859
0.037549749536956
0.048205750679113
0.058299362534224
0.067740235409980
0.076451684997172
0.084371077343845
0.091449940152109
0.097653816511141
0.102961881669396
0.107366347130848
0.110871679197590
0.113493661064016
0.115258328710304
0.116200811181349
0.116364105427525
0.115797814797583
0.114556878596188
0.112700317942871
0.110290020594631
0.107389584522516
0.104063236963385
0.100374842498094
0.096387010526452
0.092160309398867
0.087752591496258
0.083218430783794
0.078608671849127
0.073970087208703
0.069345137751455
0.064771829601587
0.060283659424662
0.055909639267913
0.051674391402779
0.047598303304331
0.043697732832553
0.039985253844362
0.036469932830231
0.033157627701286
0.030051300517801
0.027151336714564
0.024455864211123
0.021961066666011
0.019661486017262
0.017550310323631
0.015619643762259
0.013860756432720
0.012264312352004
0.010820574690443
0.009519587889053
0.008351336810626
0.007305883509734
0.006373482561806
0.005544676172045
0.004810370495714
0.004161894748187
0.003591044772481
0.003090112770996
0.002651904903784
0.002269748415289
0.001937489881775
0.001649486079244
0.001400588862557
0.001186125325954
0.001001874388255
0.000844040816567
0.000709227573998
0.000594407252342
0.000496893232324
0.000414311103293
0.000344570772501
0.000285839602018
0.000236516829170
0.000195209454308
0.000160709717388
0.000131974231883
0.000108104800355
0.000088330899947
0.000071993797250
0.000058532229775
0.000047469574783
0.000038402414678
0.000030990400845
0.000024947314042
0.000020033218495
0.000016047608280
0.000012823447693
0.000010222011835
0.000008128439099
0.000006447913308
0.000005102399685
0.000004027865405
0.000003171921978
0.000002491833059
0.000001952837334
0.000001526741824
0.000001190746260
0.000000926464055
0.000000719109853
0.000000556827622
0.000000430136877
0.000000331477785
0.000000254838743
0.000000195452464
0.000000149548781
0.000000114154215
0.000000086930000
0.000000066041556
0.000000050053686
0.000000037846625
0.000000028549055
0.000000021484783
0.000000016130431
0.000000012081971
0.000000009028333
0.000000006730638
0.000000005005932
0.000000003714450
0.000000002749705
0.000000002030769
0.000000001496300
0.000000001099921
0.000000000806659
0.000000000590208
0.000000000430831
0.000000000313759
0.000000000227969
0.000000000165251
0.000000000119509
0.000000000086229
0.000000000062072
0.000000000044579
0.000000000031942
0.000000000022834
0.000000000016286
0.000000000011588
0.000000000008227
0.000000000005827
0.000000000004117
0.000000000002903
0.000000000002042
0.000000000001433
0.000000000001003
0.000000000000701
0.000000000000488
0.000000000000340
0.000000000000235
0.000000000000163
0.000000000000113
0.000000000000077
0.000000000000053
0.000000000000037
0.000000000000025
0.000000000000017
0.000000000000011
0.000000000000008
0.000000000000005
0.000000000000003
0.000000000000002
0.000000000000002
0.000000000000001
0.000000000000001
0.000000000000000
0.000000000000000
0.000000000000000
-0.000000000000000
0.000000000000000
-0.000000000000000
0.000000000000000
-0.000000000000000
-0.000000000000000
-0.000000000000000
-0.000000000000000
-0.000000000000000
-0.000000000000000
-0.000000000000000
0.000000000000000
-0.000000000000000
-0.000000000000000
-0.000000000000000
-0.000000000000000
0.000000000000000
-0.000000000000000
0.000000000000000
-0.000000000000000
-0.000000000000000
0.000000000000000
-0.000000000000000
0.000000000000000
-0.000000000000000
0.000000000000000
-0.000000000000000
0.000000000000000
-0.000000000000000
0.000000000000000
-0.000000000000000
0.000000000000000
-0.000000000000000
0.000000000000000
-0.000000000000000
-0.000000000000000
0.000000000000000
-0.000000000000000
0.000000000000000
0.000000000000000
-0.000000000000000
0.000000000000000
-0.000000000000000
0.000000000000000
0.000000000000000
0.000000000000000
0.000000000000000
-0.000000000000000
0.000000000000000
-0.000000000000000
-0.000000000000000
0.000000000000000
0.000000000000000
-0.000000000000000
0.000000000000000
-0.000000000000000
0.000000000000000
-0.000000000000000
0.000000000000000
-0.000000000000000
0.000000000000000
-0.000000000000000
-0.000000000000000
0.000000000000000
-0.000000000000000
0.000000000000000
-0.000000000000000
-0.000000000000000
0.000000000000000
-0.000000000000000
0.000000000000000
-0.000000000000000
0.000000000000000
0.000000000000000
-0.000000000000000
0.000000000000000
-0.000000000000000
0.000000000000000
-0.000000000000000
-0.000000000000000
0.000000000000000
-0.000000000000000
0.000000000000000
-0.000000000000000
-0.000000000000000
0.000000000000000
-0.000000000000000
0.000000000000000
-0.000000000000000
0.000000000000000
0.000000000000000
-0.000000000000000
0.000000000000000
-0.000000000000000
0.000000000000000
-0.000000000000000
0.000000000000000
-0.000000000000000
-0.000000000000000
-0.000000000000000
0.000000000000000
-0.000000000000000
0.000000000000000
-0.000000000000000
0.000000000000000
-0.000000000000000
0.000000000000000
0.000000000000000
-0.000000000000000
0.000000000000000
-0.000000000000000
0.000000000000000
0.000000000000000
-0.000000000000000
0.000000000000000
-0.000000000000000
0.000000000000000
-0.000000000000000
0.000000000000000
-0.000000000000000
0.000000000000000
0.000000000000000
-0.000000000000000
0.000000000000000
-0.000000000000000
0.000000000000000
0.000000000000000
-0.000000000000000
0.000000000000000
-0.000000000000000
0.000000000000000
0.000000000000000
-0.000000000000000
0.000000000000000
-0.000000000000000
0.000000000000000
0.000000000000000
-0.000000000000000
0.000000000000000
-0.000000000000000
0.000000000000000
-0.000000000000000
0.000000000000000
0.000000000000000
-0.000000000000000
0.000000000000000
-0.000000000000000
0.000000000000000
-0.000000000000000
0.000000000000000
0.000000000000000
-0.000000000000000
0.000000000000000
-0.000000000000000
0.000000000000000
-0.000000000000000
0.000000000000000
-0.000000000000000
-0.000000000000000
-0.000000000000000
0.000000000000000
-0.000000000000000
0.000000000000000
-0.000000000000000
0.000000000000000
-0.000000000000000
0.000000000000000
-0.000000000000000
-0.000000000000000
0.000000000000000
-0.000000000000000
0.000000000000000
0.000000000000000
-0.000000000000000
0.000000000000000
-0.000000000000000
0.000000000000000
-0.000000000000000
-0.000000000000000
0.000000000000000
-0.000000000000000
0.000000000000000
-0.000000000000000
-0.000000000000000
0.000000000000000
-0.000000000000000
0.000000000000000
-0.000000000000000
-0.000000000000000
0.000000000000000
-0.000000000000000
0.000000000000000
-0.000000000000000
-0.000000000000000
0.000000000000000
-0.000000000000000
0.000000000000000
-0.000000000000000
0.000000000000000
-0.000000000000000
0.000000000000000
0.000000000000000
0.000000000000000
-0.000000000000000
0.000000000000000
-0.000000000000000
0.000000000000000
0.000000000000000
0.000000000000000
-0.000000000000000
0.000000000000000
-0.000000000000000
0.000000000000000
-0.000000000000000
0.000000000000000
-0.000000000000000
-0.000000000000000
0.000000000000000
-0.000000000000000
0.000000000000000
0.000000000000000
-0.000000000000000
-0.000000000000000
0.000000000000000
-0.000000000000000
0.000000000000000
-0.000000000000000
0.000000000000000
-0.000000000000000
0.000000000000000
-0.000000000000000
0.000000000000000
-0.000000000000000
0.000000000000000
-0.000000000000000
0.000000000000000
-0.000000000000000
0.000000000000000
-0.000000000000000
0.000000000000000
0.000000000000000
-0.000000000000000
-0.000000000000000
0.000000000000000
-0.000000000000000
0.000000000000000
0.000000000000000
-0.000000000000000
0.000000000000000
-0.000000000000000
0.000000000000000
-0.000000000000000
0.000000000000000
-0.000000000000000
-0.000000000000000
0.000000000000000
-0.000000000000000
0.000000000000000
-0.000000000000000
0.000000000000000
-0.000000000000000
0.000000000000000
-0.000000000000000
0.000000000000000
-0.000000000000000
-0.000000000000000
0.000000000000000
-0.000000000000000
0.000000000000000
-0.000000000000000
0.000000000000000
0.000000000000000
0.000000000000000
-0.000000000000000
0.000000000000000
-0.000000000000000
0.000000000000000
-0.000000000000000
0.000000000000000
-0.000000000000000
-0.000000000000000
0.000000000000000
-0.000000000000000
0.000000000000000
-0.000000000000000
0.000000000000000
-0.000000000000000
-0.000000000000000
0.000000000000000
-0.000000000000000
0.000000000000000
-0.000000000000000
-0.000000000000000
0.000000000000000
-0.000000000000000
0.000000000000000
-0.000000000000000
-0.000000000000000
0.000000000000000
-0.000000000000000
0.000000000000000
-0.000000000000000
0.000000000000000
-0.000000000000000
0.000000000000000
-0.000000000000000
0.000000000000000
-0.000000000000000
-0.000000000000000
0.000000000000000
-0.000000000000000
0.000000000000000
-0.000000000000000
0.000000000000000
0.000000000000000
-0.000000000000000
0.000000000000000
0.000000000000000
-0.000000000000000
0.000000000000000
-0.000000000000000
0.000000000000000
-0.000000000000000
0.000000000000000
-0.000000000000000
0.000000000000000
-0.000000000000000
-0.000000000000000
0.000000000000000
-0.000000000000000
0.000000000000000
-0.000000000000000
-0.000000000000000
-0.000000000000000
0.000000000000000
-0.000000000000000
0.000000000000000
-0.000000000000000
0.000000000000000
0.000000000000000
-0.000000000000000
0.000000000000000
-0.000000000000000
0.000000000000000
-0.000000000000000
0.000000000000000
-0.000000000000000
0.000000000000000
-0.000000000000000
-0.000000000000000
0.000000000000000
-0.000000000000001
0.000000000000000
-0.000000000000000
-0.000000000000000
0.000000000000000
-0.000000000000000
0.000000000000000
-0.000000000000000
-0.000000000000000
0.000000000000000
-0.000000000000000
-0.000000000000000
0.000000000000000
-0.000000000000000
0.000000000000000
0.000000000000000
-0.000000000000000
-0.000000000000000
0.000000000000000
-0.000000000000000
0.000000000000000
-0.000000000000000
0.000000000000000
0.000000000000000
-0.000000000000000
0.000000000000000
-0.000000000000000
-0.000000000000000
0.000000000000000
-0.000000000000000
0.000000000000000
-0.000000000000000
0.000000000000000
0.000000000000000
-0.000000000000000
-0.000000000000000
0.000000000000000
-0.000000000000000
0.000000000000000
-0.000000000000000
-0.000000000000000
0.000000000000000
-0.000000000000000
0.000000000000000
0.000000000000000
-0.000000000000000
0.000000000000000
-0.000000000000000
0.000000000000000
-0.000000000000000
0.000000000000000
0.000000000000000
0.000000000000000
-0.000000000000000
0.000000000000000
-0.000000000000000
-0.000000000000000
0.000000000000000
-0.000000000000000
0.000000000000000
0.000000000000000
-0.000000000000000
0.000000000000000
-0.000000000000000
0.000000000000000
0.000000000000000
-0.000000000000000
0.000000000000000
-0.000000000000000
0.000000000000000
-0.000000000000000
0.000000000000000
-0.000000000000000
-0.000000000000000
0.000000000000000
-0.000000000000000
0.000000000000000
0.000000000000000
-0.000000000000000
0.000000000000000
-0.000000000000000
0.000000000000000
-0.000000000000000
-0.000000000000000
0.000000000000000
-0.000000000000000
0.000000000000000
-0.000000000000000
0.000000000000000
-0.000000000000000
-0.000000000000000
0.000000000000000
-0.000000000000000
0.000000000000000
-0.000000000000000
0.000000000000000
-0.000000000000000
0.000000000000000
-0.000000000000000
-0.000000000000000
0.000000000000000
-0.000000000000000
0.000000000000000
0.000000000000000
-0.000000000000000
-0.000000000000000
0.000000000000000
-0.000000000000000
0.000000000000000
-0.000000000000000
0.000000000000000
0.000000000000000
-0.000000000000000
0.000000000000000
-0.000000000000000
-0.000000000000000
0.000000000000000
-0.000000000000000
-0.000000000000000
0.000000000000000
0.000000000000000
-0.000000000000000
0.000000000000000
-0.000000000000000
0.000000000000000
-0.000000000000000
0.000000000000000
-0.000000000000000
0.000000000000000
-0.000000000000000
-0.000000000000000
0.000000000000000
-0.000000000000000
0.000000000000000
-0.000000000000000
0.000000000000000
-0.000000000000000
0.000000000000000
0.000000000000000
0.000000000000000
-0.000000000000000
0.000000000000000
-0.000000000000000
0.000000000000000
-0.000000000000000
0.000000000000000
-0.000000000000000
0.000000000000000
-0.000000000000000
-0.000000000000000
0.000000000000000
-0.000000000000000
0.000000000000000
-0.000000000000000
0.000000000000000
-0.000000000000000
-0.000000000000000
-0.000000000000000
0.000000000000000
-0.000000000000000
