0.000000000000000
-0.000000000000000
0.000000000000000
0.000000000000000
0.000000000000000
0.000000000000001
0.000000000000001
0.000000000000000
0.000000000000000
0.000000000000000
-0.000000000000000
-0.000000000000000
-0.000000000000000
-0.000000000000000
0.000000000000000
0.000000000000000
0.000000000000000
0.000000000000000
0.000000000000000
-0.000000000000000
0.000000000000000
-0.000000000000000
0.000000000000000
0.000000000000000
0.000000000000000
0.000000000000000
0.000000000000000
0.000000000000000
-0.000000000000000
0.000000000000000
0.000000000000001
0.000000000000000
0.000000000000000
0.000000000000001
0.000000000000001
0.000000000000000
0.000000000000000
-0.000000000000000
-0.000000000000000
-0.000000000000000
-0.000000000000000
-0.000000000000000
-0.000000000000000
-0.000000000000000
-0.000000000000000
0.000000000000000
-0.000000000000000
0.000000000000000
0.000000000000000
-0.000000000000000
-0.000000000000000
-0.000000000000000
0.000000000000000
0.000000000000000
-0.000000000000000
-0.000000000000000
-0.000000000000000
-0.000000000000000
-0.000000000000000
-0.000000000000000
-0.000000000000000
-0.000000000000000
-0.000000000000000
-0.000000000000000
-0.000000000000000
-0.000000000000000
0.000000000000000
-0.000000000000000
-0.000000000000000
0.000000000000000
0.000000000000000
0.000000000000000
0.000000000000000
0.000000000000000
0.000000000000000
0.000000000000000
-0.000000000000000
-0.000000000000000
-0.000000000000000
-0.000000000000000
-0.000000000000000
0.000000000000000
-0.000000000000000
-0.000000000000000
-0.000000000000000
0.000000000000000
0.000000000000000
0.000000000000000
-0.000000000000000
-0.000000000000000
-0.000000000000000
-0.000000000000001
-0.000000000000001
-0.000000000000001
-0.000000000000001
-0.000000000000001
-0.000000000000000
-0.000000000000000
0.000000000000000
0.000000000000000
0.000000000000000
0.000000000000000
0.000000000000000
0.000000000000000
0.000000000000000
0.000000000000001
0.000000000000000
-0.000000000000000
-0.000000000000000
-0.000000000000000
-0.000000000000000
0.000000000000000
-0.000000000000000
-0.000000000000000
-0.000000000000000
-0.000000000000000
-0.000000000000000
-0.000000000000000
-0.000000000000000
0.000000000000000
0.000000000000000
0.000000000000000
0.000000000000000
0.000000000000000
0.000000000000000
0.000000000000000
0.000000000000000
-0.000000000000000
0.000000000000000
-0.000000000000000
-0.000000000000001
-0.000000000000000
-0.000000000000000
-0.000000000000000
0.000000000000000
-0.000000000000000
-0.000000000000000
-0.000000000000000
-0.000000000000000
-0.000000000000000
-0.000000000000000
0.000000000000000
-0.000000000000000
0.000000000000000
0.000000000000000
0.000000000000000
0.000000000000000
-0.000000000000000
-0.000000000000000
-0.000000000000001
-0.000000000000001
-0.000000000000001
-0.000000000000001
-0.000000000000001
-0.000000000000000
-0.000000000000000
-0.000000000000000
-0.000000000000000
0.000000000000000
0.000000000000000
0.000000000000000
0.000000000000000
-0.000000000000000
-0.000000000000000
-0.000000000000000
-0.000000000000000
0.000000000000000
-0.000000000000000
-0.000000000000000
-0.000000000000001
-0.000000000000001
-0.000000000000002
-0.000000000000002
-0.000000000000001
-0.000000000000001
-0.000000000000001
-0.000000000000001
-0.000000000000001
-0.000000000000000
0.000000000000001
0.000000000000001
0.000000000000001
0.000000000000001
0.000000000000001
0.000000000000001
0.000000000000001
0.000000000000000
0.000000000000001
0.000000000000001
0.000000000000001
0.000000000000001
0.000000000000002
0.000000000000002
0.000000000000002
0.000000000000001
0.000000000000001
0.000000000000001
0.000000000000001
0.000000000000001
0.000000000000001
0.000000000000001
0.000000000000001
0.000000000000002
0.000000000000001
0.000000000000001
0.000000000000000
-0.000000000000000
-0.000000000000001
-0.000000000000001
-0.000000000000001
-0.000000000000001
-0.000000000000000
0.000000000000000
0.000000000000000
0.000000000000000
0.000000000000001
0.000000000000001
0.000000000000000
0.000000000000000
0.000000000000000
-0.000000000000000
-0.000000000000000
-0.000000000000001
-0.000000000000001
-0.000000000000000
-0.000000000000000
0.000000000000000
0.000000000000001
0.000000000000001
0.000000000000000
0.000000000000000
-0.000000000000001
-0.000000000000001
-0.000000000000002
-0.000000000000004
-0.000000000000006
-0.000000000000008
-0.000000000000012
-0.000000000000017
-0.000000000000024
-0.000000000000034
-0.000000000000048
-0.000000000000069
-0.000000000000099
-0.000000000000143
-0.000000000000205
-0.000000000000294
-0.000000000000420
-0.000000000000601
-0.000000000000856
-0.000000000001216
-0.000000000001726
-0.000000000002442
-0.000000000003448
-0.000000000004858
-0.000000000006828
-0.000000000009575
-0.000000000013397
-0.000000000018705
-0.000000000026054
-0.000000000036210
-0.000000000050209
-0.000000000069462
-0.000000000095878
-0.000000000132039
-0.000000000181425
-0.000000000248714
-0.000000000340185
-0.000000000464235
-0.000000000632077
-0.000000000858638
-0.000000001163746
-0.000000001573670
-0.000000002123128
-0.000000002857886
-0.000000003838127
-0.000000005142789
-0.000000006875154
-0.000000009170009
-0.000000012202816
-0.000000016201399
-0.000000021460825
-0.000000028362273
-0.000000037396895
-0.000000049195933
-0.000000064568572
-0.000000084549426
-0.000000110457905
-0.000000143972234
-0.000000187221446
-0.000000242899404
-0.000000314405672
-0.000000406019050
-0.000000523110679
-0.000000672404937
-0.000000862297852
-0.000001103244475
-0.000001408228666
-0.000001793330972
-0.000002278412865
-0.000002887938444
-0.000003651957941
-0.000004607280894
-0.000005798870756
-0.000007281496981
-0.000009121685144
-0.000011400010607
-0.000014213786321
-0.000017680200713
-0.000021939967046
-0.000027161551029
-0.000033546048756
-0.000041332791925
-0.000050805761674
-0.000062300895889
-0.000076214377217
-0.000093011989973
-0.000113239633138
-0.000137535073391
-0.000166641016044
-0.000201419562347
-0.000242868108396
-0.000292136723146
-0.000350547020357
-0.000419612510981
-0.000501060388107
-0.000596854655565
-0.000709220463246
-0.000840669456929
-0.000994025887584
-0.001172453154976
-0.001379480383050
-0.001619028540576
-0.001895435530723
-0.002213479578706
-0.002578400148948
-0.002995915524235
-0.003472236081437
-0.004014072204261
-0.004628635686432
-0.005323633402183
-0.006107251959029
-0.006988132004749
-0.007975330840898
-0.009078272003747
-0.010306680515037
-0.011670502584079
-0.013179808663908
-0.014844678931465
-0.016675070478484
-0.018680665768441
-0.020870702237162
-0.023253783290583
-0.025837671381601
-0.028629064325994
-0.031633356540220
-0.034854387444912
-0.038294179868176
-0.041952671891520
-0.045827446195411
-0.049913461566045
-0.054202791803250
-0.058684377803019
-0.063343799057611
-0.068163071201027
-0.073120476507386
-0.078190434404020
-0.083343419070740
-0.088545931043883
-0.093760529413414
-0.098945930681301
-0.104057179631381
-0.109045896641460
-0.113860604748799
-0.118447138467772
-0.122749134866513
-0.126708605757490
-0.130266588071096
-0.133363867593648
-0.135941769299848
-0.137943005537984
-0.139312571381839
-0.139998674597769
-0.139953685942105
-0.139135093957506
-0.137506447130705
-0.135038265259563
-0.131708901202018
-0.127505333884619
-0.122423873568375
-0.116470760929641
-0.109662642528872
-0.102026906713739
-0.093601865926780
-0.084436773740071
-0.074591667686059
-0.064137032047962
-0.053153278156278
-0.041730043340405
-0.029965313427383
-0.017964377476958
-0.005838627202028
0.006295782848435
0.018319394865271
0.030111004552028
0.041549289855352
0.052514484219799
0.062890065292844
0.072564428972647
0.081432518306350
0.089397377034827
0.096371598547582
0.102278642647958
0.107053994804838
0.110646145435936
0.113017370166946
0.114144295862193
0.114018241436037
0.112645326929276
0.110046348963503
0.106256425356410
0.101324416279307
0.095312133753228
0.088293355406316
0.080352662154976
0.071584122737957
0.062089850753105
0.051978461962669
0.041363461103934
0.030361588243656
0.019091154841779
0.007670399154291
-0.003784110564130
-0.015158998354898
-0.026345503932457
-0.037240785474435
-0.047749083280369
-0.057782729169017
-0.067262990097236
-0.076120738200849
-0.084296943187289
-0.091742986662135
-0.098420801463614
-0.104302842336029
-0.109371897229088
-0.113620751111237
-0.117051716388838
-0.119676045799519
-0.121513244980212
-0.122590302793350
-0.122940857935466
-0.122604320368939
-0.121624965737255
-0.120051020182890
-0.117933751927075
-0.115326584640168
-0.112284246080893
-0.108861963765290
-0.105114717594705
-0.101096557478276
-0.096859992078080
-0.092455452929917
-0.087930836390098
-0.083331124163986
-0.078698081614937
-0.074070031655801
-0.069481700806662
-0.064964132972848
-0.060544665661782
-0.056246962715784
-0.052091097185499
-0.048093677696093
-0.044268011552891
-0.040624297879385
-0.037169844260753
-0.033909300661283
-0.030844904774694
-0.027976733432385
-0.025302955216781
-0.022820079986718
-0.020523201601902
-0.018406230718433
-0.016462115103243
-0.014683045470363
-0.013060645366268
-0.011586144117438
-0.010250532294816
-0.009044699543166
-0.007959554966041
-0.006986130548603
-0.006115668341427
-0.005339692320487
-0.004650065984452
-0.004039036853743
-0.003499269100313
-0.003023865567375
-0.002606380438580
-0.002240823791183
-0.001921659221860
-0.001643795671378
-0.001402574499269
-0.001193752775638
-0.001013483667617
-0.000858294705544
-0.000725064621287
-0.000610999360212
-0.000513607780937
-0.000430677474330
-0.000360251056418
-0.000300603219433
-0.000250218761627
-0.000207771759923
-0.000172105999848
-0.000142216734323
-0.000117233806573
-0.000096406142005
-0.000079087589242
-0.000064724070767
-0.000052841988450
-0.000043037818086
-0.000034968819305
-0.000028344782390
-0.000022920731261
-0.000018490501505
-0.000014881113683
-0.000011947864690
-0.000009570063524
-0.000007647341957
-0.000006096475356
-0.000004848653757
-0.000003847148354
-0.000003045323567
-0.000002404949707
-0.000001894775943
-0.000001489327678
-0.000001167896584
-0.000000913695333
-0.000000713152560
-0.000000555326766
-0.000000431420679
-0.000000334380196
-0.000000258564196
-0.000000199473621
-0.000000153529827
-0.000000117893863
-0.000000090319537
-0.000000069034338
-0.000000052643221
-0.000000040051099
-0.000000030400583
-0.000000023022142
-0.000000017394288
-0.000000013111895
-0.000000009861044
-0.000000007399114
-0.000000005539067
-0.000000004137084
-0.000000003082858
-0.000000002292002
-0.000000001700118
-0.000000001258192
-0.000000000929006
-0.000000000684377
-0.000000000503010
-0.000000000368863
-0.000000000269873
-0.000000000196998
-0.000000000143473
-0.000000000104253
-0.000000000075581
-0.000000000054670
-0.000000000039454
-0.000000000028408
-0.000000000020409
-0.000000000014628
-0.000000000010462
-0.000000000007464
-0.000000000005314
-0.000000000003774
-0.000000000002675
-0.000000000001892
-0.000000000001335
-0.000000000000939
-0.000000000000660
-0.000000000000462
-0.000000000000324
-0.000000000000225
-0.000000000000157
-0.000000000000109
-0.000000000000075
-0.000000000000052
-0.000000000000036
-0.000000000000025
-0.000000000000017
-0.000000000000012
-0.000000000000008
-0.000000000000006
-0.000000000000003
-0.000000000000003
-0.000000000000002
-0.000000000000001
-0.000000000000001
-0.000000000000000
-0.000000000000001
0.000000000000000
-0.000000000000000
0.000000000000000
0.000000000000000
-0.000000000000000
0.000000000000000
-0.000000000000000
0.000000000000000
-0.000000000000000
0.000000000000000
-0.000000000000000
0.000000000000000
-0.000000000000000
0.000000000000000
-0.000000000000000
0.000000000000000
-0.000000000000000
0.000000000000000
-0.000000000000000
0.000000000000000
-0.000000000000000
0.000000000000000
-0.000000000000000
0.000000000000000
0.000000000000000
-0.000000000000000
0.000000000000000
-0.000000000000000
0.000000000000000
-0.000000000000000
0.000000000000000
0.000000000000000
-0.000000000000000
0.000000000000000
-0.000000000000000
0.000000000000000
-0.000000000000000
0.000000000000000
-0.000000000000000
-0.000000000000000
0.000000000000000
-0.000000000000000
0.000000000000000
-0.000000000000000
0.000000000000000
-0.000000000000000
0.000000000000000
0.000000000000000
-0.000000000000000
0.000000000000000
-0.000000000000000
0.000000000000000
-0.000000000000000
0.000000000000000
-0.000000000000000
-0.000000000000000
0.000000000000000
-0.000000000000000
0.000000000000000
-0.000000000000000
0.000000000000000
-0.000000000000000
0.000000000000000
-0.000000000000000
0.000000000000000
-0.000000000000000
0.000000000000000
0.000000000000000
-0.000000000000000
0.000000000000000
0.000000000000000
-0.000000000000000
0.000000000000000
-0.000000000000000
0.000000000000000
0.000000000000000
-0.000000000000000
0.000000000000000
-0.000000000000000
0.000000000000000
-0.000000000000000
0.000000000000000
-0.000000000000000
0.000000000000000
-0.000000000000000
0.000000000000000
-0.000000000000000
0.000000000000000
-0.000000000000000
-0.000000000000000
0.000000000000000
-0.000000000000000
0.000000000000000
-0.000000000000000
0.000000000000000
-0.000000000000000
-0.000000000000000
0.000000000000000
-0.000000000000000
0.000000000000000
-0.000000000000000
0.000000000000000
-0.000000000000000
0.000000000000000
-0.000000000000000
0.000000000000000
-0.000000000000000
0.000000000000000
-0.000000000000000
0.000000000000000
-0.000000000000000
0.000000000000000
0.000000000000000
-0.000000000000000
0.000000000000000
-0.000000000000000
0.000000000000000
-0.000000000000000
0.000000000000000
-0.000000000000000
0.000000000000000
-0.000000000000000
0.000000000000000
0.000000000000000
-0.000000000000000
0.000000000000000
-0.000000000000000
0.000000000000000
-0.000000000000000
0.000000000000000
-0.000000000000000
-0.000000000000000
0.000000000000000
-0.000000000000000
0.000000000000000
0.000000000000000
-0.000000000000000
0.000000000000000
-0.000000000000000
0.000000000000000
0.000000000000000
-0.000000000000000
0.000000000000000
-0.000000000000000
0.000000000000000
-0.000000000000000
0.000000000000000
-0.000000000000000
0.000000000000000
-0.000000000000000
0.000000000000000
-0.000000000000000
-0.000000000000000
0.000000000000000
-0.000000000000000
0.000000000000000
-0.000000000000000
-0.000000000000000
0.000000000000000
-0.000000000000000
0.000000000000000
0.000000000000000
0.000000000000000
0.000000000000000
0.000000000000000
0.000000000000000
-0.000000000000000
-0.000000000000000
0.000000000000000
-0.000000000000000
0.000000000000000
-0.000000000000000
-0.000000000000000
0.000000000000000
-0.000000000000000
0.000000000000000
-0.000000000000000
0.000000000000000
-0.000000000000000
0.000000000000000
0.000000000000000
-0.000000000000000
0.000000000000000
-0.000000000000000
0.000000000000000
0.000000000000000
-0.000000000000000
0.000000000000000
-0.000000000000000
0.000000000000000
-0.000000000000000
-0.000000000000000
0.000000000000000
-0.000000000000000
0.000000000000000
-0.000000000000000
0.000000000000000
-0.000000000000000
0.000000000000000
-0.000000000000000
0.000000000000000
-0.000000000000000
0.000000000000000
-0.000000000000000
-0.000000000000000
0.000000000000000
-0.000000000000000
0.000000000000000
-0.000000000000000
0.000000000000000
-0.000000000000000
0.000000000000000
0.000000000000000
-0.000000000000000
0.000000000000000
0.000000000000000
-0.000000000000000
0.000000000000000
0.000000000000000
-0.000000000000000
0.000000000000000
-0.000000000000000
-0.000000000000000
0.000000000000000
-0.000000000000000
0.000000000000000
-0.000000000000000
-0.000000000000000
0.000000000000000
-0.000000000000000
-0.000000000000000
0.000000000000000
-0.000000000000000
0.000000000000000
-0.000000000000000
0.000000000000000
-0.000000000000000
0.000000000000000
-0.000000000000000
0.000000000000000
-0.000000000000000
0.000000000000000
-0.000000000000000
0.000000000000000
-0.000000000000000
0.000000000000000
-0.000000000000000
-0.000000000000000
-0.000000000000000
0.000000000000000
-0.000000000000000
0.000000000000000
-0.000000000000000
0.000000000000000
-0.000000000000000
0.000000000000000
-0.000000000000000
-0.000000000000000
0.000000000000000
-0.000000000000000
-0.000000000000000
0.000000000000000
-0.000000000000000
0.000000000000000
-0.000000000000000
0.000000000000000
-0.000000000000000
0.000000000000000
-0.000000000000000
-0.000000000000000
0.000000000000000
-0.000000000000000
0.000000000000000
0.000000000000000
0.000000000000000
-0.000000000000000
0.000000000000000
-0.000000000000000
0.000000000000000
-0.000000000000000
0.000000000000000
0.000000000000000
-0.000000000000000
0.000000000000000
-0.000000000000000
0.000000000000000
-0.000000000000000
-0.000000000000000
0.000000000000000
-0.000000000000000
0.000000000000000
0.000000000000000
-0.000000000000000
0.000000000000000
-0.000000000000000
0.000000000000000
0.000000000000000
-0.000000000000000
0.000000000000000
-0.000000000000000
-0.000000000000000
0.000000000000000
-0.000000000000000
0.000000000000000
0.000000000000000
-0.000000000000000
0.000000000000000
-0.000000000000000
0.000000000000000
-0.000000000000000
0.000000000000000
-0.000000000000000
-0.000000000000000
0.000000000000000
-0.000000000000000
0.000000000000000
-0.000000000000000
-0.000000000000000
0.000000000000000
-0.000000000000000
0.000000000000000
-0.000000000000000
0.000000000000000
-0.000000000000000
-0.000000000000000
0.000000000000000
-0.000000000000000
0.000000000000000
-0.000000000000000
0.000000000000000
-0.000000000000000
-0.000000000000000
0.000000000000000
-0.000000000000000
0.000000000000000
-0.000000000000000
0.000000000000000
-0.000000000000000
-0.000000000000000
0.000000000000000
0.000000000000000
-0.000000000000000
0.000000000000000
0.000000000000000
-0.000000000000000
0.000000000000000
-0.000000000000000
-0.000000000000000
0.000000000000000
-0.000000000000000
0.000000000000000
-0.000000000000000
-0.000000000000000
0.000000000000000
-0.000000000000000
0.000000000000000
-0.000000000000000
-0.000000000000000
0.000000000000000
-0.000000000000000
-0.000000000000000
0.000000000000000
-0.000000000000000
0.000000000000000
-0.000000000000000
-0.000000000000000
0.000000000000000
-0.000000000000000
0.000000000000000
0.000000000000000
-0.000000000000000
0.000000000000000
-0.000000000000000
-0.000000000000000
0.000000000000000
-0.000000000000000
0.000000000000000
0.000000000000000
-0.000000000000000
0.000000000000000
-0.000000000000000
-0.000000000000000
0.000000000000000
-0.000000000000000
0.000000000000000
0.000000000000000
-0.000000000000000
0.000000000000000
-0.000000000000000
-0.000000000000000
0.000000000000000
-0.000000000000000
0.000000000000000
-0.000000000000000
-0.000000000000000
0.000000000000000
-0.000000000000000
0.000000000000000
0.000000000000000
-0.000000000000000
0.000000000000000
-0.000000000000000
-0.000000000000000
0.000000000000000
-0.000000000000000
0.000000000000000
0.000000000000000
-0.000000000000000
0.000000000000000
-0.000000000000000
0.000000000000000
0.000000000000000
-0.000000000000000
0.000000000000000
-0.000000000000000
0.000000000000000
-0.000000000000000
0.000000000000000
0.000000000000000
-0.000000000000000
0.000000000000000
-0.000000000000000
0.000000000000000
-0.000000000000000
-0.000000000000000
0.000000000000000
-0.000000000000000
-0.000000000000000
0.000000000000000
-0.000000000000000
0.000000000000000
0.000000000000000
-0.000000000000000
0.000000000000000
-0.000000000000000
-0.000000000000000
0.000000000000000
-0.000000000000000
0.000000000000000
-0.000000000000000
-0.000000000000000
0.000000000000000
-0.000000000000000
0.000000000000000
0.000000000000000
-0.000000000000000
0.000000000000000
-0.000000000000000
0.000000000000000
0.000000000000000
-0.000000000000000
0.000000000000000
-0.000000000000000
0.000000000000000
0.000000000000000
-0.000000000000000
0.000000000000000
-0.000000000000000
0.000000000000000
-0.000000000000000
0.000000000000000
-0.000000000000000
0.000000000000000
-0.000000000000000
-0.000000000000000
0.000000000000000
-0.000000000000000
-0.000000000000000
0.000000000000000
0.000000000000000
-0.000000000000000
0.000000000000000
-0.000000000000000
0.000000000000000
0.000000000000000
-0.000000000000000
-0.000000000000000
0.000000000000000
-0.000000000000000
0.000000000000000
0.000000000000000
-0.000000000000000
0.000000000000000
-0.000000000000000
0.000000000000000
0.000000000000000
-0.000000000000000
0.000000000000000
-0.000000000000000
0.000000000000000
-0.000000000000000
0.000000000000000
-0.000000000000000
0.000000000000000
-0.000000000000000
0.000000000000000
-0.000000000000000
0.000000000000000
-0.000000000000000
-0.000000000000000
0.000000000000000
0.000000000000000
-0.000000000000000
0.000000000000000
-0.000000000000000
-0.000000000000000
0.000000000000000
-0.000000000000000
0.000000000000000
0.000000000000000
-0.000000000000000
0.000000000000000
-0.000000000000000
-0.000000000000000
0.000000000000000
-0.000000000000000
0.000000000000000
