-0.000000000000000
0.000000000000000
0.000000000000000
0.000000000000000
0.000000000000000
-0.000000000000000
-0.000000000000000
-0.000000000000000
-0.000000000000000
0.000000000000000
0.000000000000000
0.000000000000000
0.000000000000000
0.000000000000000
-0.000000000000000
-0.000000000000000
-0.000000000000000
0.000000000000000
0.000000000000000
0.000000000000000
-0.000000000000000
-0.000000000000000
-0.000000000000000
0.000000000000000
0.000000000000000
-0.000000000000000
0.000000000000000
0.000000000000000
-0.000000000000000
-0.000000000000000
-0.000000000000000
-0.000000000000000
-0.000000000000000
0.000000000000000
-0.000000000000000
-0.000000000000000
-0.000000000000000
-0.000000000000000
-0.000000000000000
0.000000000000000
0.000000000000000
-0.000000000000000
-0.000000000000000
-0.000000000000000
0.000000000000000
0.000000000000000
0.000000000000001
0.000000000000001
0.000000000000000
0.000000000000000
0.000000000000000
-0.000000000000000
-0.000000000000000
0.000000000000000
0.000000000000000
-0.000000000000000
0.000000000000000
0.000000000000001
0.000000000000000
0.000000000000000
0.000000000000000
0.000000000000000
0.000000000000000
0.000000000000000
0.000000000000000
-0.000000000000000
-0.000000000000000
-0.000000000000000
-0.000000000000000
0.000000000000000
-0.000000000000000
-0.000000000000000
0.000000000000000
0.000000000000000
0.000000000000000
0.000000000000000
0.000000000000000
-0.000000000000000
-0.000000000000000
-0.000000000000000
-0.000000000000000
0.000000000000000
-0.000000000000000
-0.000000000000000
0.000000000000000
0.000000000000000
-0.000000000000000
-0.000000000000000
-0.000000000000000
-0.000000000000001
-0.000000000000001
-0.000000000000001
-0.000000000000001
-0.000000000000001
-0.000000000000000
-0.000000000000000
-0.000000000000000
-0.000000000000000
-0.000000000000000
-0.000000000000000
0.000000000000000
0.000000000000000
0.000000000000000
0.000000000000000
0.000000000000000
0.000000000000000
-0.000000000000000
-0.000000000000000
-0.000000000000000
-0.000000000000000
-0.000000000000000
-0.000000000000001
-0.000000000000000
-0.000000000000000
-0.000000000000000
0.000000000000000
-0.000000000000000
-0.000000000000000
-0.000000000000001
-0.000000000000001
-0.000000000000000
-0.000000000000001
-0.000000000000001
-0.000000000000001
-0.000000000000000
-0.000000000000000
-0.000000000000000
-0.000000000000000
-0.000000000000000
-0.000000000000000
-0.000000000000001
-0.000000000000000
-0.000000000000001
-0.000000000000000
-0.000000000000000
-0.000000000000000
-0.000000000000001
-0.000000000000000
-0.000000000000000
-0.000000000000001
-0.000000000000001
-0.000000000000001
-0.000000000000001
-0.000000000000001
-0.000000000000001
-0.000000000000001
-0.000000000000002
-0.000000000000001
-0.000000000000001
-0.000000000000001
-0.000000000000001
-0.000000000000001
-0.000000000000001
-0.000000000000001
-0.000000000000001
-0.000000000000001
-0.000000000000001
-0.000000000000000
-0.000000000000000
0.000000000000000
-0.000000000000000
-0.000000000000000
-0.000000000000000
0.000000000000000
-0.000000000000000
-0.000000000000000
-0.000000000000000
-0.000000000000000
0.000000000000000
0.000000000000000
0.000000000000001
0.000000000000001
0.000000000000001
0.000000000000001
0.000000000000001
0.000000000000001
0.000000000000001
0.000000000000001
0.000000000000001
0.000000000000000
-0.000000000000000
-0.000000000000001
-0.000000000000001
-0.000000000000001
-0.000000000000001
-0.000000000000001
-0.000000000000001
-0.000000000000001
-0.000000000000001
-0.000000000000000
0.000000000000000
0.000000000000001
0.000000000000001
0.000000000000001
0.000000000000002
0.000000000000002
0.000000000000002
0.000000000000001
0.000000000000000
-0.000000000000001
-0.000000000000001
-0.000000000000001
-0.000000000000001
-0.000000000000002
-0.000000000000002
-0.000000000000002
-0.000000000000002
-0.000000000000002
-0.000000000000002
-0.000000000000002
-0.000000000000002
-0.000000000000001
-0.000000000000002
-0.000000000000002
-0.000000000000002
-0.000000000000002
-0.000000000000002
-0.000000000000002
-0.000000000000002
-0.000000000000002
-0.000000000000001
-0.000000000000001
-0.000000000000001
-0.000000000000000
0.000000000000001
0.000000000000001
0.000000000000002
0.000000000000002
0.000000000000002
0.000000000000002
0.000000000000002
0.000000000000002
0.000000000000002
0.000000000000001
-0.000000000000000
-0.000000000000001
-0.000000000000001
-0.000000000000002
-0.000000000000002
-0.000000000000002
-0.000000000000003
-0.000000000000003
-0.000000000000004
-0.000000000000004
-0.000000000000004
-0.000000000000004
-0.000000000000004
-0.000000000000003
-0.000000000000005
-0.000000000000008
-0.000000000000012
-0.000000000000019
-0.000000000000028
-0.000000000000042
-0.000000000000061
-0.000000000000087
-0.000000000000124
-0.000000000000176
-0.000000000000248
-0.000000000000348
-0.000000000000487
-0.000000000000682
-0.000000000000953
-0.000000000001330
-0.000000000001855
-0.000000000002581
-0.000000000003585
-0.000000000004970
-0.000000000006875
-0.000000000009489
-0.000000000013069
-0.000000000017959
-0.000000000024625
-0.000000000033692
-0.000000000045997
-0.000000000062658
-0.000000000085169
-0.000000000115515
-0.000000000156331
-0.000000000211107
-0.000000000284454
-0.000000000382447
-0.000000000513076
-0.000000000686818
-0.000000000917387
-0.000000001222680
-0.000000001626008
-0.000000002157655
-0.000000002856874
-0.000000003774417
-0.000000004975745
-0.000000006545097
-0.000000008590602
-0.000000011250733
-0.000000014702380
-0.000000019170968
-0.000000024943077
-0.000000032382141
-0.000000041947941
-0.000000054220721
-0.000000069930956
-0.000000089995991
-0.000000115565018
-0.000000148074107
-0.000000189313401
-0.000000241508868
-0.000000307421535
-0.000000390467565
-0.000000494863134
-0.000000625798749
-0.000000789648331
-0.000000994219290
-0.000001249050711
-0.000001565767842
-0.000001958502226
-0.000002444388109
-0.000003044147123
-0.000003782774793
-0.000004690344021
-0.000005802942438
-0.000007163762362
-0.000008824363974
-0.000010846134331
-0.000013301966790
-0.000016278187406
-0.000019876756795
-0.000024217777730
-0.000029442340406
-0.000035715738644
-0.000043231091360
-0.000052213404205
-0.000062924106346
-0.000075666096729
-0.000090789332771
-0.000108696992094
-0.000129852234534
-0.000154785587026
-0.000184102968061
-0.000218494360918
-0.000258743135825
-0.000305736010424
-0.000360473625197
-0.000424081696008
-0.000497822689360
-0.000583107947465
-0.000681510169848
-0.000794776135933
-0.000924839529167
-0.001073833697858
-0.001244104161407
-0.001438220643256
-0.001658988384273
-0.001909458462776
-0.002192936820786
-0.002512991670899
-0.002873458935276
-0.003278445348388
-0.003732328839324
-0.004239755798433
-0.004805634827917
-0.005435126577534
-0.006133629275807
-0.006906759584840
-0.007760328433877
-0.008700311523670
-0.009732814241158
-0.010864030782162
-0.012100197348951
-0.013447539369535
-0.014912212775933
-0.016500239478972
-0.018217437286253
-0.020069344626601
-0.022061140567071
-0.024197560735356
-0.026482809889227
-0.028920472002838
-0.031513418864753
-0.034263718301384
-0.037172543249315
-0.040240082997411
-0.043465458001785
-0.046846639740344
-0.050380377116083
-0.054062130936771
-0.057886017990845
-0.061844766203408
-0.065929682290610
-0.070130633234703
-0.074436042775316
-0.078832903955532
-0.083306808575301
-0.087841994191421
-0.092421409065481
-0.097026795202053
-0.101638789343032
-0.106237041495072
-0.110800350270591
-0.115306814024482
-0.119733996474396
-0.124059105208270
-0.128259181214919
-0.132311297327964
-0.136192763256000
-0.139881334688012
-0.143355423817652
-0.146594308527012
-0.149578337413540
-0.152289127835068
-0.154709754188942
-0.156824923732469
-0.158621137392424
-0.160086833199469
-0.161212510216081
-0.161990831099965
-0.162416701754144
-0.162487326854135
-0.162202240405470
-0.161563310864233
-0.160574720741923
-0.159242921006050
-0.157576560972015
-0.155586394752167
-0.153285165677563
-0.150687470430055
-0.147809604910831
-0.144669394121236
-0.141286008538319
-0.137679769627529
-0.133871947246346
-0.129884551753891
-0.125740123652888
-0.121461523552532
-0.117071725156110
-0.112593613848359
-0.108049793288652
-0.103462402211492
-0.098852943400887
-0.094242126545494
-0.089649726402961
-0.085094457410857
-0.080593865584003
-0.076164238239995
-0.071820531801927
-0.067576317645179
-0.063443745688406
-0.059433525181908
-0.055554921922905
-0.051815770929889
-0.048222503439240
-0.044780186948282
-0.041492576920502
-0.038362178690864
-0.035390318061441
-0.032577219058650
-0.029922087331573
-0.027423197704009
-0.025077984448424
-0.022883132925123
-0.020834671321753
-0.018928061333500
-0.017158286740052
-0.015519938958389
-0.014007298777838
-0.012614413612803
-0.011335169736552
-0.010163359084154
-0.009092740332090
-0.008117094074424
-0.007230272019510
-0.006426240225674
-0.005699116478631
-0.005043201986982
-0.004453007634708
-0.003923275081357
-0.003448993041706
-0.003025409107597
-0.002648037495998
-0.002312663119846
-0.002015342382736
-0.001752401095860
-0.001520429906827
-0.001316277615895
-0.001137042736739
-0.000980063637101
-0.000842907570198
-0.000723358881626
-0.000619406649223
-0.000529231985638
-0.000451195205860
-0.000383823035008
-0.000325796005789
-0.000275936170513
-0.000233195229545
-0.000196643156980
-0.000165457384966
-0.000138912590851
-0.000116371115918
-0.000097274031098
-0.000081132853502
-0.000067521907856
-0.000056071318866
-0.000046460613995
-0.000038412911032
-0.000031689660958
-0.000026085913922
-0.000021426074343
-0.000017560110294
-0.000014360182102
-0.000011717655507
-0.000009540465595
-0.000007750798983
-0.000006283063254
-0.000005082114430
-0.000004101715090
-0.000003303197791
-0.000002654310352
-0.000002128221611
-0.000001702668173
-0.000001359224527
-0.000001082680703
-0.000000860513313
-0.000000682437351
-0.000000540027624
-0.000000426399952
-0.000000335943544
-0.000000264096973
-0.000000207161247
-0.000000162144255
-0.000000126631740
-0.000000098680543
-0.000000076730570
-0.000000059532382
-0.000000046087804
-0.000000035601369
-0.000000027440707
-0.000000021104341
-0.000000016195568
-0.000000012401337
-0.000000009475207
-0.000000007223651
-0.000000005495063
-0.000000004170965
-0.000000003158989
-0.000000002387304
-0.000000001800176
-0.000000001354473
-0.000000001016888
-0.000000000761771
-0.000000000569407
-0.000000000424688
-0.000000000316056
-0.000000000234696
-0.000000000173898
-0.000000000128568
-0.000000000094846
-0.000000000069815
-0.000000000051278
-0.000000000037580
-0.000000000027481
-0.000000000020052
-0.000000000014599
-0.000000000010606
-0.000000000007688
-0.000000000005561
-0.000000000004013
-0.000000000002890
-0.000000000002077
-0.000000000001489
-0.000000000001066
-0.000000000000761
-0.000000000000542
-0.000000000000385
-0.000000000000273
-0.000000000000193
-0.000000000000137
-0.000000000000096
-0.000000000000068
-0.000000000000047
-0.000000000000033
-0.000000000000023
-0.000000000000016
-0.000000000000011
-0.000000000000008
-0.000000000000005
-0.000000000000004
-0.000000000000002
-0.000000000000002
-0.000000000000001
-0.000000000000001
-0.000000000000001
-0.000000000000000
-0.000000000000000
-0.000000000000000
-0.000000000000000
-0.000000000000000
-0.000000000000000
0.000000000000000
-0.000000000000000
0.000000000000000
-0.000000000000000
0.000000000000000
0.000000000000000
-0.000000000000000
0.000000000000000
-0.000000000000000
0.000000000000000
-0.000000000000000
0.000000000000000
-0.000000000000000
0.000000000000000
-0.000000000000000
0.000000000000000
-0.000000000000000
0.000000000000000
-0.000000000000000
-0.000000000000000
0.000000000000000
0.000000000000000
-0.000000000000000
0.000000000000000
-0.000000000000000
0.000000000000000
0.000000000000000
-0.000000000000000
0.000000000000000
-0.000000000000000
0.000000000000000
-0.000000000000000
0.000000000000000
-0.000000000000000
0.000000000000000
-0.000000000000000
0.000000000000000
-0.000000000000000
0.000000000000000
0.000000000000000
-0.000000000000000
0.000000000000000
-0.000000000000000
0.000000000000000
-0.000000000000000
-0.000000000000000
0.000000000000000
-0.000000000000000
0.000000000000000
-0.000000000000000
0.000000000000000
-0.000000000000000
-0.000000000000000
0.000000000000000
-0.000000000000000
0.000000000000000
-0.000000000000000
-0.000000000000000
0.000000000000000
-0.000000000000000
0.000000000000000
-0.000000000000000
-0.000000000000000
0.000000000000000
-0.000000000000000
0.000000000000000
0.000000000000000
-0.000000000000000
0.000000000000000
-0.000000000000000
0.000000000000000
0.000000000000000
-0.000000000000000
0.000000000000000
-0.000000000000000
0.000000000000000
-0.000000000000000
0.000000000000000
0.000000000000000
-0.000000000000000
0.000000000000000
-0.000000000000000
0.000000000000000
-0.000000000000000
0.000000000000000
0.000000000000000
-0.000000000000000
0.000000000000000
0.000000000000000
-0.000000000000000
-0.000000000000000
0.000000000000000
-0.000000000000000
0.000000000000000
-0.000000000000000
0.000000000000000
-0.000000000000000
-0.000000000000000
0.000000000000000
-0.000000000000000
0.000000000000000
-0.000000000000000
0.000000000000000
-0.000000000000000
-0.000000000000000
0.000000000000000
-0.000000000000000
0.000000000000000
-0.000000000000000
-0.000000000000000
-0.000000000000000
-0.000000000000000
0.000000000000000
0.000000000000000
-0.000000000000000
0.000000000000000
-0.000000000000000
0.000000000000000
0.000000000000000
-0.000000000000000
-0.000000000000000
0.000000000000000
-0.000000000000000
0.000000000000000
-0.000000000000000
0.000000000000000
-0.000000000000000
0.000000000000000
-0.000000000000000
0.000000000000000
-0.000000000000000
0.000000000000000
0.000000000000000
-0.000000000000000
0.000000000000000
-0.000000000000000
0.000000000000000
-0.000000000000000
0.000000000000000
-0.000000000000000
0.000000000000000
0.000000000000000
0.000000000000000
-0.000000000000000
0.000000000000000
-0.000000000000000
0.000000000000000
-0.000000000000000
0.000000000000000
-0.000000000000000
-0.000000000000000
0.000000000000000
-0.000000000000000
0.000000000000000
-0.000000000000000
0.000000000000000
-0.000000000000000
0.000000000000000
0.000000000000000
-0.000000000000000
0.000000000000000
-0.000000000000000
-0.000000000000000
0.000000000000000
-0.000000000000000
0.000000000000000
-0.000000000000000
0.000000000000000
-0.000000000000000
0.000000000000000
-0.000000000000000
0.000000000000000
0.000000000000000
-0.000000000000000
0.000000000000000
0.000000000000000
-0.000000000000000
0.000000000000000
-0.000000000000000
0.000000000000000
-0.000000000000000
0.000000000000000
-0.000000000000000
-0.000000000000000
0.000000000000000
-0.000000000000000
0.000000000000000
-0.000000000000000
0.000000000000000
-0.000000000000000
0.000000000000000
-0.000000000000000
-0.000000000000000
-0.000000000000000
-0.000000000000000
0.000000000000000
-0.000000000000000
0.000000000000000
-0.000000000000000
0.000000000000000
-0.000000000000000
0.000000000000000
-0.000000000000000
0.000000000000000
-0.000000000000000
0.000000000000000
-0.000000000000000
0.000000000000000
-0.000000000000000
0.000000000000000
-0.000000000000000
0.000000000000000
-0.000000000000000
0.000000000000000
-0.000000000000000
0.000000000000000
-0.000000000000000
0.000000000000000
0.000000000000000
-0.000000000000000
0.000000000000000
-0.000000000000000
0.000000000000000
-0.000000000000000
0.000000000000000
-0.000000000000000
-0.000000000000000
-0.000000000000000
-0.000000000000000
-0.000000000000000
0.000000000000000
-0.000000000000000
0.000000000000000
-0.000000000000000
-0.000000000000000
0.000000000000000
-0.000000000000000
0.000000000000000
-0.000000000000000
0.000000000000000
-0.000000000000000
0.000000000000000
-0.000000000000000
0.000000000000000
-0.000000000000000
0.000000000000000
-0.000000000000000
0.000000000000000
0.000000000000000
-0.000000000000000
0.000000000000000
-0.000000000000000
-0.000000000000000
0.000000000000000
-0.000000000000000
0.000000000000000
-0.000000000000000
-0.000000000000000
0.000000000000000
-0.000000000000000
0.000000000000000
0.000000000000000
-0.000000000000000
0.000000000000000
-0.000000000000000
0.000000000000000
-0.000000000000000
-0.000000000000000
0.000000000000000
-0.000000000000000
0.000000000000000
-0.000000000000000
-0.000000000000000
0.000000000000000
-0.000000000000000
0.000000000000000
0.000000000000000
-0.000000000000000
0.000000000000000
-0.000000000000000
0.000000000000000
-0.000000000000000
0.000000000000000
-0.000000000000000
-0.000000000000000
0.000000000000000
-0.000000000000000
0.000000000000000
0.000000000000000
-0.000000000000000
0.000000000000000
-0.000000000000000
0.000000000000000
-0.000000000000000
-0.000000000000000
0.000000000000000
-0.000000000000000
0.000000000000000
-0.000000000000000
0.000000000000000
-0.000000000000000
0.000000000000000
-0.000000000000000
0.000000000000000
-0.000000000000000
0.000000000000000
-0.000000000000000
0.000000000000000
-0.000000000000000
0.000000000000000
-0.000000000000000
0.000000000000000
-0.000000000000000
-0.000000000000000
0.000000000000000
-0.000000000000000
0.000000000000000
-0.000000000000000
-0.000000000000000
0.000000000000000
-0.000000000000000
0.000000000000000
-0.000000000000000
0.000000000000000
-0.000000000000000
0.000000000000000
-0.000000000000000
0.000000000000000
-0.000000000000000
0.000000000000000
0.000000000000000
-0.000000000000000
0.000000000000000
-0.000000000000000
-0.000000000000000
0.000000000000000
-0.000000000000000
0.000000000000000
0.000000000000000
-0.000000000000000
0.000000000000000
-0.000000000000000
0.000000000000000
-0.000000000000000
-0.000000000000000
0.000000000000000
0.000000000000000
-0.000000000000000
0.000000000000000
-0.000000000000000
-0.000000000000000
0.000000000000000
-0.000000000000000
0.000000000000000
-0.000000000000000
-0.000000000000000
0.000000000000000
-0.000000000000000
0.000000000000000
-0.000000000000000
0.000000000000000
-0.000000000000000
0.000000000000000
-0.000000000000000
0.000000000000000
-0.000000000000000
-0.000000000000000
0.000000000000000
-0.000000000000001
0.000000000000000
-0.000000000000000
-0.000000000000000
0.000000000000000
-0.000000000000000
0.000000000000000
-0.000000000000000
0.000000000000000
-0.000000000000000
0.000000000000000
-0.000000000000000
0.000000000000000
-0.000000000000000
0.000000000000000
0.000000000000000
0.000000000000000
-0.000000000000000
0.000000000000000
-0.000000000000000
-0.000000000000000
0.000000000000000
-0.000000000000000
0.000000000000000
-0.000000000000000
-0.000000000000000
0.000000000000000
-0.000000000000000
0.000000000000000
0.000000000000000
-0.000000000000000
-0.000000000000000
0.000000000000000
-0.000000000000000
0.000000000000000
0.000000000000000
-0.000000000000000
-0.000000000000000
0.000000000000000
-0.000000000000000
0.000000000000000
0.000000000000000
-0.000000000000000
0.000000000000000
-0.000000000000000
-0.000000000000000
0.000000000000000
-0.000000000000000
-0.000000000000000
0.000000000000000
0.000000000000000
-0.000000000000000
0.000000000000000
0.000000000000000
-0.000000000000000
0.000000000000000
-0.000000000000000
-0.000000000000000
0.000000000000000
-0.000000000000000
0.000000000000000
0.000000000000000
0.000000000000000
-0.000000000000000
0.000000000000000
-0.000000000000000
0.000000000000000
0.000000000000000
-0.000000000000000
0.000000000000000
-0.000000000000000
-0.000000000000000
0.000000000000000
-0.000000000000000
0.000000000000000
-0.000000000000000
-0.000000000000000
0.000000000000000
-0.000000000000000
0.000000000000000
-0.000000000000000
0.000000000000000
-0.000000000000000
-0.000000000000000
0.000000000000000
-0.000000000000000
0.000000000000000
0.000000000000000
-0.000000000000000
-0.000000000000000
0.000000000000000
-0.000000000000000
0.000000000000000
0.000000000000000
-0.000000000000000
0.000000000000000
-0.000000000000000
0.000000000000000
-0.000000000000000
0.000000000000000
0.000000000000000
-0.000000000000000
0.000000000000000
-0.000000000000000
-0.000000000000000
0.000000000000000
-0.000000000000000
0.000000000000000
0.000000000000000
-0.000000000000000
0.000000000000000
-0.000000000000000
0.000000000000000
-0.000000000000000
0.000000000000000
-0.000000000000000
0.000000000000000
-0.000000000000000
0.000000000000000
-0.000000000000000
-0.000000000000000
0.000000000000000
-0.000000000000000
0.000000000000000
-0.000000000000000
0.000000000000000
0.000000000000000
-0.000000000000000
0.000000000000000
-0.000000000000000
-0.000000000000000
0.000000000000000
0.000000000000000
-0.000000000000000
0.000000000000000
0.000000000000000
-0.000000000000000
0.000000000000000
-0.000000000000000
0.000000000000000
-0.000000000000000
0.000000000000000
0.000000000000000
-0.000000000000000
0.000000000000000
0.000000000000000
-0.000000000000000
0.000000000000000
-0.000000000000000
-0.000000000000000
0.000000000000000
-0.000000000000000
-0.000000000000000
0.000000000000000
-0.000000000000000
0.000000000000000
