9.03644195952976
8.34948313311562
7.71019922074241
7.11546114178225
6.56234006045901
6.04809472609313
5.57015960891667
5.12613378161358
4.71377049985796
4.33096743804678
3.97575753916399
3.64630044028202
3.34087443761557
3.05786895730047
2.79577750018718
2.55319103092345
2.32879178346047
2.12134745686152
1.92970577692705
1.75278940068264
1.58959114221382
1.43916949967835
1.30064446458980
1.17319359564991
1.05604834051726
0.94849058994007
0.84984944965655
0.75949821638016
0.67685154504483
0.60136279528829
0.53252154590525
0.46985126670800
0.41290713789443
0.36127400764343
0.31456447923989
0.27241711957660
0.23449478139142
0.20048303207755
0.17008868235390
0.14303840850334
0.11907746228184
0.09796846297114
0.07949026639463
0.06343690604119
0.04961660174663
0.03785083166795
0.02797346355344
0.01982994156290
0.01327652512718
0.00817957655721
0.00441489431914
0.00186708908625
0.00042899985973
0.00000114762077
0.00049122413623
0.00181361368927
0.00388894564709
0.00664367590887
0.01000969540057
0.01392396389849
0.01832816757176
0.02316839873535
0.02839485640035
0.03396156629726
0.03982611913158
0.04594942590925
0.05229548924292
0.05883118961865
0.06552608566722
0.07235222754444
0.07928398258165
0.08629787242049
0.09337242089572
0.10048801197658
0.10762675712067
0.11477237143543
0.12191005808034
0.12902640037927
0.13610926114565
0.14314768875514
0.15013182952949
0.15705284602355
0.16390284083288
0.17067478556397
0.17736245463180
0.18396036357087
0.19046371156565
0.19686832792541
0.20317062224576
0.20936753801567
0.21545650944430
0.22143542129624
0.22730257153738
0.23305663660631
0.23869663913790
0.24422191797704
0.24963210033061
0.25492707591591
0.26010697297254
0.26517213601353
0.27012310519944
0.27496059722651
0.27968548762740
0.28429879438908
0.28880166279902
0.29319535143643
0.29748121923074
0.30166071351449
0.30573535900272
0.30970674763519
0.31357652922202
0.31734640283723
0.32101810890822
0.32459342195281
0.32807414391831
0.33146209808060
0.33475912346336
0.33796706974084
0.34108779258944
0.34412314945607
0.34707499571327
0.34994518117288
0.35273554693228
0.35544792252874
0.35808412337900
0.36064594848303
0.36313517837204
0.36555357328228
0.36790287153755
0.37018478812417
0.37240101344376
0.37455321222963
0.37664302261405
0.37867205533422
0.38064189306578
0.38255408987337
0.38441017076859
0.38621163136633
0.38795993763098
0.38965652570490
0.39130280181176
0.39290014222816
0.39444989331710
0.39595337161783
0.39741186398636
0.39882662778198
0.40019889109497
0.40152985301135
0.40282068391068
0.40407252579338
0.40528649263402
0.40646367075762
0.40760511923610
0.40871187030211
0.40978492977794
0.41082527751727
0.41183386785756
0.41281163008138
0.41375946888484
0.41467826485155
0.41556887493068
0.41643213291773
0.41726884993699
0.41807981492427
0.41886579510928
0.41962753649639
0.42036576434324
0.42108118363631
0.42177447956276
0.42244631797812
0.42309734586904
0.42372819181086
0.42433946641947
0.42493176279703
0.42550565697142
0.42606170832890
0.42660046003991
0.42712243947777
0.42762815863003
0.42811811450242
0.42859278951522
0.42905265189204
0.42949815604082
0.42992974292715
0.43034784043973
0.43075286374815
0.43114521565279
0.43152528692707
0.43189345665185
0.43225009254233
0.43259555126718
0.43293017876025
0.43325431052478
0.43356827193018
0.43387237850161
0.43416693620234
0.43445224170898
0.43472858267982
0.43499623801625
0.43525547811741
0.43550656512827
0.43574975318117
0.43598528863094
0.43621341028380
0.43643434962006
0.43664833101089
0.43685557192910
0.43705628315421
0.43725066897188
0.43743892736778
