-0.000000000000000000
-0.000000000000000000
-0.000000000000000000
-0.000000000000000000
-0.000000000000000000
-0.000000000000000000
-0.000000000000000000
-0.000000000000000000
-0.000000000000000000
0.000000000000000000
0.000000000000000000
0.000000000000000000
0.000000000000000000
0.000000000000000000
0.000000000000000000
0.000000000000000000
0.000000000000000000
0.000000000000000000
0.000000000000000000
0.000000000000000000
-0.000000000000000000
-0.000000000000000000
-0.000000000000000000
-0.000000000000000000
-0.000000000000000000
0.000000000000000000
0.000000000000000000
0.000000000000000000
-0.000000000000000000
0.000000000000000000
-0.000000000000000001
0.000000000000000001
-0.000000000000000001
-0.000000000000000001
-0.000000000000000004
-0.000000000000000005
-0.000000000000000010
-0.000000000000000011
-0.000000000000000027
-0.000000000000000022
-0.000000000000000021
0.000000000000000050
0.000000000000000072
0.000000000000000097
0.000000000000000161
0.000000000000000171
0.000000000000000126
0.000000000000000073
-0.000000000000000059
-0.000000000000000036
0.000000000000000021
0.000000000000000080
0.000000000000000079
0.000000000000000097
0.000000000000000157
0.000000000000000184
0.000000000000000165
-0.000000000000000015
-0.000000000000000038
0.000000000000000120
-0.000000000000000111
-0.000000000000000294
-0.000000000000000160
0.000000000000000063
-0.000000000000000092
-0.000000000000000185
-0.000000000000000097
0.000000000000000005
0.000000000000000081
0.000000000000000068
-0.000000000000000059
-0.000000000000000327
-0.000000000000000377
-0.000000000000000941
-0.000000000000003333
-0.000000000000010531
-0.000000000000031706
-0.000000000000095222
-0.000000000000280460
-0.000000000000804361
-0.000000000002251590
-0.000000000006152147
-0.000000000016397957
-0.000000000042615985
-0.000000000107991916
-0.000000000267502477
-0.000000000647736333
-0.000000001532575280
-0.000000003541593867
-0.000000007992501402
-0.000000017656143856
-0.000000038184809234
-0.000000080815145794
-0.000000167297637650
-0.000000338684547225
-0.000000671999511058
-0.000001307075438352
-0.000002491331369217
-0.000004650966686369
-0.000008501902321240
-0.000015249001495975
-0.000026844014364681
-0.000046365759684908
-0.000078536761533016
-0.000130414689327295
-0.000212703741691504
-0.000340865417713273
-0.000536587974644097
-0.000829348391123297
-0.001258056966360880
-0.001876154021198916
-0.002751921562654640
-0.003969413186381427
-0.005627812562652023
-0.007839486465700337
-0.010745439735934659
-0.014499943776372896
-0.019260698434664079
-0.025174493347364817
-0.032361838693769733
-0.040969202952005741
-0.051104987337939931
-0.062812050229875030
-0.076039806491827303
-0.090626489620354370
-0.106455654653704837
-0.123314267022337415
-0.140868075122610820
-0.158650095226749888
-0.176075908826204552
-0.192749922348533970
-0.208231743867430902
-0.222027704648876945
-0.233603880506754569
-0.242427919708971817
-0.248338898429757343
-0.251231808102032605
-0.251038023457702486
-0.247727949220861970
-0.241333965430015229
-0.232239605122324638
-0.220859594462408604
-0.207604387061876366
-0.192867926480964624
-0.177030698549782206
-0.160625953036935026
-0.144120774629392628
-0.127898018400546515
-0.112256944752407745
-0.097423341313454315
-0.083634167260235939
-0.071042469097824940
-0.059723907298147229
-0.049691027864300664
-0.040909270088276731
-0.033336184047654795
-0.026895656202553693
-0.021488154338331424
-0.017001365256965516
-0.013319106126819727
-0.010334338819643268
-0.007943458298263895
-0.006049630338329939
-0.004565271113633754
-0.003413372786202268
-0.002529119126346751
-0.001857419468221130
-0.001352297539873759
-0.000976086391097303
-0.000698454355649889
-0.000495558016878771
-0.000348682849693489
-0.000243335710371959
-0.000168444138390850
-0.000115658356551989
-0.000078782479086567
-0.000053244536613325
-0.000035708051496137
-0.000023765126218723
-0.000015696639979068
-0.000010290028802865
-0.000006696091261000
-0.000004325812371408
-0.000002774552473804
-0.000001766923851549
-0.000001117340225259
-0.000000701680205270
-0.000000437643174850
-0.000000271122120467
-0.000000166841085984
-0.000000101993236576
-0.000000061945078792
-0.000000037380503821
-0.000000022414126283
-0.000000013355894776
-0.000000007909170457
-0.000000004655076446
-0.000000002723277911
-0.000000001583652660
-0.000000000915529611
-0.000000000526208146
-0.000000000300705619
-0.000000000170864841
-0.000000000096543147
-0.000000000054249457
-0.000000000030317400
-0.000000000016852064
-0.000000000009316968
-0.000000000005123899
-0.000000000002803602
-0.000000000001525935
-0.000000000000826502
-0.000000000000445338
-0.000000000000238694
-0.000000000000127594
-0.000000000000067474
-0.000000000000035801
-0.000000000000018944
-0.000000000000009802
-0.000000000000004926
-0.000000000000003110
-0.000000000000000916
-0.000000000000000904
-0.000000000000000391
-0.000000000000000103
0.000000000000000006
-0.000000000000000123
-0.000000000000000101
0.000000000000000173
-0.000000000000000093
-0.000000000000000058
0.000000000000000129
-0.000000000000000024
-0.000000000000000068
0.000000000000000058
0.000000000000000040
-0.000000000000000013
-0.000000000000000141
0.000000000000000255
-0.000000000000000086
-0.000000000000000086
0.000000000000000240
-0.000000000000000174
-0.000000000000000029
0.000000000000000124
-0.000000000000000168
-0.000000000000000022
0.000000000000000294
-0.000000000000000385
0.000000000000000237
0.000000000000000006
-0.000000000000000170
0.000000000000000211
-0.000000000000000097
-0.000000000000000064
0.000000000000000141
-0.000000000000000079
-0.000000000000000057
0.000000000000000183
-0.000000000000000145
0.000000000000000056
0.000000000000000072
-0.000000000000000180
0.000000000000000170
-0.000000000000000076
-0.000000000000000042
0.000000000000000190
-0.000000000000000214
0.000000000000000138
0.000000000000000012
-0.000000000000000035
0.000000000000000028
0.000000000000000032
-0.000000000000000058
0.000000000000000040
0.000000000000000031
0.000000000000000023
-0.000000000000000016
0.000000000000000003
0.000000000000000033
-0.000000000000000095
0.000000000000000143
-0.000000000000000181
0.000000000000000114
-0.000000000000000045
0.000000000000000010
0.000000000000000047
-0.000000000000000034
0.000000000000000005
0.000000000000000013
-0.000000000000000053
0.000000000000000097
-0.000000000000000097
0.000000000000000081
-0.000000000000000064
0.000000000000000085
-0.000000000000000082
0.000000000000000168
-0.000000000000000205
0.000000000000000102
-0.000000000000000060
-0.000000000000000007
0.000000000000000030
0.000000000000000023
-0.000000000000000139
0.000000000000000097
-0.000000000000000060
-0.000000000000000072
0.000000000000000062
-0.000000000000000088
0.000000000000000125
-0.000000000000000038
0.000000000000000091
-0.000000000000000004
-0.000000000000000050
-0.000000000000000019
0.000000000000000129
-0.000000000000000168
0.000000000000000130
-0.000000000000000114
-0.000000000000000058
0.000000000000000062
-0.000000000000000070
0.000000000000000021
0.000000000000000088
-0.000000000000000164
0.000000000000000164
-0.000000000000000125
-0.000000000000000015
0.000000000000000175
-0.000000000000000238
0.000000000000000258
-0.000000000000000117
-0.000000000000000079
0.000000000000000189
-0.000000000000000098
0.000000000000000031
0.000000000000000112
-0.000000000000000123
-0.000000000000000029
0.000000000000000284
-0.000000000000000393
0.000000000000000327
-0.000000000000000164
-0.000000000000000069
0.000000000000000205
-0.000000000000000173
0.000000000000000017
0.000000000000000149
-0.000000000000000200
0.000000000000000132
0.000000000000000015
-0.000000000000000156
0.000000000000000248
-0.000000000000000164
-0.000000000000000025
0.000000000000000196
-0.000000000000000261
0.000000000000000276
-0.000000000000000102
-0.000000000000000058
0.000000000000000220
-0.000000000000000083
0.000000000000000006
0.000000000000000132
-0.000000000000000158
0.000000000000000132
-0.000000000000000094
-0.000000000000000008
0.000000000000000080
-0.000000000000000079
-0.000000000000000026
0.000000000000000154
-0.000000000000000176
0.000000000000000193
-0.000000000000000109
-0.000000000000000078
0.000000000000000218
-0.000000000000000286
0.000000000000000197
-0.000000000000000068
-0.000000000000000085
0.000000000000000118
-0.000000000000000104
0.000000000000000108
0.000000000000000003
-0.000000000000000023
0.000000000000000004
0.000000000000000029
-0.000000000000000098
0.000000000000000271
-0.000000000000000167
0.000000000000000237
-0.000000000000000094
-0.000000000000000069
0.000000000000000160
-0.000000000000000285
0.000000000000000357
-0.000000000000000185
0.000000000000000142
0.000000000000000077
-0.000000000000000162
0.000000000000000193
-0.000000000000000173
0.000000000000000144
-0.000000000000000063
-0.000000000000000035
0.000000000000000081
-0.000000000000000139
0.000000000000000116
-0.000000000000000049
-0.000000000000000102
0.000000000000000141
-0.000000000000000317
0.000000000000000258
-0.000000000000000260
0.000000000000000194
-0.000000000000000167
0.000000000000000094
-0.000000000000000112
0.000000000000000068
0.000000000000000037
0.000000000000000053
-0.000000000000000056
0.000000000000000087
-0.000000000000000039
0.000000000000000059
-0.000000000000000041
0.000000000000000130
-0.000000000000000034
0.000000000000000076
-0.000000000000000069
0.000000000000000036
-0.000000000000000016
0.000000000000000066
0.000000000000000087
-0.000000000000000013
-0.000000000000000008
0.000000000000000023
-0.000000000000000076
0.000000000000000086
-0.000000000000000129
0.000000000000000097
-0.000000000000000050
0.000000000000000190
-0.000000000000000158
0.000000000000000090
-0.000000000000000090
0.000000000000000098
-0.000000000000000102
0.000000000000000133
-0.000000000000000040
0.000000000000000095
-0.000000000000000081
0.000000000000000047
0.000000000000000003
0.000000000000000008
-0.000000000000000011
0.000000000000000028
-0.000000000000000005
-0.000000000000000042
0.000000000000000066
-0.000000000000000076
0.000000000000000075
-0.000000000000000074
0.000000000000000039
-0.000000000000000032
0.000000000000000016
-0.000000000000000000
-0.000000000000000020
0.000000000000000027
-0.000000000000000033
0.000000000000000035
-0.000000000000000036
0.000000000000000033
-0.000000000000000031
0.000000000000000023
-0.000000000000000012
0.000000000000000001
-0.000000000000000001
0.000000000000000017
-0.000000000000000049
0.000000000000000086
-0.000000000000000114
0.000000000000000121
-0.000000000000000106
0.000000000000000081
-0.000000000000000058
0.000000000000000046
-0.000000000000000043
0.000000000000000039
-0.000000000000000028
0.000000000000000010
0.000000000000000007
-0.000000000000000017
0.000000000000000017
-0.000000000000000013
0.000000000000000008
-0.000000000000000002
-0.000000000000000009
0.000000000000000027
-0.000000000000000048
0.000000000000000065
-0.000000000000000069
0.000000000000000061
-0.000000000000000049
0.000000000000000038
-0.000000000000000030
0.000000000000000021
-0.000000000000000004
-0.000000000000000020
0.000000000000000042
-0.000000000000000052
0.000000000000000046
-0.000000000000000030
0.000000000000000012
-0.000000000000000003
