1.003000000000000
1.007000000000000
1.011000000000000
1.015000000000000
1.019000000000000
1.023000000000000
1.027000000000000
1.031000000000000
1.035000000000000
1.039000000000000
1.043000000000000
1.047000000000000
1.051000000000000
1.055000000000000
1.059000000000000
1.063000000000000
1.067000000000000
1.071000000000000
1.075000000000000
1.079000000000000
1.083000000000000
1.087000000000000
1.091000000000000
1.095000000000000
1.099000000000000
1.103000000000000
1.107000000000000
1.111000000000000
1.115000000000000
1.119000000000000
1.123000000000000
1.127000000000000
1.131000000000000
1.135000000000000
1.139000000000000
1.143000000000000
1.147000000000000
1.151000000000000
1.155000000000000
1.159000000000000
1.163000000000000
1.167000000000000
1.171000000000000
1.175000000000000
1.179000000000000
1.183000000000000
1.187000000000000
1.191000000000000
1.195000000000000
1.199000000000000
1.203000000000000
1.207000000000000
1.211000000000000
1.215000000000000
1.219000000000000
1.223000000000000
1.227000000000000
1.231000000000000
1.235000000000000
1.239000000000000
1.243000000000000
1.247000000000000
1.251000000000000
1.255000000000000
1.259000000000000
1.263000000000000
1.267000000000000
1.271000000000000
1.275000000000000
1.279000000000000
1.283000000000000
1.287000000000000
1.291000000000000
1.295000000000000
1.299000000000000
1.303000000000000
1.307000000000000
1.311000000000000
1.315000000000000
1.319000000000000
1.323000000000000
1.327000000000000
1.331000000000000
1.335000000000000
1.339000000000000
1.343000000000000
1.347000000000000
1.351000000000000
1.355000000000000
1.359000000000000
1.363000000000000
1.367000000000000
1.371000000000000
1.375000000000000
1.379000000000000
1.383000000000000
1.387000000000000
1.391000000000000
1.395000000000000
1.399000000000000
1.403000000000000
1.407000000000000
1.411000000000000
1.415000000000000
1.419000000000000
1.423000000000000
1.427000000000000
1.431000000000000
1.435000000000000
1.439000000000001
1.443000000000001
1.447000000000001
1.451000000000001
1.455000000000001
1.459000000000001
1.463000000000001
1.467000000000001
1.471000000000001
1.475000000000001
1.479000000000001
1.483000000000001
1.487000000000001
1.491000000000001
1.495000000000001
1.499000000000001
1.503000000000001
1.507000000000001
1.511000000000001
1.515000000000001
1.519000000000001
1.523000000000001
1.527000000000001
1.531000000000001
1.535000000000001
1.539000000000001
1.543000000000001
1.547000000000001
1.551000000000001
1.555000000000001
1.559000000000001
1.563000000000001
1.567000000000001
1.571000000000001
1.575000000000001
1.579000000000001
1.583000000000001
1.587000000000001
1.591000000000001
1.595000000000001
1.599000000000001
1.603000000000001
1.607000000000001
1.611000000000001
1.615000000000001
1.619000000000001
1.623000000000001
1.627000000000001
1.631000000000001
1.635000000000001
1.639000000000001
1.643000000000001
1.647000000000001
1.651000000000001
1.655000000000001
1.659000000000001
1.663000000000001
1.667000000000001
1.671000000000001
1.675000000000001
1.679000000000001
1.683000000000001
1.687000000000001
1.691000000000001
1.695000000000001
1.699000000000001
1.703000000000001
1.707000000000001
1.711000000000001
1.715000000000001
1.719000000000001
1.723000000000001
1.727000000000001
1.731000000000001
1.735000000000001
1.739000000000001
1.743000000000001
1.747000000000001
1.751000000000001
1.755000000000001
1.759000000000001
1.763000000000001
1.767000000000001
1.771000000000001
1.775000000000001
1.779000000000001
1.783000000000001
1.787000000000001
1.791000000000001
1.795000000000001
1.799000000000001
1.803000000000001
1.807000000000001
1.811000000000001
1.815000000000001
1.819000000000001
1.823000000000001
1.827000000000001
1.831000000000001
1.835000000000001
1.839000000000001
1.843000000000001
1.847000000000001
1.851000000000001
1.855000000000001
1.859000000000001
1.863000000000001
1.867000000000001
1.871000000000001
1.875000000000001
1.879000000000001
1.883000000000001
1.887000000000001
1.891000000000001
1.895000000000001
1.899000000000001
1.903000000000001
1.907000000000001
1.911000000000001
1.915000000000001
1.919000000000001
1.923000000000001
1.927000000000001
1.931000000000001
1.935000000000001
1.939000000000001
1.943000000000001
1.947000000000001
1.951000000000001
1.955000000000001
1.959000000000001
1.963000000000001
1.967000000000001
1.971000000000001
1.975000000000001
1.979000000000001
1.983000000000001
1.987000000000001
1.991000000000001
1.995000000000001
1.999000000000001
2.003000000000001
2.007000000000001
2.011000000000001
2.015000000000001
2.019000000000001
2.023000000000001
2.027000000000001
2.031000000000001
2.035000000000001
2.039000000000001
2.043000000000001
2.047000000000001
2.051000000000001
2.055000000000001
2.059000000000001
2.063000000000001
2.067000000000001
2.071000000000001
2.075000000000001
2.079000000000001
2.083000000000001
2.087000000000001
2.091000000000001
2.095000000000001
2.099000000000001
2.103000000000001
2.107000000000001
2.111000000000001
2.115000000000001
2.119000000000001
2.123000000000001
2.127000000000001
2.131000000000001
2.135000000000001
2.139000000000001
2.143000000000001
2.147000000000001
2.151000000000001
2.155000000000001
2.159000000000001
2.163000000000001
2.167000000000001
2.171000000000001
2.175000000000001
2.179000000000001
2.183000000000001
2.187000000000001
2.191000000000001
2.195000000000001
2.199000000000001
2.203000000000001
2.207000000000001
2.211000000000001
2.215000000000001
2.219000000000001
2.223000000000001
2.227000000000001
2.231000000000001
2.235000000000001
2.239000000000001
2.243000000000001
2.247000000000001
2.251000000000001
2.255000000000001
2.259000000000001
2.263000000000001
2.267000000000001
2.271000000000001
2.275000000000001
2.279000000000001
2.283000000000001
2.287000000000001
2.291000000000001
2.295000000000001
2.299000000000001
2.303000000000001
2.307000000000001
2.311000000000001
2.315000000000001
2.319000000000001
2.323000000000001
2.327000000000001
2.331000000000001
2.335000000000001
2.339000000000001
2.343000000000001
2.347000000000001
2.351000000000001
2.355000000000001
2.359000000000001
2.363000000000001
2.367000000000001
2.371000000000001
2.375000000000001
2.379000000000001
2.383000000000001
2.387000000000001
2.391000000000001
2.395000000000001
2.399000000000001
2.403000000000001
2.407000000000001
2.411000000000001
2.415000000000001
2.419000000000001
2.423000000000001
2.427000000000001
2.431000000000001
2.435000000000001
2.439000000000001
2.443000000000001
2.447000000000001
2.451000000000001
2.455000000000001
2.459000000000001
2.463000000000001
2.467000000000001
2.471000000000001
2.475000000000001
2.479000000000001
2.483000000000001
2.487000000000001
2.491000000000001
2.495000000000001
2.499000000000001
2.503000000000001
2.507000000000001
2.511000000000001
2.515000000000001
2.519000000000001
2.523000000000001
2.527000000000001
2.531000000000001
2.535000000000001
2.539000000000001
2.543000000000001
2.547000000000001
2.551000000000001
2.555000000000001
2.559000000000001
2.563000000000001
2.567000000000002
2.571000000000002
2.575000000000002
2.579000000000002
2.583000000000002
2.587000000000002
2.591000000000002
2.595000000000002
2.599000000000002
2.603000000000002
2.607000000000002
2.611000000000002
2.615000000000002
2.619000000000002
2.623000000000002
2.627000000000002
2.631000000000002
2.635000000000002
2.639000000000002
2.643000000000002
2.647000000000002
2.651000000000002
2.655000000000002
2.659000000000002
2.663000000000002
2.667000000000002
2.671000000000002
2.675000000000002
2.679000000000002
2.683000000000002
2.687000000000002
2.691000000000002
2.695000000000002
2.699000000000002
2.703000000000002
2.707000000000002
2.711000000000002
2.715000000000002
2.719000000000002
2.723000000000002
2.727000000000002
2.731000000000002
2.735000000000002
2.739000000000002
2.743000000000002
2.747000000000002
2.751000000000002
2.755000000000002
2.759000000000002
2.763000000000002
2.767000000000002
2.771000000000002
2.775000000000002
2.779000000000002
2.783000000000002
2.787000000000002
2.791000000000002
2.795000000000002
2.799000000000002
2.803000000000002
2.807000000000002
2.811000000000002
2.815000000000002
2.819000000000002
2.823000000000002
2.827000000000002
2.831000000000002
2.835000000000002
2.839000000000002
2.843000000000002
2.847000000000002
2.851000000000002
2.855000000000002
2.859000000000002
2.863000000000002
2.867000000000002
2.871000000000002
2.875000000000002
2.879000000000002
2.883000000000002
2.887000000000002
2.891000000000002
2.895000000000002
2.899000000000002
2.903000000000002
2.907000000000002
2.911000000000002
2.915000000000002
2.919000000000002
2.923000000000002
2.927000000000002
2.931000000000002
2.935000000000002
2.939000000000002
2.943000000000002
2.947000000000002
2.951000000000002
2.955000000000002
2.959000000000002
2.963000000000002
2.967000000000002
2.971000000000002
2.975000000000002
2.979000000000002
2.983000000000002
2.987000000000002
2.991000000000002
2.995000000000002
2.999000000000002
3.003000000000002
3.007000000000002
3.011000000000002
3.015000000000002
3.019000000000002
3.023000000000002
3.027000000000002
3.031000000000002
3.035000000000002
3.039000000000002
3.043000000000002
3.047000000000002
3.051000000000002
3.055000000000002
3.059000000000002
3.063000000000002
3.067000000000002
3.071000000000002
3.075000000000002
3.079000000000002
3.083000000000002
3.087000000000002
3.091000000000002
3.095000000000002
3.099000000000002
3.103000000000002
3.107000000000002
3.111000000000002
3.115000000000002
3.119000000000002
3.123000000000002
3.127000000000002
3.131000000000002
3.135000000000002
3.139000000000002
3.143000000000002
3.147000000000002
3.151000000000002
3.155000000000002
3.159000000000002
3.163000000000002
3.167000000000002
3.171000000000002
3.175000000000002
3.179000000000002
3.183000000000002
3.187000000000002
3.191000000000002
3.195000000000002
3.199000000000002
3.203000000000002
3.207000000000002
3.211000000000002
3.215000000000002
3.219000000000002
3.223000000000002
3.227000000000002
3.231000000000002
3.235000000000002
3.239000000000002
3.243000000000002
3.247000000000002
3.251000000000002
3.255000000000002
3.259000000000002
3.263000000000002
3.267000000000002
3.271000000000002
3.275000000000002
3.279000000000002
3.283000000000002
3.287000000000002
3.291000000000002
3.295000000000002
3.299000000000002
3.303000000000002
3.307000000000002
3.311000000000002
3.315000000000002
3.319000000000002
3.323000000000002
3.327000000000002
3.331000000000002
3.335000000000002
3.339000000000002
3.343000000000002
3.347000000000002
3.351000000000002
3.355000000000002
3.359000000000002
3.363000000000002
3.367000000000002
3.371000000000002
3.375000000000002
3.379000000000002
3.383000000000002
3.387000000000002
3.391000000000002
3.395000000000002
3.399000000000002
3.403000000000002
3.407000000000002
3.411000000000002
3.415000000000002
3.419000000000002
3.423000000000002
3.427000000000002
3.431000000000002
3.435000000000002
3.439000000000002
3.443000000000002
3.447000000000002
3.451000000000002
3.455000000000002
3.459000000000002
3.463000000000002
3.467000000000002
3.471000000000002
3.475000000000002
3.479000000000002
3.483000000000002
3.487000000000002
3.491000000000002
3.495000000000002
3.499000000000002
3.503000000000002
3.507000000000002
3.511000000000002
3.515000000000002
3.519000000000002
3.523000000000002
3.527000000000002
3.531000000000002
3.535000000000002
3.539000000000002
3.543000000000002
3.547000000000002
3.551000000000002
3.555000000000002
3.559000000000002
3.563000000000002
3.567000000000002
3.571000000000002
3.575000000000002
3.579000000000002
3.583000000000002
3.587000000000002
3.591000000000002
3.595000000000002
3.599000000000002
3.603000000000002
3.607000000000002
3.611000000000002
3.615000000000002
3.619000000000002
3.623000000000002
3.627000000000002
3.631000000000002
3.635000000000002
3.639000000000002
3.643000000000002
3.647000000000002
3.651000000000002
3.655000000000002
3.659000000000002
3.663000000000002
3.667000000000002
3.671000000000002
3.675000000000002
3.679000000000002
3.683000000000002
3.687000000000002
3.691000000000003
3.695000000000003
3.699000000000003
3.703000000000003
3.707000000000003
3.711000000000003
3.715000000000003
3.719000000000003
3.723000000000003
3.727000000000003
3.731000000000003
3.735000000000003
3.739000000000003
3.743000000000003
3.747000000000003
3.751000000000003
3.755000000000003
3.759000000000003
3.763000000000003
3.767000000000003
3.771000000000003
3.775000000000003
3.779000000000003
3.783000000000003
3.787000000000003
3.791000000000003
3.795000000000003
3.799000000000003
3.803000000000003
3.807000000000003
3.811000000000003
3.815000000000003
3.819000000000003
3.823000000000003
3.827000000000003
3.831000000000003
3.835000000000003
3.839000000000003
3.843000000000003
3.847000000000003
3.851000000000003
3.855000000000003
3.859000000000003
3.863000000000003
3.867000000000003
3.871000000000003
3.875000000000003
3.879000000000003
3.883000000000003
3.887000000000003
3.891000000000003
3.895000000000003
3.899000000000003
3.903000000000003
3.907000000000003
3.911000000000003
3.915000000000003
3.919000000000003
3.923000000000003
3.927000000000003
3.931000000000003
3.935000000000003
3.939000000000003
3.943000000000003
3.947000000000003
3.951000000000003
3.955000000000003
3.959000000000003
3.963000000000003
3.967000000000003
3.971000000000003
3.975000000000003
3.979000000000003
3.983000000000003
3.987000000000003
3.991000000000003
3.995000000000003
3.999000000000003
4.003000000000003
4.007000000000002
4.011000000000003
4.015000000000002
4.019000000000003
4.023000000000002
4.027000000000003
4.031000000000002
4.035000000000003
4.039000000000002
4.043000000000003
4.047000000000002
4.051000000000003
4.055000000000002
4.059000000000003
4.063000000000002
4.067000000000003
4.071000000000002
4.075000000000003
4.079000000000002
4.083000000000003
4.087000000000002
4.091000000000003
