0.000000000000000
-0.000000000000000
-0.000000000000001
-0.000000000000001
-0.000000000000000
0.000000000000000
0.000000000000001
0.000000000000000
0.000000000000000
0.000000000000001
0.000000000000001
0.000000000000001
0.000000000000000
0.000000000000001
0.000000000000001
0.000000000000001
0.000000000000000
0.000000000000001
0.000000000000001
0.000000000000001
0.000000000000000
0.000000000000000
0.000000000000000
0.000000000000000
-0.000000000000000
-0.000000000000001
-0.000000000000001
-0.000000000000000
-0.000000000000001
-0.000000000000001
-0.000000000000000
-0.000000000000000
-0.000000000000001
-0.000000000000000
0.000000000000000
0.000000000000000
0.000000000000000
0.000000000000000
0.000000000000000
0.000000000000000
0.000000000000001
0.000000000000001
0.000000000000000
0.000000000000000
-0.000000000000000
0.000000000000000
-0.000000000000000
-0.000000000000001
-0.000000000000000
-0.000000000000001
-0.000000000000000
-0.000000000000001
-0.000000000000000
-0.000000000000000
0.000000000000001
0.000000000000001
0.000000000000001
0.000000000000001
0.000000000000001
0.000000000000000
0.000000000000000
0.000000000000000
0.000000000000001
0.000000000000001
0.000000000000001
0.000000000000001
0.000000000000001
0.000000000000001
0.000000000000001
0.000000000000000
0.000000000000001
0.000000000000001
0.000000000000001
0.000000000000000
0.000000000000000
0.000000000000000
0.000000000000000
0.000000000000000
0.000000000000000
0.000000000000001
0.000000000000001
0.000000000000001
0.000000000000000
-0.000000000000000
-0.000000000000000
-0.000000000000001
-0.000000000000001
-0.000000000000000
-0.000000000000000
-0.000000000000000
-0.000000000000000
-0.000000000000000
-0.000000000000001
-0.000000000000001
-0.000000000000001
-0.000000000000000
0.000000000000000
0.000000000000000
0.000000000000001
0.000000000000003
0.000000000000004
0.000000000000007
0.000000000000012
0.000000000000018
0.000000000000028
0.000000000000040
0.000000000000058
0.000000000000084
0.000000000000119
0.000000000000167
0.000000000000236
0.000000000000332
0.000000000000465
0.000000000000649
0.000000000000906
0.000000000001261
0.000000000001752
0.000000000002428
0.000000000003358
0.000000000004634
0.000000000006383
0.000000000008775
0.000000000012038
0.000000000016482
0.000000000022521
0.000000000030709
0.000000000041789
0.000000000056748
0.000000000076905
0.000000000104005
0.000000000140367
0.000000000189052
0.000000000254098
0.000000000340821
0.000000000456202
0.000000000609385
0.000000000812329
0.000000001080628
0.000000001434579
0.000000001900538
0.000000002512649
0.000000003315051
0.000000004364671
0.000000005734761
0.000000007519367
0.000000009838957
0.000000012847490
0.000000016741281
0.000000021770071
0.000000028250844
0.000000036584998
0.000000047279654
0.000000060974017
0.000000078471901
0.000000100781772
0.000000129165888
0.000000165200470
0.000000210849167
0.000000268552513
0.000000341336563
0.000000432944468
0.000000547995376
0.000000692175807
0.000000872469510
0.000001097432726
0.000001377522919
0.000001725490195
0.000002156842038
0.000002690393440
0.000003348916193
0.000004159902891
0.000005156463163
0.000006378371773
0.000007873290450
0.000009698187704
0.000011920983368
0.000014622447135
0.000017898382968
0.000021862133817
0.000026647443585
0.000032411715614
0.000039339709072
0.000047647716404
0.000057588266274
0.000069455397182
0.000083590546869
0.000100389101693
0.000120307648120
0.000143871965166
0.000171685791791
0.000204440396757
0.000242924970022
0.000288037844183
0.000340798541594
0.000402360627306
0.000474025329899
0.000557255871224
0.000653692422199
0.000765167574826
0.000893722190732
0.001041621453737
0.001211370918427
0.001405732308827
0.001627738781219
0.001880709323672
0.002168261922369
0.002494325082220
0.002863147247392
0.003279303627325
0.003747699896685
0.004273572204851
0.004862482903351
0.005520311379607
0.006253239374123
0.007067730157275
0.007970500952943
0.008968488020831
0.010068803849007
0.011278685964296
0.012605436941878
0.014056355287692
0.015638656978701
0.017359387576904
0.019225324983113
0.021242873065297
0.023417946582488
0.025755848027279
0.028261137225346
0.030937494756403
0.033787580493956
0.036812888797073
0.040013602121465
0.043388445044269
0.046934540911484
0.050647273513024
0.054520156361746
0.058544712293217
0.062710366206328
0.067004353825037
0.071411649373096
0.075914915011465
0.080494474788018
0.085128315687913
0.089792118148216
0.094459318111372
0.099101202339121
0.103687038293678
0.108184239419841
0.112558566135448
0.116774362265133
0.120794826041969
0.124582314163372
0.128098676732772
0.131305620259528
0.134165095239835
0.136639704214870
0.138693125613862
0.140290548153313
0.141399110093735
0.141988337265197
0.142030573475292
0.141501396718648
0.140380014525199
0.138649631821906
0.136297784844561
0.133316634924513
0.129703216389130
0.125459633351119
0.120593200813908
0.115116526279020
0.109047528894796
0.102409394119399
0.095230462868162
0.087544055157291
0.079388229322787
0.070805478963877
0.061842370812732
0.052549127745008
0.042979162097552
0.033188565330371
0.023235560840884
0.013179927393011
0.003082401147505
-0.006995935338299
-0.016994268541868
-0.026852665162756
-0.036512670471846
-0.045917885465289
-0.055014514852353
-0.063751878434458
-0.072082879090358
-0.079964421355556
-0.087357775455727
-0.094228882605423
-0.100548598394471
-0.106292872134008
-0.111442861100326
-0.115984979676145
-0.119910884424506
-0.123217397120299
-0.125906368690092
-0.127984487855959
-0.129463039029171
-0.130357614643174
-0.130687787643360
-0.130476750257413
-0.129750925451400
-0.128539557632704
-0.126874289193651
-0.124788729404333
-0.122318021966540
-0.119498417242486
-0.116366854782859
-0.112960561311241
-0.109316668789397
-0.105471856604478
-0.101462021299139
-0.097321976623300
-0.093085186035570
-0.088783529136564
-0.084447102887602
-0.080104057867726
-0.075780469259308
-0.071500241735923
-0.067285046962338
-0.063154292010384
-0.059125116649603
-0.055212417189650
-0.051428894332996
-0.047785122340341
-0.044289636715153
-0.040949037574571
-0.037768105887237
-0.034749929819527
-0.031896038534600
-0.029206540927738
-0.026680266950551
-0.024314909369530
-0.022107164015241
-0.020052866801119
-0.018147126020136
-0.016384448658262
-0.014758859691252
-0.013264013551810
-0.011893297164142
-0.010639924139601
-0.009497019908242
-0.008457697725007
-0.007515125634962
-0.006662584608691
-0.005893518166827
-0.005201573901695
-0.004580637375098
-0.004024858925146
-0.003528673952909
-0.003086817283050
-0.002694332202704
-0.002346574781514
-0.002039214064322
-0.001768228708193
-0.001529900608792
-0.001320806028968
-0.001137804706264
-0.000978027377096
-0.000838862114711
-0.000717939836722
-0.000613119296960
-0.000522471836191
-0.000444266127663
-0.000376953116845
-0.000319151320506
-0.000269632618744
-0.000227308644807
-0.000191217851716
-0.000160513311687
-0.000134451284330
-0.000112380572145
-0.000093732667160
-0.000078012680200
-0.000064791034241
-0.000053695895268
-0.000044406307915
-0.000036645998567
-0.000030177805558
-0.000024798694136
-0.000020335313043
-0.000016640049578
-0.000013587540718
-0.000011071599147
-0.000009002514763
-0.000007304694295
-0.000005914603867
-0.000004778981797
-0.000003853291350
-0.000003100385671
-0.000002489359522
-0.000001994564867
-0.000001594769566
-0.000001272440620
-0.000001013135386
-0.000000804986071
-0.000000638264522
-0.000000505015865
-0.000000398751035
-0.000000314189456
-0.000000247044307
-0.000000193843851
-0.000000151783163
-0.000000118601453
-0.000000092480825
-0.000000071962971
-0.000000055880797
-0.000000043302467
-0.000000033485716
-0.000000025840676
-0.000000019899668
-0.000000015292759
-0.000000011728009
-0.000000008975559
-0.000000006854848
-0.000000005224367
-0.000000003973464
-0.000000003015817
-0.000000002284236
-0.000000001726545
-0.000000001302315
-0.000000000980291
-0.000000000736370
-0.000000000552000
-0.000000000412937
-0.000000000308270
-0.000000000229658
-0.000000000170740
-0.000000000126675
-0.000000000093789
-0.000000000069297
-0.000000000051096
-0.000000000037597
-0.000000000027608
-0.000000000020231
-0.000000000014795
-0.000000000010797
-0.000000000007863
-0.000000000005715
-0.000000000004145
-0.000000000003000
-0.000000000002167
-0.000000000001562
-0.000000000001124
-0.000000000000807
-0.000000000000577
-0.000000000000413
-0.000000000000295
-0.000000000000210
-0.000000000000149
-0.000000000000106
-0.000000000000075
-0.000000000000053
-0.000000000000037
-0.000000000000026
-0.000000000000018
-0.000000000000013
-0.000000000000009
-0.000000000000006
-0.000000000000004
-0.000000000000003
-0.000000000000002
-0.000000000000001
-0.000000000000001
-0.000000000000001
-0.000000000000000
-0.000000000000000
-0.000000000000000
-0.000000000000000
0.000000000000000
-0.000000000000000
-0.000000000000000
0.000000000000000
-0.000000000000000
0.000000000000000
0.000000000000000
-0.000000000000000
-0.000000000000000
0.000000000000000
0.000000000000000
-0.000000000000000
0.000000000000000
-0.000000000000000
-0.000000000000000
0.000000000000000
0.000000000000000
-0.000000000000000
0.000000000000000
0.000000000000000
-0.000000000000000
-0.000000000000000
0.000000000000000
-0.000000000000000
-0.000000000000000
0.000000000000000
-0.000000000000000
0.000000000000000
-0.000000000000000
0.000000000000000
0.000000000000000
-0.000000000000000
-0.000000000000000
0.000000000000000
0.000000000000000
-0.000000000000000
0.000000000000000
-0.000000000000000
-0.000000000000000
0.000000000000000
0.000000000000000
-0.000000000000000
0.000000000000000
-0.000000000000000
-0.000000000000000
-0.000000000000000
0.000000000000000
0.000000000000000
-0.000000000000000
-0.000000000000000
0.000000000000000
-0.000000000000000
-0.000000000000000
0.000000000000000
0.000000000000000
-0.000000000000000
0.000000000000000
0.000000000000000
-0.000000000000000
-0.000000000000000
0.000000000000000
0.000000000000000
-0.000000000000000
0.000000000000000
0.000000000000000
-0.000000000000000
0.000000000000000
0.000000000000000
-0.000000000000000
-0.000000000000000
0.000000000000000
0.000000000000000
-0.000000000000000
0.000000000000000
0.000000000000000
-0.000000000000000
-0.000000000000000
0.000000000000000
0.000000000000000
-0.000000000000000
-0.000000000000000
0.000000000000000
-0.000000000000000
0.000000000000000
-0.000000000000000
0.000000000000000
-0.000000000000000
0.000000000000000
0.000000000000000
-0.000000000000000
-0.000000000000000
0.000000000000000
-0.000000000000000
0.000000000000000
-0.000000000000000
0.000000000000000
-0.000000000000000
-0.000000000000000
0.000000000000000
-0.000000000000000
0.000000000000000
-0.000000000000000
0.000000000000000
-0.000000000000000
-0.000000000000000
0.000000000000000
-0.000000000000000
-0.000000000000000
0.000000000000000
-0.000000000000000
0.000000000000000
-0.000000000000000
-0.000000000000000
0.000000000000000
-0.000000000000000
0.000000000000000
-0.000000000000000
0.000000000000000
0.000000000000000
-0.000000000000000
0.000000000000000
0.000000000000000
-0.000000000000000
0.000000000000000
0.000000000000000
-0.000000000000000
0.000000000000000
0.000000000000000
-0.000000000000000
0.000000000000000
0.000000000000000
-0.000000000000000
-0.000000000000000
0.000000000000000
0.000000000000000
-0.000000000000000
0.000000000000000
0.000000000000000
-0.000000000000000
0.000000000000000
-0.000000000000000
-0.000000000000000
0.000000000000000
-0.000000000000000
0.000000000000000
-0.000000000000000
0.000000000000000
-0.000000000000000
0.000000000000000
-0.000000000000000
0.000000000000000
0.000000000000000
-0.000000000000000
0.000000000000000
0.000000000000000
-0.000000000000000
0.000000000000000
0.000000000000000
-0.000000000000000
0.000000000000000
-0.000000000000000
0.000000000000000
-0.000000000000000
-0.000000000000000
0.000000000000000
0.000000000000000
-0.000000000000000
0.000000000000000
0.000000000000000
-0.000000000000000
0.000000000000000
-0.000000000000000
0.000000000000000
0.000000000000000
-0.000000000000000
-0.000000000000000
0.000000000000000
-0.000000000000000
-0.000000000000000
-0.000000000000000
0.000000000000000
-0.000000000000000
-0.000000000000000
0.000000000000001
-0.000000000000000
-0.000000000000000
0.000000000000000
-0.000000000000000
-0.000000000000000
0.000000000000000
-0.000000000000000
0.000000000000000
0.000000000000000
-0.000000000000000
-0.000000000000001
0.000000000000001
-0.000000000000000
-0.000000000000000
0.000000000000000
0.000000000000000
-0.000000000000000
0.000000000000000
0.000000000000000
-0.000000000000000
0.000000000000000
0.000000000000000
-0.000000000000000
0.000000000000000
-0.000000000000000
0.000000000000000
-0.000000000000000
0.000000000000000
0.000000000000000
0.000000000000000
-0.000000000000000
0.000000000000000
-0.000000000000000
-0.000000000000000
0.000000000000001
-0.000000000000000
0.000000000000000
-0.000000000000000
0.000000000000000
-0.000000000000000
0.000000000000000
-0.000000000000000
0.000000000000000
0.000000000000000
-0.000000000000000
0.000000000000001
-0.000000000000000
0.000000000000000
0.000000000000000
-0.000000000000000
0.000000000000000
0.000000000000000
-0.000000000000000
0.000000000000000
0.000000000000000
-0.000000000000000
-0.000000000000000
0.000000000000000
-0.000000000000000
0.000000000000000
-0.000000000000000
0.000000000000000
-0.000000000000000
-0.000000000000000
0.000000000000000
-0.000000000000001
0.000000000000000
0.000000000000000
0.000000000000000
0.000000000000000
0.000000000000000
-0.000000000000000
0.000000000000000
-0.000000000000000
0.000000000000000
-0.000000000000000
0.000000000000000
-0.000000000000000
0.000000000000000
-0.000000000000000
-0.000000000000000
0.000000000000000
0.000000000000000
-0.000000000000000
0.000000000000000
-0.000000000000000
0.000000000000000
-0.000000000000000
0.000000000000000
-0.000000000000000
0.000000000000000
-0.000000000000000
-0.000000000000000
0.000000000000000
-0.000000000000000
0.000000000000000
0.000000000000000
-0.000000000000000
0.000000000000000
0.000000000000000
-0.000000000000000
0.000000000000000
-0.000000000000000
0.000000000000000
-0.000000000000001
0.000000000000001
-0.000000000000000
-0.000000000000000
0.000000000000001
-0.000000000000001
0.000000000000001
-0.000000000000000
0.000000000000000
-0.000000000000000
0.000000000000000
