18.847739450869720912
16.234392908252541332
13.961125114084710575
11.985645083094079055
10.270761749529839335
8.783782472236129735
7.495981299200620285
6.382129006841045893
5.420077833613240692
4.590394630311905644
3.876036862006493333
3.262066528973691426
2.735397635201918920
2.284573331008250996
1.899569298095804548
1.571620337277187085
1.293067466684862943
1.057223146548502912
0.858252519956346660
0.691068801353946105
0.551241159354215693
0.434913630833207498
0.338733772016720447
0.259789901766557696
0.195555924721608626
0.143842839264723438
0.102756139182510212
0.070658409880776152
0.046136501461953860
0.027972733059630106
0.015119646621715221
0.006677884780804527
0.001876817384614482
0.000057585423379303
0.000658270143356288
0.003200929660259588
0.007280275901626720
0.012553791672229392
0.018733111459027590
0.025576510632949051
0.032882366284044395
0.040483469328011251
0.048242081997062897
0.056045647599358761
0.063803070695998082
0.071441495777631453
0.078903521278802208
0.086144793484186327
0.093131931678218580
0.099840741875506900
0.106254681738921331
0.112363543929316981
0.118162329209839850
0.123650284214387660
0.128830081942173880
0.133707125809836624
0.138288960524541371
0.142584775176159695
0.146604985819296624
0.150360886457976684
0.153864358784808031
0.157127632286810648
0.160163087433334128
0.162983095626584834
0.165599890438971886
0.168025465398522228
0.170271494227017262
0.172349269996726395
0.174269660160749490
0.176043074837921004
0.177679446103790495
0.179188216361266278
0.180578334144137709
0.181858255949200021
0.183035952902770443
0.184118921249110307
0.185114195805260034
0.186028365662219197
0.186867591529031263
0.187637624216600685
0.188343823844105140
0.188991179424534583
0.189584328548826092
0.190127576941693605
0.190624917707825497
0.191080050125727208
0.191496397879073382
0.191877126642832851
0.192225160964361125
0.192543200398749420
0.192833734873520790
0.193099059270750356
0.193341287225266584
0.193562364146123128
0.193764079475325701
0.193948078203119767
0.194115871663227357
0.194268847634459507
0.194408279777299853
0.194535336435498807
0.194651088833562053
0.194756518701374282
0.194852525357152667
0.194939932279562272
0.195019493199205501
