0.000000000000000
0.000000000000000
0.000000000000000
0.000000000000000
0.000000000000001
0.000000000000000
-0.000000000000000
-0.000000000000000
-0.000000000000000
-0.000000000000000
-0.000000000000000
-0.000000000000001
-0.000000000000001
-0.000000000000000
0.000000000000000
0.000000000000000
0.000000000000000
0.000000000000000
-0.000000000000000
-0.000000000000000
0.000000000000000
-0.000000000000000
-0.000000000000000
0.000000000000000
0.000000000000000
-0.000000000000000
0.000000000000000
0.000000000000000
-0.000000000000000
-0.000000000000001
-0.000000000000001
-0.000000000000001
-0.000000000000001
-0.000000000000002
-0.000000000000002
-0.000000000000001
-0.000000000000001
-0.000000000000001
-0.000000000000000
-0.000000000000000
-0.000000000000000
-0.000000000000000
0.000000000000000
-0.000000000000000
0.000000000000000
0.000000000000001
0.000000000000001
0.000000000000001
0.000000000000001
0.000000000000001
0.000000000000001
0.000000000000001
0.000000000000001
0.000000000000001
0.000000000000001
0.000000000000001
0.000000000000001
0.000000000000001
0.000000000000001
0.000000000000000
-0.000000000000000
-0.000000000000000
-0.000000000000001
-0.000000000000001
-0.000000000000001
-0.000000000000001
-0.000000000000001
-0.000000000000001
-0.000000000000001
-0.000000000000001
-0.000000000000001
-0.000000000000001
-0.000000000000001
-0.000000000000001
-0.000000000000000
0.000000000000000
-0.000000000000000
0.000000000000000
0.000000000000001
0.000000000000000
0.000000000000000
0.000000000000000
0.000000000000000
-0.000000000000000
-0.000000000000000
-0.000000000000000
-0.000000000000001
-0.000000000000001
-0.000000000000001
-0.000000000000000
-0.000000000000000
-0.000000000000001
-0.000000000000002
-0.000000000000003
-0.000000000000005
-0.000000000000008
-0.000000000000012
-0.000000000000019
-0.000000000000028
-0.000000000000041
-0.000000000000058
-0.000000000000083
-0.000000000000118
-0.000000000000168
-0.000000000000237
-0.000000000000334
-0.000000000000470
-0.000000000000661
-0.000000000000927
-0.000000000001298
-0.000000000001814
-0.000000000002531
-0.000000000003524
-0.000000000004896
-0.000000000006787
-0.000000000009389
-0.000000000012961
-0.000000000017856
-0.000000000024547
-0.000000000033675
-0.000000000046102
-0.000000000062983
-0.000000000085865
-0.000000000116816
-0.000000000158592
-0.000000000214855
-0.000000000290467
-0.000000000391865
-0.000000000527549
-0.000000000708723
-0.000000000950115
-0.000000001271049
-0.000000001696813
-0.000000002260426
-0.000000003004908
-0.000000003986169
-0.000000005276713
-0.000000006970337
-0.000000009188108
-0.000000012085921
-0.000000015864052
-0.000000020779187
-0.000000027159538
-0.000000035423781
-0.000000046104728
-0.000000059878831
-0.000000077602864
-0.000000100359391
-0.000000129513000
-0.000000166779628
-0.000000214311825
-0.000000274803304
-0.000000351616793
-0.000000448939949
-0.000000571974947
-0.000000727168357
-0.000000922489064
-0.000001167763310
-0.000001475077376
-0.000001859260158
-0.000002338459698
-0.000002934829919
-0.000003675346047
-0.000004592769850
-0.000005726788572
-0.000007125354491
-0.000008846255311
-0.000010958949004
-0.000013546700433
-0.000016709060772
-0.000020564734640
-0.000025254883664
-0.000030946918935
-0.000037838838365
-0.000046164168101
-0.000056197569826
-0.000068261177743
-0.000082731730053
-0.000100048559592
-0.000120722506707
-0.000145345814107
-0.000174603057984
-0.000209283161862
-0.000250292528960
-0.000298669315047
-0.000355598846418
-0.000422430166311
-0.000500693667607
-0.000592119739570
-0.000698658321492
-0.000822499216302
-0.000966092972255
-0.001132172090920
-0.001323772264890
-0.001544253289389
-0.001797319228646
-0.002087037351418
-0.002417855281221
-0.002794615736943
-0.003222568169979
-0.003707376536684
-0.004255122381611
-0.004872302350171
-0.005565819201318
-0.006342965354513
-0.007211397983385
-0.008179104664206
-0.009254358603728
-0.010445662511061
-0.011761680245210
-0.013211155466344
-0.014802816647430
-0.016545267965417
-0.018446865789406
-0.020515580717851
-0.022758845387762
-0.025183388585401
-0.027795056527736
-0.030598622554083
-0.033597586863305
-0.036793968348059
-0.040188091006835
-0.043778367848579
-0.047561085633974
-0.051530194211256
-0.055677104590976
-0.059990500250902
-0.064456166456086
-0.069056842606707
-0.073772102774189
-0.078578269641534
-0.083448367014575
-0.088352115906402
-0.093255978908320
-0.098123257140555
-0.102914243520323
-0.107586435392446
-0.112094808740524
-0.116392155240533
-0.120429482343023
-0.124156475388485
-0.127522019490327
-0.130474777582645
-0.132963819650620
-0.134939296768104
-0.136353152191039
-0.137159860429892
-0.137317183984166
-0.136786936302605
-0.135535738569089
-0.133535757140271
-0.130765407908377
-0.127210013559515
-0.122862399668439
-0.117723415833640
-0.111802368624694
-0.105117353992679
-0.097695477982778
-0.089572956076328
-0.080795083260274
-0.071416068949765
-0.061498733141312
-0.051114062609138
-0.040340628529109
-0.029263869570490
-0.017975247178771
-0.006571282422957
0.004847513663470
0.016177801918980
0.027314652554915
0.038152839896701
0.048588174353976
0.058518850390552
0.067846788454242
0.076478948450794
0.084328592423785
0.091316474640838
0.097371938282274
0.102433899366329
0.106451700399446
0.109385818474101
0.111208415104159
0.111903717933736
0.111468227518106
0.109910745586526
0.107252224485449
0.103525440792948
0.098774499317686
0.093054176776743
0.086429117318209
0.078972894654161
0.070766957842363
0.061899479653820
0.052464127951217
0.042558781553489
0.032284212658751
0.021742758037035
0.011037000892503
0.000268484549378
-0.010463522035803
-0.021063188454483
-0.031439200084679
-0.041505733875339
-0.051183320504544
-0.060399583240263
-0.069089846432117
-0.077197609200680
-0.084674882507884
-0.091482390331757
-0.097589638078866
-0.102974853601906
-0.107624808207605
-0.111534526808373
-0.114706897864369
-0.117152194963374
-0.118887522784080
-0.119936200782286
-0.120327098234158
-0.120093934278173
-0.119274556335712
-0.117910209782569
-0.116044811017415
-0.113724235159189
-0.110995628536440
-0.107906754941996
-0.104505383350631
-0.100838723469477
-0.096952914143374
-0.092892568300579
-0.088700376825991
-0.084416772513773
-0.080079654099985
-0.075724169325764
-0.071382555046062
-0.067084031587486
-0.062854747877044
-0.058717773313938
-0.054693131937686
-0.050797874154104
-0.047046181109229
-0.043449496741762
-0.040016682586532
-0.036754190533404
-0.033666248955547
-0.030755057895081
-0.028020989320181
-0.025462788832777
-0.023077775598208
-0.020862037676008
-0.018810620344244
-0.016917705419100
-0.015176779968677
-0.013580793198564
-0.012122300640899
-0.010793595104321
-0.009586824136156
-0.008494094008491
-0.007507560465455
-0.006619506660118
-0.005822408866464
-0.005108990676533
-0.004472266486802
-0.003905575143678
-0.003402604658175
-0.002957408917302
-0.002564417317444
-0.002218438225841
-0.001914657143238
-0.001648630396555
-0.001416275137636
-0.001213856365189
-0.001037971624032
-0.000885533970722
-0.000753753729070
-0.000640119494496
-0.000542378783673
-0.000458518666436
-0.000386746661218
-0.000325472123688
-0.000273288311304
-0.000228955264221
-0.000191383605440
-0.000159619330235
-0.000132829626543
-0.000110289743960
-0.000091370908880
-0.000075529266919
-0.000062295820737
-0.000051267321237
-0.000042098062668
-0.000034492527014
-0.000028198819790
-0.000023002837822
-0.000018723109349
-0.000015206247720
-0.000012322961679
-0.000009964567687
-0.000008039952638
-0.000006472938566
-0.000005200004392
-0.000004168323300
-0.000003334077862
-0.000002661018535
-0.000002119234492
-0.000001684108946
-0.000001335434157
-0.000001056664096
-0.000000834285342
-0.000000657289145
-0.000000516729740
-0.000000405355946
-0.000000317304806
-0.000000247847567
-0.000000193179685
-0.000000150247717
-0.000000116607042
-0.000000090305240
-0.000000069786787
-0.000000053815365
-0.000000041410740
-0.000000031797577
-0.000000024364086
-0.000000018628675
-0.000000014213149
-0.000000010821208
-0.000000008221271
-0.000000006232763
-0.000000004715213
-0.000000003559604
-0.000000002681529
-0.000000002015784
-0.000000001512122
-0.000000001131911
-0.000000000845511
-0.000000000630246
-0.000000000468797
-0.000000000347971
-0.000000000257742
-0.000000000190509
-0.000000000140517
-0.000000000103425
-0.000000000075965
-0.000000000055678
-0.000000000040724
-0.000000000029724
-0.000000000021649
-0.000000000015735
-0.000000000011413
-0.000000000008260
-0.000000000005966
-0.000000000004300
-0.000000000003093
-0.000000000002220
-0.000000000001590
-0.000000000001136
-0.000000000000811
-0.000000000000577
-0.000000000000410
-0.000000000000291
-0.000000000000205
-0.000000000000145
-0.000000000000102
-0.000000000000072
-0.000000000000050
-0.000000000000035
-0.000000000000025
-0.000000000000017
-0.000000000000012
-0.000000000000008
-0.000000000000006
-0.000000000000004
-0.000000000000003
-0.000000000000002
-0.000000000000001
-0.000000000000001
-0.000000000000001
-0.000000000000001
-0.000000000000000
0.000000000000000
-0.000000000000000
-0.000000000000000
0.000000000000000
-0.000000000000000
-0.000000000000000
0.000000000000000
0.000000000000000
-0.000000000000000
-0.000000000000000
0.000000000000001
-0.000000000000000
-0.000000000000000
0.000000000000000
0.000000000000000
-0.000000000000000
0.000000000000000
0.000000000000000
-0.000000000000000
-0.000000000000000
0.000000000000000
-0.000000000000000
-0.000000000000000
0.000000000000000
0.000000000000000
-0.000000000000000
-0.000000000000000
0.000000000000000
-0.000000000000000
-0.000000000000000
0.000000000000000
-0.000000000000000
-0.000000000000000
0.000000000000000
-0.000000000000000
0.000000000000000
-0.000000000000000
0.000000000000000
-0.000000000000000
0.000000000000000
0.000000000000000
-0.000000000000000
-0.000000000000000
0.000000000000000
-0.000000000000000
-0.000000000000000
0.000000000000000
0.000000000000000
-0.000000000000000
-0.000000000000000
0.000000000000000
-0.000000000000000
-0.000000000000000
0.000000000000000
-0.000000000000000
-0.000000000000000
-0.000000000000000
0.000000000000000
-0.000000000000000
-0.000000000000000
0.000000000000000
0.000000000000000
-0.000000000000000
-0.000000000000000
0.000000000000000
-0.000000000000000
-0.000000000000000
0.000000000000000
-0.000000000000000
-0.000000000000000
0.000000000000000
0.000000000000000
0.000000000000000
-0.000000000000000
0.000000000000000
-0.000000000000000
-0.000000000000000
0.000000000000000
0.000000000000000
0.000000000000000
-0.000000000000000
0.000000000000000
0.000000000000000
-0.000000000000000
0.000000000000000
0.000000000000000
-0.000000000000000
0.000000000000000
0.000000000000000
-0.000000000000000
-0.000000000000000
0.000000000000000
0.000000000000000
-0.000000000000000
-0.000000000000000
0.000000000000000
-0.000000000000000
-0.000000000000000
0.000000000000000
0.000000000000000
-0.000000000000000
0.000000000000000
0.000000000000000
-0.000000000000000
-0.000000000000000
0.000000000000000
-0.000000000000000
0.000000000000000
-0.000000000000000
0.000000000000000
-0.000000000000000
-0.000000000000000
0.000000000000000
-0.000000000000000
-0.000000000000000
0.000000000000000
-0.000000000000000
-0.000000000000000
-0.000000000000000
0.000000000000000
-0.000000000000000
-0.000000000000000
-0.000000000000000
0.000000000000000
-0.000000000000000
0.000000000000000
0.000000000000000
0.000000000000000
-0.000000000000000
0.000000000000000
0.000000000000000
-0.000000000000000
0.000000000000000
0.000000000000000
-0.000000000000000
-0.000000000000000
0.000000000000000
-0.000000000000000
-0.000000000000000
0.000000000000000
0.000000000000000
-0.000000000000000
0.000000000000000
0.000000000000000
-0.000000000000000
0.000000000000000
-0.000000000000000
0.000000000000000
-0.000000000000000
0.000000000000000
-0.000000000000000
0.000000000000000
-0.000000000000000
-0.000000000000000
0.000000000000000
-0.000000000000000
-0.000000000000000
-0.000000000000000
0.000000000000000
-0.000000000000000
-0.000000000000000
0.000000000000000
-0.000000000000000
-0.000000000000000
0.000000000000000
-0.000000000000000
-0.000000000000000
0.000000000000000
-0.000000000000000
0.000000000000000
-0.000000000000000
0.000000000000000
-0.000000000000000
0.000000000000000
-0.000000000000000
0.000000000000000
0.000000000000000
-0.000000000000000
-0.000000000000000
0.000000000000000
-0.000000000000000
0.000000000000000
-0.000000000000000
0.000000000000000
0.000000000000000
-0.000000000000000
-0.000000000000000
0.000000000000000
-0.000000000000000
-0.000000000000000
0.000000000000000
0.000000000000000
-0.000000000000000
0.000000000000000
0.000000000000000
-0.000000000000000
-0.000000000000000
0.000000000000000
-0.000000000000000
-0.000000000000000
0.000000000000000
0.000000000000000
-0.000000000000000
0.000000000000000
0.000000000000000
0.000000000000000
-0.000000000000000
0.000000000000000
-0.000000000000000
-0.000000000000000
0.000000000000000
0.000000000000000
-0.000000000000000
-0.000000000000000
0.000000000000000
0.000000000000000
-0.000000000000000
0.000000000000000
-0.000000000000000
-0.000000000000000
0.000000000000000
-0.000000000000000
0.000000000000000
0.000000000000000
-0.000000000000000
-0.000000000000000
0.000000000000000
0.000000000000000
-0.000000000000000
-0.000000000000000
0.000000000000000
-0.000000000000000
-0.000000000000000
-0.000000000000000
0.000000000000000
0.000000000000000
-0.000000000000000
-0.000000000000000
0.000000000000000
-0.000000000000000
-0.000000000000000
0.000000000000000
-0.000000000000000
-0.000000000000000
0.000000000000000
-0.000000000000000
-0.000000000000000
0.000000000000000
-0.000000000000000
-0.000000000000000
0.000000000000000
-0.000000000000000
-0.000000000000000
0.000000000000000
0.000000000000000
-0.000000000000000
-0.000000000000000
0.000000000000000
-0.000000000000000
-0.000000000000000
0.000000000000000
-0.000000000000000
-0.000000000000000
0.000000000000000
-0.000000000000000
0.000000000000000
0.000000000000000
-0.000000000000000
-0.000000000000000
-0.000000000000000
0.000000000000000
0.000000000000000
-0.000000000000000
0.000000000000000
0.000000000000000
-0.000000000000001
0.000000000000000
0.000000000000000
-0.000000000000000
-0.000000000000000
0.000000000000000
0.000000000000000
-0.000000000000000
-0.000000000000000
0.000000000000001
-0.000000000000000
-0.000000000000001
0.000000000000001
0.000000000000000
-0.000000000000001
0.000000000000000
0.000000000000000
-0.000000000000001
0.000000000000000
0.000000000000000
