-0.000000000000000000
0.000000000000000000
0.000000000000000000
0.000000000000000000
0.000000000000000000
0.000000000000000000
-0.000000000000000000
-0.000000000000000000
-0.000000000000000000
-0.000000000000000000
-0.000000000000000000
-0.000000000000000000
-0.000000000000000000
-0.000000000000000000
-0.000000000000000000
-0.000000000000000000
-0.000000000000000000
-0.000000000000000000
0.000000000000000000
0.000000000000000000
0.000000000000000000
-0.000000000000000000
-0.000000000000000000
-0.000000000000000000
-0.000000000000000000
0.000000000000000000
0.000000000000000000
0.000000000000000000
0.000000000000000000
0.000000000000000000
0.000000000000000000
0.000000000000000000
0.000000000000000000
0.000000000000000000
-0.000000000000000000
-0.000000000000000000
-0.000000000000000000
0.000000000000000000
0.000000000000000000
0.000000000000000000
0.000000000000000000
0.000000000000000000
0.000000000000000000
0.000000000000000000
0.000000000000000000
0.000000000000000000
0.000000000000000000
0.000000000000000000
0.000000000000000000
0.000000000000000000
0.000000000000000000
-0.000000000000000000
-0.000000000000000000
-0.000000000000000000
-0.000000000000000000
0.000000000000000000
0.000000000000000000
0.000000000000000000
0.000000000000000000
-0.000000000000000000
0.000000000000000000
0.000000000000000000
0.000000000000000000
0.000000000000000001
0.000000000000000002
0.000000000000000004
0.000000000000000007
0.000000000000000009
0.000000000000000016
0.000000000000000020
0.000000000000000026
0.000000000000000070
0.000000000000000047
0.000000000000000090
0.000000000000000054
0.000000000000000082
0.000000000000000089
0.000000000000000072
0.000000000000000091
0.000000000000000057
0.000000000000000024
0.000000000000000012
0.000000000000000027
0.000000000000000103
-0.000000000000000021
-0.000000000000000005
0.000000000000000026
0.000000000000000131
0.000000000000000106
-0.000000000000000017
0.000000000000000139
0.000000000000000332
0.000000000000000359
0.000000000000000071
-0.000000000000000028
0.000000000000000059
0.000000000000000057
-0.000000000000000077
0.000000000000000318
0.000000000000001632
0.000000000000004766
0.000000000000014394
0.000000000000044169
0.000000000000131788
0.000000000000380880
0.000000000001073259
0.000000000002950263
0.000000000007906258
0.000000000020647067
0.000000000052542854
0.000000000130655241
0.000000000317491187
0.000000000753608495
0.000000001746493060
0.000000003951467484
0.000000008750448540
0.000000018969361681
0.000000040239676019
0.000000083488115445
0.000000169389262463
0.000000336868117032
0.000000656834175829
0.000001255227595383
0.000002349895417365
0.000004308488747751
0.000007753215271685
0.000013698251221310
0.000023754739421105
0.000040413964422208
0.000067433458074589
0.000110564948322070
0.000178211447041041
0.000282316366830770
0.000439364294295826
0.000671507268970471
0.001009607402309050
0.001493939228047050
0.002175361679396171
0.003115814003658796
0.004388246281139437
0.006085998905406518
0.008315961695301858
0.011194530879737175
0.014840827688235711
0.019368813890998787
0.024916585277788044
0.031611026099314307
0.039551010390433780
0.048788571979145275
0.059314018419687808
0.071143367533512913
0.084230504631549144
0.098444937419768272
0.113555393761956031
0.129229029107173793
0.145220691388564860
0.161220841036951779
0.176843803100105196
0.191630506015268709
0.205073453731669492
0.216885872645112970
0.226788281855345830
0.234500165025923357
0.239748408608839420
0.242294061976399744
0.242187016327716692
0.239524346540494398
0.234429648125605544
0.227048919264101978
0.217559256077939300
0.206340125015107123
0.193769632441554929
0.180201942997585685
0.165960116870108559
0.151338284063323947
0.136694599666672995
0.122331486550297838
0.108488563128774224
0.095345824971398832
0.083031659248449213
0.071669600875979109
0.061331426527085502
0.052042543713395784
0.043791011712808504
0.036537149813615277
0.030234837708792921
0.024819580235921838
0.020214370347219981
0.016335622869107263
0.013098164219502715
0.010422337445786975
0.008231436220198641
0.006453584835985668
0.005023152932822045
0.003881556701631096
0.002978209864866103
0.002269278735815854
0.001717340938562009
0.001290918058885827
0.000963896661444192
0.000714999735407666
0.000526960168680568
0.000385916354721456
0.000280860181095472
0.000203139548360289
0.000146032969057638
0.000104352692711730
0.000074130023508306
0.000052355238287471
0.000036765019689046
0.000025671764170776
0.000017826243872640
0.000012310722672782
0.000008455972558729
0.000005777481648790
0.000003926815091954
0.000002655217997643
0.000001786280238558
0.000001195704556574
0.000000796463187275
0.000000527961636243
0.000000348305151827
0.000000228699973832
0.000000149470120607
0.000000097245615392
0.000000062984930790
0.000000040614041383
0.000000026074317672
0.000000016667800936
0.000000010610092410
0.000000006725988143
0.000000004246270474
0.000000002669900728
0.000000001672044241
0.000000001043069137
0.000000000648200432
0.000000000401284680
0.000000000247491855
0.000000000152076003
0.000000000093111281
0.000000000056806679
0.000000000034535491
0.000000000020922514
0.000000000012632370
0.000000000007601755
0.000000000004558998
0.000000000002725640
0.000000000001624518
0.000000000000964747
0.000000000000571157
0.000000000000337471
0.000000000000198598
0.000000000000116450
0.000000000000068263
0.000000000000039815
0.000000000000023152
0.000000000000013402
0.000000000000007925
0.000000000000004520
0.000000000000002457
0.000000000000001492
0.000000000000000948
0.000000000000000643
0.000000000000000080
0.000000000000000064
0.000000000000000207
0.000000000000000073
-0.000000000000000097
-0.000000000000000115
0.000000000000000281
-0.000000000000000026
-0.000000000000000111
-0.000000000000000000
0.000000000000000096
-0.000000000000000000
-0.000000000000000112
0.000000000000000205
-0.000000000000000130
0.000000000000000085
-0.000000000000000088
0.000000000000000069
-0.000000000000000034
-0.000000000000000026
0.000000000000000015
0.000000000000000054
0.000000000000000015
-0.000000000000000174
0.000000000000000218
-0.000000000000000070
-0.000000000000000148
0.000000000000000240
-0.000000000000000103
-0.000000000000000252
0.000000000000000259
-0.000000000000000037
-0.000000000000000043
-0.000000000000000018
0.000000000000000010
0.000000000000000071
-0.000000000000000288
0.000000000000000238
0.000000000000000099
-0.000000000000000423
0.000000000000000180
0.000000000000000288
-0.000000000000000378
0.000000000000000029
0.000000000000000197
-0.000000000000000028
-0.000000000000000241
0.000000000000000103
0.000000000000000128
-0.000000000000000197
-0.000000000000000002
0.000000000000000020
0.000000000000000102
-0.000000000000000023
0.000000000000000065
-0.000000000000000061
0.000000000000000069
0.000000000000000076
-0.000000000000000261
0.000000000000000114
0.000000000000000074
0.000000000000000035
-0.000000000000000108
0.000000000000000004
0.000000000000000118
-0.000000000000000136
0.000000000000000029
-0.000000000000000008
0.000000000000000045
-0.000000000000000030
-0.000000000000000098
0.000000000000000241
-0.000000000000000282
0.000000000000000144
-0.000000000000000037
0.000000000000000143
-0.000000000000000088
-0.000000000000000171
0.000000000000000384
-0.000000000000000252
0.000000000000000013
-0.000000000000000005
0.000000000000000059
-0.000000000000000002
-0.000000000000000210
0.000000000000000181
0.000000000000000161
-0.000000000000000305
0.000000000000000091
0.000000000000000163
-0.000000000000000018
-0.000000000000000250
0.000000000000000006
0.000000000000000057
-0.000000000000000014
-0.000000000000000231
0.000000000000000179
0.000000000000000199
-0.000000000000000222
0.000000000000000247
-0.000000000000000262
0.000000000000000383
0.000000000000000010
-0.000000000000000388
0.000000000000000343
0.000000000000000097
-0.000000000000000365
0.000000000000000183
-0.000000000000000005
0.000000000000000027
0.000000000000000062
-0.000000000000000097
0.000000000000000004
0.000000000000000289
-0.000000000000000330
0.000000000000000040
0.000000000000000219
-0.000000000000000147
-0.000000000000000311
0.000000000000000512
-0.000000000000000340
-0.000000000000000079
0.000000000000000257
-0.000000000000000042
-0.000000000000000201
0.000000000000000180
-0.000000000000000140
-0.000000000000000089
0.000000000000000026
-0.000000000000000105
0.000000000000000092
-0.000000000000000048
0.000000000000000065
-0.000000000000000034
-0.000000000000000134
0.000000000000000222
-0.000000000000000100
-0.000000000000000186
0.000000000000000323
-0.000000000000000076
-0.000000000000000191
0.000000000000000167
0.000000000000000021
0.000000000000000176
-0.000000000000000423
0.000000000000000219
0.000000000000000185
-0.000000000000000336
0.000000000000000022
0.000000000000000530
-0.000000000000000408
-0.000000000000000178
0.000000000000000398
-0.000000000000000076
-0.000000000000000305
0.000000000000000430
-0.000000000000000123
-0.000000000000000356
0.000000000000000486
-0.000000000000000189
-0.000000000000000135
0.000000000000000339
-0.000000000000000285
0.000000000000000173
-0.000000000000000066
-0.000000000000000023
0.000000000000000085
-0.000000000000000106
-0.000000000000000109
0.000000000000000055
0.000000000000000127
-0.000000000000000257
0.000000000000000033
0.000000000000000449
-0.000000000000000701
0.000000000000000204
0.000000000000000203
-0.000000000000000288
-0.000000000000000050
0.000000000000000170
0.000000000000000154
-0.000000000000000385
0.000000000000000442
-0.000000000000000074
-0.000000000000000299
0.000000000000000479
-0.000000000000000230
-0.000000000000000084
0.000000000000000244
-0.000000000000000350
0.000000000000000218
0.000000000000000025
-0.000000000000000137
0.000000000000000203
-0.000000000000000091
0.000000000000000317
-0.000000000000000352
0.000000000000000320
-0.000000000000000127
-0.000000000000000103
0.000000000000000029
0.000000000000000000
-0.000000000000000063
0.000000000000000033
-0.000000000000000222
0.000000000000000069
0.000000000000000052
-0.000000000000000021
-0.000000000000000373
0.000000000000000659
-0.000000000000000628
0.000000000000000334
-0.000000000000000337
0.000000000000000370
-0.000000000000000197
-0.000000000000000382
0.000000000000000572
-0.000000000000000489
0.000000000000000048
0.000000000000000423
-0.000000000000000510
0.000000000000000121
0.000000000000000345
-0.000000000000000486
0.000000000000000287
-0.000000000000000077
0.000000000000000130
0.000000000000000040
-0.000000000000000259
0.000000000000000436
0.000000000000000055
-0.000000000000000524
0.000000000000000645
-0.000000000000000398
-0.000000000000000043
0.000000000000000401
-0.000000000000000245
-0.000000000000000077
0.000000000000000282
-0.000000000000000229
-0.000000000000000053
0.000000000000000299
-0.000000000000000267
-0.000000000000000033
0.000000000000000214
-0.000000000000000168
-0.000000000000000032
0.000000000000000389
-0.000000000000000198
0.000000000000000104
0.000000000000000074
0.000000000000000182
-0.000000000000000400
0.000000000000000333
