-0.000000000000000000
-0.000000000000000000
-0.000000000000000000
-0.000000000000000000
-0.000000000000000000
0.000000000000000000
0.000000000000000000
0.000000000000000000
0.000000000000000000
0.000000000000000000
-0.000000000000000000
-0.000000000000000000
-0.000000000000000000
-0.000000000000000000
-0.000000000000000000
0.000000000000000000
0.000000000000000000
0.000000000000000000
-0.000000000000000000
0.000000000000000000
-0.000000000000000000
0.000000000000000000
0.000000000000000000
-0.000000000000000000
-0.000000000000000000
-0.000000000000000000
0.000000000000000000
0.000000000000000000
0.000000000000000000
0.000000000000000000
-0.000000000000000000
0.000000000000000000
0.000000000000000000
0.000000000000000000
-0.000000000000000000
-0.000000000000000000
-0.000000000000000000
-0.000000000000000000
-0.000000000000000000
-0.000000000000000000
-0.000000000000000000
-0.000000000000000000
-0.000000000000000000
-0.000000000000000000
-0.000000000000000000
-0.000000000000000000
-0.000000000000000000
-0.000000000000000000
-0.000000000000000000
-0.000000000000000000
-0.000000000000000000
-0.000000000000000000
-0.000000000000000000
-0.000000000000000000
-0.000000000000000000
-0.000000000000000000
-0.000000000000000000
-0.000000000000000000
-0.000000000000000000
-0.000000000000000000
0.000000000000000000
0.000000000000000000
-0.000000000000000000
-0.000000000000000001
-0.000000000000000002
-0.000000000000000003
-0.000000000000000007
-0.000000000000000008
-0.000000000000000011
-0.000000000000000009
-0.000000000000000015
-0.000000000000000017
-0.000000000000000025
-0.000000000000000040
-0.000000000000000045
-0.000000000000000022
0.000000000000000001
0.000000000000000000
-0.000000000000000017
-0.000000000000000075
-0.000000000000000081
-0.000000000000000057
-0.000000000000000010
0.000000000000000022
0.000000000000000015
0.000000000000000053
-0.000000000000000037
-0.000000000000000036
0.000000000000000027
0.000000000000000033
0.000000000000000195
0.000000000000000447
0.000000000000000324
0.000000000000000124
0.000000000000000101
0.000000000000000191
-0.000000000000000007
-0.000000000000000750
-0.000000000000002868
-0.000000000000009256
-0.000000000000028892
-0.000000000000089722
-0.000000000000271706
-0.000000000000799522
-0.000000000002287055
-0.000000000006379123
-0.000000000017348690
-0.000000000045983402
-0.000000000118734181
-0.000000000298672466
-0.000000000733932720
-0.000000001761937589
-0.000000004130542078
-0.000000009451308180
-0.000000021105482766
-0.000000046113693214
-0.000000098597146613
-0.000000206214040662
-0.000000421664452674
-0.000000842785186230
-0.000001650404149233
-0.000003167336471433
-0.000005954794430587
-0.000010961739588800
-0.000019751603385040
-0.000034910986786300
-0.000060548198616233
-0.000103010518224294
-0.000171820732848318
-0.000280880763219200
-0.000450864551124701
-0.000710916577753403
-0.001100848902333779
-0.001673208211235207
-0.002495144563446119
-0.003656638045159474
-0.005268608651741848
-0.007461908207278017
-0.010383054664895371
-0.014187394280191029
-0.019062597205344350
-0.025196940237466364
-0.032758643597197629
-0.041869208608144450
-0.052577083925357017
-0.064937387625343054
-0.078910833932877483
-0.094325880571423756
-0.110846455785177517
-0.127960013991669508
-0.145198332013968978
-0.161960428481376012
-0.177504166511030126
-0.190962781138364512
-0.201397517970592715
-0.208151994074335989
-0.210618908866332166
-0.208261964652415449
-0.200660622637256814
-0.187573183575620667
-0.169211502270857794
-0.145986435533505099
-0.118489999581127006
-0.087487890878223881
-0.053908708769970802
-0.018870494866460866
0.016482778291857271
0.051027666250250986
0.083697517028798241
0.113521073781020568
0.139744954599175825
0.161804882693311780
0.179322584971823962
0.192098057307910269
0.200104346745896555
0.203596921227311239
0.202962695307766089
0.198675378121023816
0.191260997590912390
0.181273493297096522
0.169357831658771246
0.156123259859193397
0.142117230860267757
0.127813168622878448
0.113607623322676043
0.099861711457225097
0.086849841888423804
0.074763451912657750
0.063720892327304018
0.053779777439813756
0.044963174549633153
0.037250788172889501
0.030589202291661444
0.024902202953612011
0.020099856940450179
0.016089450235186646
0.012775625400189157
0.010064692087479820
0.007867951404095642
0.006103913536382289
0.004700238384679287
0.003593119432655937
0.002727286486258612
0.002055670231305472
0.001538801155332728
0.001144139711535408
0.000845088496187143
0.000620164495729893
0.000452213426498421
0.000327685061386782
0.000235990805930368
0.000168929703123900
0.000120208570110122
0.000085041142308969
0.000059818293604052
0.000041839820578504
0.000029102801425892
0.000020132970667941
0.000013853228860430
0.000009482287737855
0.000006456944572928
0.000004374457702183
0.000002948748751747
0.000001977909264876
0.000001320322824868
0.000000877176004402
0.000000580032301062
0.000000381772683544
0.000000250138398731
0.000000163165915427
0.000000105968239780
0.000000068523702195
0.000000044121389675
0.000000028290043337
0.000000018065284454
0.000000011489554063
0.000000007278247835
0.000000004592371359
0.000000002886447127
0.000000001807411364
0.000000001127548751
0.000000000700830563
0.000000000434019762
0.000000000267825025
0.000000000164697960
0.000000000100933578
0.000000000061646790
0.000000000037524474
0.000000000022766318
0.000000000013768478
0.000000000008300534
0.000000000004988274
0.000000000002988316
0.000000000001785091
0.000000000001063155
0.000000000000631050
0.000000000000373858
0.000000000000220604
0.000000000000129730
0.000000000000076428
0.000000000000044704
0.000000000000025982
0.000000000000015174
0.000000000000008794
0.000000000000005163
0.000000000000003076
0.000000000000001593
0.000000000000000832
0.000000000000000788
0.000000000000000403
-0.000000000000000011
0.000000000000000006
0.000000000000000224
0.000000000000000260
-0.000000000000000382
-0.000000000000000048
0.000000000000000371
-0.000000000000000143
-0.000000000000000168
0.000000000000000107
0.000000000000000046
-0.000000000000000069
0.000000000000000060
0.000000000000000022
-0.000000000000000199
0.000000000000000177
0.000000000000000038
-0.000000000000000046
0.000000000000000014
0.000000000000000089
0.000000000000000096
-0.000000000000000065
-0.000000000000000040
0.000000000000000078
-0.000000000000000084
-0.000000000000000031
0.000000000000000044
0.000000000000000052
-0.000000000000000147
0.000000000000000141
-0.000000000000000190
0.000000000000000165
-0.000000000000000116
0.000000000000000159
-0.000000000000000097
-0.000000000000000009
0.000000000000000101
-0.000000000000000076
0.000000000000000162
-0.000000000000000116
-0.000000000000000016
0.000000000000000097
-0.000000000000000105
0.000000000000000053
-0.000000000000000154
0.000000000000000263
-0.000000000000000162
-0.000000000000000072
0.000000000000000130
0.000000000000000130
-0.000000000000000057
-0.000000000000000104
0.000000000000000187
0.000000000000000012
-0.000000000000000043
0.000000000000000098
-0.000000000000000094
-0.000000000000000013
0.000000000000000090
-0.000000000000000047
0.000000000000000103
-0.000000000000000048
-0.000000000000000072
0.000000000000000052
0.000000000000000025
-0.000000000000000017
-0.000000000000000103
0.000000000000000186
-0.000000000000000124
0.000000000000000049
-0.000000000000000110
0.000000000000000063
0.000000000000000069
-0.000000000000000136
-0.000000000000000103
0.000000000000000111
0.000000000000000041
-0.000000000000000111
0.000000000000000107
-0.000000000000000169
0.000000000000000257
0.000000000000000129
-0.000000000000000540
0.000000000000000258
0.000000000000000305
-0.000000000000000053
-0.000000000000000472
0.000000000000000278
0.000000000000000282
-0.000000000000000275
-0.000000000000000126
0.000000000000000147
0.000000000000000301
-0.000000000000000275
-0.000000000000000075
0.000000000000000186
0.000000000000000032
-0.000000000000000021
-0.000000000000000218
0.000000000000000229
0.000000000000000164
-0.000000000000000218
-0.000000000000000033
0.000000000000000204
0.000000000000000115
-0.000000000000000196
0.000000000000000057
0.000000000000000225
-0.000000000000000156
0.000000000000000107
-0.000000000000000009
0.000000000000000072
-0.000000000000000013
0.000000000000000007
0.000000000000000005
-0.000000000000000118
0.000000000000000172
-0.000000000000000161
0.000000000000000068
-0.000000000000000057
0.000000000000000049
-0.000000000000000005
-0.000000000000000016
0.000000000000000051
0.000000000000000138
-0.000000000000000067
-0.000000000000000185
0.000000000000000332
-0.000000000000000167
-0.000000000000000197
0.000000000000000428
-0.000000000000000185
-0.000000000000000099
0.000000000000000199
-0.000000000000000164
0.000000000000000066
-0.000000000000000049
0.000000000000000008
0.000000000000000001
0.000000000000000012
-0.000000000000000066
-0.000000000000000027
0.000000000000000319
-0.000000000000000298
0.000000000000000011
0.000000000000000180
-0.000000000000000219
0.000000000000000019
0.000000000000000118
-0.000000000000000097
0.000000000000000068
-0.000000000000000152
0.000000000000000193
-0.000000000000000050
-0.000000000000000085
0.000000000000000007
0.000000000000000098
-0.000000000000000032
-0.000000000000000069
0.000000000000000080
0.000000000000000006
-0.000000000000000068
0.000000000000000102
0.000000000000000000
0.000000000000000026
0.000000000000000077
-0.000000000000000011
-0.000000000000000144
-0.000000000000000013
0.000000000000000038
0.000000000000000144
-0.000000000000000337
0.000000000000000161
0.000000000000000175
-0.000000000000000418
0.000000000000000162
0.000000000000000256
-0.000000000000000413
0.000000000000000173
0.000000000000000292
-0.000000000000000302
0.000000000000000085
0.000000000000000200
-0.000000000000000157
-0.000000000000000042
0.000000000000000250
-0.000000000000000275
0.000000000000000151
0.000000000000000000
-0.000000000000000073
0.000000000000000157
-0.000000000000000046
-0.000000000000000164
0.000000000000000168
0.000000000000000168
-0.000000000000000394
0.000000000000000195
0.000000000000000241
-0.000000000000000554
0.000000000000000355
-0.000000000000000039
-0.000000000000000275
0.000000000000000365
-0.000000000000000249
0.000000000000000111
0.000000000000000002
0.000000000000000010
0.000000000000000063
-0.000000000000000097
0.000000000000000145
-0.000000000000000154
0.000000000000000040
-0.000000000000000016
0.000000000000000027
0.000000000000000028
-0.000000000000000338
0.000000000000000450
-0.000000000000000467
0.000000000000000208
0.000000000000000136
-0.000000000000000248
0.000000000000000187
-0.000000000000000194
0.000000000000000178
-0.000000000000000228
0.000000000000000034
0.000000000000000328
-0.000000000000000485
0.000000000000000563
-0.000000000000000178
-0.000000000000000158
0.000000000000000163
0.000000000000000102
-0.000000000000000073
0.000000000000000119
-0.000000000000000130
0.000000000000000131
-0.000000000000000178
0.000000000000000112
0.000000000000000160
-0.000000000000000332
0.000000000000000290
-0.000000000000000019
-0.000000000000000272
0.000000000000000316
-0.000000000000000150
0.000000000000000003
