-0.000000000000000000
0.000000000000000000
0.000000000000000000
0.000000000000000000
-0.000000000000000000
-0.000000000000000000
-0.000000000000000000
-0.000000000000000000
-0.000000000000000000
-0.000000000000000000
0.000000000000000000
0.000000000000000000
0.000000000000000000
0.000000000000000000
-0.000000000000000000
-0.000000000000000000
-0.000000000000000000
-0.000000000000000000
-0.000000000000000000
-0.000000000000000000
-0.000000000000000000
0.000000000000000000
0.000000000000000000
0.000000000000000000
0.000000000000000000
-0.000000000000000000
-0.000000000000000000
-0.000000000000000000
-0.000000000000000000
-0.000000000000000000
-0.000000000000000000
-0.000000000000000000
-0.000000000000000000
0.000000000000000000
0.000000000000000000
0.000000000000000000
-0.000000000000000000
-0.000000000000000000
-0.000000000000000000
-0.000000000000000000
-0.000000000000000000
-0.000000000000000000
0.000000000000000000
0.000000000000000000
0.000000000000000000
0.000000000000000000
0.000000000000000000
0.000000000000000000
0.000000000000000000
0.000000000000000000
0.000000000000000000
-0.000000000000000000
-0.000000000000000000
0.000000000000000000
0.000000000000000000
-0.000000000000000000
-0.000000000000000000
-0.000000000000000000
-0.000000000000000000
-0.000000000000000000
-0.000000000000000000
-0.000000000000000000
-0.000000000000000000
-0.000000000000000001
-0.000000000000000001
-0.000000000000000000
-0.000000000000000000
0.000000000000000003
0.000000000000000007
0.000000000000000020
0.000000000000000019
0.000000000000000032
0.000000000000000029
-0.000000000000000024
-0.000000000000000113
-0.000000000000000110
-0.000000000000000149
-0.000000000000000127
-0.000000000000000142
-0.000000000000000112
-0.000000000000000197
-0.000000000000000142
0.000000000000000010
0.000000000000000222
0.000000000000000468
0.000000000000000443
0.000000000000000344
0.000000000000000160
0.000000000000000102
0.000000000000000114
-0.000000000000000002
-0.000000000000000105
-0.000000000000000063
0.000000000000000188
0.000000000000000191
-0.000000000000000070
-0.000000000000000004
0.000000000000000756
0.000000000000003237
0.000000000000009636
0.000000000000029042
0.000000000000089182
0.000000000000270209
0.000000000000796828
0.000000000002281584
0.000000000006364643
0.000000000017309175
0.000000000045880734
0.000000000118474976
0.000000000298033676
0.000000000732393126
0.000000001758311668
0.000000004122205293
0.000000009432608267
0.000000021064566815
0.000000046026134454
0.000000098413863234
0.000000205838922935
0.000000420914231062
0.000000841319399161
0.000001647599784780
0.000003162081330444
0.000005945152981471
0.000010944431328391
0.000019721211729086
0.000034858679237338
0.000060459927493732
0.000102864517059674
0.000171584188060756
0.000280505547454903
0.000450280754122846
0.000710025310895630
0.001099514243070908
0.001671249048276789
0.002492327194213479
0.003652662900479954
0.005263103909124004
0.007454429308151864
0.010373092935993651
0.014174396410788794
0.019045966186396302
0.025176070067975988
0.032732972448322288
0.041838290259660425
0.052540671097388005
0.064895446469487819
0.078863620677581070
0.094274022039860725
0.110791020777407420
0.127902556938654183
0.145140797995100462
0.161905123940863899
0.177453700938361686
0.190919968422762681
0.201365231938357730
0.208132937931246015
0.210615448972596153
0.208275964114987999
0.200693280032968352
0.187624892914564162
0.169281810245303949
0.146074024388695323
0.118592712224954197
0.087602800787224960
0.054032241793963494
0.018998715242041591
-0.016353970831994417
-0.050902343726377565
-0.083579537672582777
-0.113413906731612085
-0.139651443878332282
-0.161727156373712488
-0.179262014219862487
-0.192055256060466362
-0.200079206256155856
-0.203588660213058520
-0.202969972476805899
-0.198696419188503531
-0.191293725260921116
-0.181315653933414034
-0.169407132650694403
-0.156177477001718329
-0.142174292144414960
-0.127871214790965526
-0.113665047866721339
-0.099917202410385444
-0.086902382756932919
-0.074812306037343013
-0.063765576417209674
-0.053820029054393849
-0.044998927154719259
-0.037282131607745635
-0.030616344003579651
-0.024925432688935868
-0.020119516278094371
-0.016105910918774020
-0.012789267728313491
-0.010075888162881748
-0.007877053103767359
-0.006111244633527486
-0.004706090926783479
-0.003597751518475022
-0.002730922097167221
-0.002058500599457362
-0.001540987163225000
-0.001145815029990776
-0.000846362784940110
-0.000621126648444402
-0.000452934698997179
-0.000328221969415292
-0.000236387735634848
-0.000169221180885956
-0.000120421206493558
-0.000085195266465707
-0.000059929304470082
-0.000041919285220911
-0.000029159340146810
-0.000020172958825300
-0.000013881346727076
-0.000009501946543947
-0.000006470612320982
-0.000004383907907706
-0.000002955247515073
-0.000001982354672593
-0.000001323347931789
-0.000000879224105614
-0.000000581411970487
-0.000000382697480920
-0.000000250755287685
-0.000000163575468352
-0.000000106238874640
-0.000000068701718234
-0.000000044237953999
-0.000000028366028041
-0.000000018114603298
-0.000000011521429250
-0.000000007298761868
-0.000000004605517867
-0.000000002894837938
-0.000000001812745610
-0.000000001130925831
-0.000000000702961478
-0.000000000435358333
-0.000000000268662771
-0.000000000165220532
-0.000000000101258733
-0.000000000061847585
-0.000000000037649167
-0.000000000022842123
-0.000000000013815492
-0.000000000008329238
-0.000000000005005882
-0.000000000002998639
-0.000000000001791336
-0.000000000001067129
-0.000000000000633890
-0.000000000000374718
-0.000000000000221085
-0.000000000000130871
-0.000000000000076775
-0.000000000000044471
-0.000000000000026013
-0.000000000000015376
-0.000000000000009217
-0.000000000000004840
-0.000000000000002839
-0.000000000000001761
-0.000000000000001226
-0.000000000000000451
-0.000000000000000352
-0.000000000000000106
-0.000000000000000098
-0.000000000000000207
-0.000000000000000002
-0.000000000000000152
0.000000000000000293
0.000000000000000021
-0.000000000000000527
0.000000000000000379
0.000000000000000140
-0.000000000000000080
-0.000000000000000179
0.000000000000000056
0.000000000000000246
-0.000000000000000097
-0.000000000000000205
0.000000000000000082
0.000000000000000208
-0.000000000000000212
0.000000000000000125
-0.000000000000000047
-0.000000000000000095
0.000000000000000210
-0.000000000000000293
0.000000000000000079
0.000000000000000004
0.000000000000000084
-0.000000000000000210
0.000000000000000031
0.000000000000000296
-0.000000000000000326
0.000000000000000083
0.000000000000000190
0.000000000000000148
-0.000000000000000374
0.000000000000000031
0.000000000000000262
-0.000000000000000194
-0.000000000000000142
0.000000000000000222
-0.000000000000000057
-0.000000000000000095
0.000000000000000064
0.000000000000000015
0.000000000000000043
-0.000000000000000055
-0.000000000000000044
0.000000000000000205
-0.000000000000000085
-0.000000000000000033
0.000000000000000132
-0.000000000000000019
0.000000000000000258
-0.000000000000000496
0.000000000000000284
0.000000000000000478
-0.000000000000000621
0.000000000000000077
0.000000000000000240
-0.000000000000000077
-0.000000000000000121
-0.000000000000000043
0.000000000000000190
-0.000000000000000021
-0.000000000000000054
-0.000000000000000364
0.000000000000000340
0.000000000000000038
-0.000000000000000181
-0.000000000000000148
0.000000000000000287
0.000000000000000004
-0.000000000000000451
0.000000000000000080
0.000000000000000195
-0.000000000000000199
-0.000000000000000182
0.000000000000000244
0.000000000000000132
-0.000000000000000344
0.000000000000000314
-0.000000000000000076
-0.000000000000000141
0.000000000000000129
-0.000000000000000267
0.000000000000000270
0.000000000000000025
-0.000000000000000317
0.000000000000000110
0.000000000000000295
-0.000000000000000175
-0.000000000000000196
0.000000000000000247
0.000000000000000094
-0.000000000000000278
0.000000000000000100
0.000000000000000291
-0.000000000000000176
-0.000000000000000093
0.000000000000000136
0.000000000000000111
-0.000000000000000171
-0.000000000000000041
0.000000000000000119
0.000000000000000076
-0.000000000000000318
0.000000000000000046
0.000000000000000376
-0.000000000000000017
-0.000000000000000449
0.000000000000000329
0.000000000000000335
-0.000000000000000611
-0.000000000000000000
0.000000000000000551
-0.000000000000000315
-0.000000000000000231
0.000000000000000394
0.000000000000000018
-0.000000000000000358
0.000000000000000179
0.000000000000000260
-0.000000000000000435
0.000000000000000087
0.000000000000000311
-0.000000000000000311
0.000000000000000050
0.000000000000000100
0.000000000000000055
-0.000000000000000163
0.000000000000000198
0.000000000000000109
-0.000000000000000330
0.000000000000000482
-0.000000000000000199
-0.000000000000000000
0.000000000000000213
-0.000000000000000195
-0.000000000000000056
0.000000000000000202
-0.000000000000000101
-0.000000000000000098
0.000000000000000236
-0.000000000000000105
-0.000000000000000204
0.000000000000000287
-0.000000000000000112
-0.000000000000000121
0.000000000000000125
-0.000000000000000032
0.000000000000000016
-0.000000000000000003
-0.000000000000000074
0.000000000000000104
-0.000000000000000076
-0.000000000000000125
0.000000000000000080
0.000000000000000204
-0.000000000000000137
-0.000000000000000148
0.000000000000000379
-0.000000000000000201
-0.000000000000000171
0.000000000000000161
0.000000000000000197
-0.000000000000000322
0.000000000000000143
0.000000000000000193
-0.000000000000000221
0.000000000000000092
-0.000000000000000232
0.000000000000000390
-0.000000000000000280
-0.000000000000000010
0.000000000000000235
-0.000000000000000531
0.000000000000000295
0.000000000000000143
-0.000000000000000238
0.000000000000000076
0.000000000000000412
-0.000000000000000534
0.000000000000000183
0.000000000000000333
-0.000000000000000544
0.000000000000000130
0.000000000000000309
-0.000000000000000290
-0.000000000000000158
0.000000000000000411
0.000000000000000030
-0.000000000000000162
0.000000000000000109
0.000000000000000415
-0.000000000000000822
0.000000000000000806
-0.000000000000000080
-0.000000000000000631
0.000000000000000673
-0.000000000000000419
0.000000000000000049
0.000000000000000330
-0.000000000000000470
0.000000000000000140
0.000000000000000164
-0.000000000000000396
0.000000000000000252
0.000000000000000344
-0.000000000000000556
0.000000000000000313
0.000000000000000038
-0.000000000000000202
0.000000000000000244
-0.000000000000000265
0.000000000000000272
-0.000000000000000177
-0.000000000000000046
0.000000000000000363
-0.000000000000000458
-0.000000000000000041
0.000000000000000428
-0.000000000000000373
0.000000000000000111
0.000000000000000220
-0.000000000000000269
0.000000000000000363
-0.000000000000000195
0.000000000000000265
-0.000000000000000156
0.000000000000000165
-0.000000000000000477
0.000000000000000590
-0.000000000000000781
0.000000000000000392
-0.000000000000000081
-0.000000000000000249
0.000000000000000328
-0.000000000000000354
0.000000000000000264
0.000000000000000133
-0.000000000000000361
0.000000000000000359
-0.000000000000000139
-0.000000000000000229
0.000000000000000488
-0.000000000000000547
0.000000000000000327
