0.000000000000000000
0.000000000000000000
0.000000000000000000
0.000000000000000000
0.000000000000000000
-0.000000000000000000
-0.000000000000000000
-0.000000000000000000
-0.000000000000000000
-0.000000000000000000
-0.000000000000000000
0.000000000000000000
0.000000000000000000
0.000000000000000000
0.000000000000000000
0.000000000000000000
0.000000000000000000
0.000000000000000000
-0.000000000000000000
-0.000000000000000000
-0.000000000000000000
-0.000000000000000000
0.000000000000000000
0.000000000000000000
0.000000000000000000
0.000000000000000000
-0.000000000000000000
-0.000000000000000000
-0.000000000000000000
-0.000000000000000000
-0.000000000000000000
-0.000000000000000000
0.000000000000000000
0.000000000000000000
0.000000000000000000
0.000000000000000000
0.000000000000000000
0.000000000000000000
-0.000000000000000000
-0.000000000000000000
-0.000000000000000000
-0.000000000000000000
-0.000000000000000000
-0.000000000000000000
-0.000000000000000000
-0.000000000000000000
-0.000000000000000000
0.000000000000000000
0.000000000000000000
0.000000000000000000
0.000000000000000000
0.000000000000000000
0.000000000000000000
0.000000000000000000
0.000000000000000000
-0.000000000000000000
-0.000000000000000000
-0.000000000000000000
0.000000000000000000
0.000000000000000000
-0.000000000000000000
-0.000000000000000000
0.000000000000000001
0.000000000000000003
0.000000000000000006
0.000000000000000012
0.000000000000000020
0.000000000000000027
0.000000000000000028
0.000000000000000016
0.000000000000000007
0.000000000000000013
0.000000000000000018
0.000000000000000003
0.000000000000000018
0.000000000000000021
0.000000000000000006
0.000000000000000042
0.000000000000000079
0.000000000000000104
0.000000000000000098
0.000000000000000134
0.000000000000000083
0.000000000000000012
-0.000000000000000196
-0.000000000000000329
-0.000000000000000276
-0.000000000000000109
-0.000000000000000004
0.000000000000000046
-0.000000000000000006
-0.000000000000000045
0.000000000000000140
0.000000000000000119
-0.000000000000000257
-0.000000000000000406
-0.000000000000000256
-0.000000000000000080
-0.000000000000000402
-0.000000000000001530
-0.000000000000004654
-0.000000000000014271
-0.000000000000043934
-0.000000000000131113
-0.000000000000379100
-0.000000000001069051
-0.000000000002939028
-0.000000000007876883
-0.000000000020571896
-0.000000000052355058
-0.000000000130196180
-0.000000000316395869
-0.000000000751057422
-0.000000001740694106
-0.000000003938601472
-0.000000008722517742
-0.000000018910026103
-0.000000040116376888
-0.000000083237624047
-0.000000168891853449
-0.000000335900399790
-0.000000654989128647
-0.000001251781497279
-0.000002343593437129
-0.000004297208434680
-0.000007733409626617
-0.000013664129912111
-0.000023697077053538
-0.000040318430313133
-0.000067278341809239
-0.000110317653271831
-0.000177824184091433
-0.000281720819296941
-0.000438465376311596
-0.000670176136674104
-0.001007670372664736
-0.001491168117034591
-0.002171465082235502
-0.003110431205351790
-0.004380945063250938
-0.006076261499141502
-0.008303187439390070
-0.011178049429838478
-0.014819925369587433
-0.019342772515734297
-0.024884680311222616
-0.031572574225504295
-0.039505433909214370
-0.048735476508365308
-0.059253273513440896
-0.071075079305144562
-0.084155071423560282
-0.098363106779569526
-0.113468308867780449
-0.129138248462765753
-0.145128046608261507
-0.161128402205878513
-0.176753834509187302
-0.191545402604581166
-0.204995651580245519
-0.216817647342115533
-0.226731660353233444
-0.234456848495385506
-0.239719701848567529
-0.242280811489012288
-0.242189550382757857
-0.239542479380830259
-0.234462703952491053
-0.227095771287313231
-0.217618381577527276
-0.206409719698277400
-0.193847700207597312
-0.180286380373473304
-0.166048790839816190
-0.151429104969369510
-0.136785641726672652
-0.122421036766062460
-0.108575149509139143
-0.095428229438966672
-0.083108920175793993
-0.071741043053612452
-0.061396637361288704
-0.052101339767148286
-0.043843401643641484
-0.036583297636811112
-0.030275044354311713
-0.024854245406674087
-0.020243957235228580
-0.016360628008824624
-0.013119093210278716
-0.010439691688414864
-0.008245696754636675
-0.006465200610247543
-0.005032533347962454
-0.003889067789164727
-0.002984174648270497
-0.002273977619745626
-0.001721013639224601
-0.001293766655434789
-0.000966089324793182
-0.000716675010499689
-0.000528230881764589
-0.000386873376924428
-0.000281575937043823
-0.000203671189065241
-0.000146425200089947
-0.000104640163941950
-0.000074339352719446
-0.000052506698291438
-0.000036873923479158
-0.000025749588070973
-0.000017881522174851
-0.000012349754026559
-0.000008483371581811
-0.000005796605077163
-0.000003940087352878
-0.000002664378316066
-0.000001792568075780
-0.000001199997535393
-0.000000799378811376
-0.000000529931573072
-0.000000349629348673
-0.000000229585628550
-0.000000150059544298
-0.000000097635998231
-0.000000063242255990
-0.000000040782862335
-0.000000026184562082
-0.000000016739464757
-0.000000010656470371
-0.000000006755870847
-0.000000004265440982
-0.000000002682146606
-0.000000001679834257
-0.000000001048003834
-0.000000000651313724
-0.000000000403241418
-0.000000000248716694
-0.000000000152839614
-0.000000000093585166
-0.000000000057100289
-0.000000000034716755
-0.000000000021033709
-0.000000000012699984
-0.000000000007643363
-0.000000000004584425
-0.000000000002740895
-0.000000000001633574
-0.000000000000970152
-0.000000000000574844
-0.000000000000339356
-0.000000000000199752
-0.000000000000117181
-0.000000000000068277
-0.000000000000040320
-0.000000000000023542
-0.000000000000012980
-0.000000000000007886
-0.000000000000004806
-0.000000000000002446
-0.000000000000001465
-0.000000000000000886
-0.000000000000000320
-0.000000000000000640
-0.000000000000000132
0.000000000000000239
-0.000000000000000142
-0.000000000000000198
-0.000000000000000011
0.000000000000000250
-0.000000000000000080
-0.000000000000000334
0.000000000000000007
0.000000000000000459
-0.000000000000000250
-0.000000000000000366
0.000000000000000340
0.000000000000000073
-0.000000000000000149
0.000000000000000037
-0.000000000000000053
0.000000000000000076
0.000000000000000111
-0.000000000000000158
0.000000000000000133
-0.000000000000000127
0.000000000000000069
0.000000000000000090
-0.000000000000000244
0.000000000000000059
0.000000000000000227
-0.000000000000000421
0.000000000000000199
0.000000000000000101
-0.000000000000000185
-0.000000000000000038
0.000000000000000318
-0.000000000000000274
-0.000000000000000025
0.000000000000000364
-0.000000000000000274
0.000000000000000022
0.000000000000000145
-0.000000000000000177
0.000000000000000088
0.000000000000000004
-0.000000000000000136
0.000000000000000087
0.000000000000000054
-0.000000000000000087
0.000000000000000029
-0.000000000000000028
0.000000000000000058
0.000000000000000000
-0.000000000000000034
-0.000000000000000080
0.000000000000000143
-0.000000000000000046
-0.000000000000000151
0.000000000000000171
-0.000000000000000066
0.000000000000000049
-0.000000000000000190
0.000000000000000285
0.000000000000000027
-0.000000000000000244
0.000000000000000019
0.000000000000000296
-0.000000000000000254
-0.000000000000000108
0.000000000000000169
-0.000000000000000078
-0.000000000000000051
0.000000000000000124
-0.000000000000000187
-0.000000000000000031
0.000000000000000378
-0.000000000000000365
-0.000000000000000210
0.000000000000000576
-0.000000000000000185
-0.000000000000000373
0.000000000000000437
0.000000000000000070
-0.000000000000000377
0.000000000000000147
0.000000000000000074
-0.000000000000000042
-0.000000000000000086
0.000000000000000037
0.000000000000000063
0.000000000000000046
-0.000000000000000136
0.000000000000000241
0.000000000000000113
-0.000000000000000271
0.000000000000000193
0.000000000000000072
-0.000000000000000206
0.000000000000000072
0.000000000000000072
-0.000000000000000233
0.000000000000000383
-0.000000000000000298
-0.000000000000000004
0.000000000000000230
-0.000000000000000400
0.000000000000000082
0.000000000000000151
-0.000000000000000101
-0.000000000000000061
0.000000000000000013
0.000000000000000248
-0.000000000000000169
-0.000000000000000023
0.000000000000000184
-0.000000000000000002
-0.000000000000000105
-0.000000000000000074
0.000000000000000173
-0.000000000000000022
-0.000000000000000184
-0.000000000000000039
0.000000000000000164
0.000000000000000034
-0.000000000000000186
0.000000000000000038
0.000000000000000166
-0.000000000000000073
-0.000000000000000163
0.000000000000000143
0.000000000000000086
-0.000000000000000209
0.000000000000000022
0.000000000000000128
-0.000000000000000044
-0.000000000000000124
0.000000000000000003
0.000000000000000090
-0.000000000000000180
0.000000000000000057
0.000000000000000012
-0.000000000000000003
0.000000000000000012
0.000000000000000011
0.000000000000000095
-0.000000000000000101
0.000000000000000070
-0.000000000000000015
-0.000000000000000019
-0.000000000000000160
0.000000000000000213
-0.000000000000000047
-0.000000000000000268
0.000000000000000445
-0.000000000000000017
-0.000000000000000293
0.000000000000000134
0.000000000000000152
-0.000000000000000290
0.000000000000000046
0.000000000000000243
-0.000000000000000203
0.000000000000000050
0.000000000000000001
-0.000000000000000088
0.000000000000000235
-0.000000000000000163
-0.000000000000000052
0.000000000000000307
-0.000000000000000241
-0.000000000000000132
0.000000000000000224
-0.000000000000000084
-0.000000000000000247
0.000000000000000237
-0.000000000000000177
0.000000000000000046
-0.000000000000000028
-0.000000000000000002
0.000000000000000015
0.000000000000000093
-0.000000000000000137
0.000000000000000063
0.000000000000000050
-0.000000000000000141
0.000000000000000116
0.000000000000000033
-0.000000000000000132
0.000000000000000275
-0.000000000000000232
0.000000000000000036
0.000000000000000251
-0.000000000000000186
0.000000000000000063
0.000000000000000272
-0.000000000000000398
0.000000000000000117
0.000000000000000110
-0.000000000000000286
0.000000000000000092
-0.000000000000000001
0.000000000000000031
0.000000000000000091
-0.000000000000000276
0.000000000000000289
-0.000000000000000193
-0.000000000000000069
0.000000000000000065
0.000000000000000086
-0.000000000000000042
-0.000000000000000056
0.000000000000000189
-0.000000000000000134
0.000000000000000056
-0.000000000000000224
0.000000000000000441
-0.000000000000000577
0.000000000000000276
0.000000000000000307
-0.000000000000000548
0.000000000000000153
0.000000000000000172
-0.000000000000000584
0.000000000000000477
-0.000000000000000299
0.000000000000000035
0.000000000000000371
-0.000000000000000594
0.000000000000000737
-0.000000000000000465
-0.000000000000000175
0.000000000000000530
-0.000000000000000703
0.000000000000000174
0.000000000000000325
-0.000000000000000331
0.000000000000000007
0.000000000000000302
0.000000000000000208
-0.000000000000000405
0.000000000000000324
0.000000000000000297
-0.000000000000001159
0.000000000000001057
-0.000000000000000236
-0.000000000000000783
0.000000000000001258
-0.000000000000000691
-0.000000000000000253
0.000000000000000731
-0.000000000000000455
-0.000000000000000159
0.000000000000000308
0.000000000000000121
-0.000000000000000653
0.000000000000000569
