0.000000000000000
0.000000000000000
-0.000000000000000
0.000000000000000
0.000000000000000
0.000000000000000
-0.000000000000000
-0.000000000000000
0.000000000000000
0.000000000000000
0.000000000000000
0.000000000000000
0.000000000000000
0.000000000000000
-0.000000000000000
-0.000000000000000
0.000000000000000
0.000000000000000
0.000000000000001
0.000000000000001
0.000000000000001
0.000000000000001
0.000000000000001
0.000000000000001
0.000000000000001
0.000000000000001
0.000000000000001
0.000000000000001
0.000000000000000
0.000000000000001
0.000000000000001
0.000000000000001
0.000000000000001
0.000000000000001
0.000000000000001
0.000000000000002
0.000000000000002
0.000000000000002
0.000000000000001
0.000000000000001
0.000000000000001
0.000000000000000
-0.000000000000000
-0.000000000000001
-0.000000000000001
-0.000000000000001
-0.000000000000000
0.000000000000000
0.000000000000001
0.000000000000001
0.000000000000001
0.000000000000001
0.000000000000001
0.000000000000001
0.000000000000000
-0.000000000000000
-0.000000000000000
-0.000000000000001
-0.000000000000001
-0.000000000000000
-0.000000000000001
-0.000000000000000
-0.000000000000001
-0.000000000000001
-0.000000000000000
-0.000000000000000
-0.000000000000000
-0.000000000000000
-0.000000000000000
-0.000000000000000
0.000000000000000
0.000000000000000
0.000000000000001
0.000000000000001
0.000000000000001
0.000000000000001
0.000000000000001
0.000000000000001
0.000000000000001
0.000000000000001
0.000000000000001
0.000000000000001
0.000000000000000
-0.000000000000000
-0.000000000000000
-0.000000000000001
-0.000000000000001
-0.000000000000001
-0.000000000000001
-0.000000000000001
-0.000000000000001
-0.000000000000001
-0.000000000000001
-0.000000000000000
-0.000000000000000
0.000000000000000
-0.000000000000000
-0.000000000000000
0.000000000000000
-0.000000000000000
-0.000000000000000
-0.000000000000000
0.000000000000001
0.000000000000002
0.000000000000003
0.000000000000005
0.000000000000007
0.000000000000009
0.000000000000012
0.000000000000017
0.000000000000022
0.000000000000031
0.000000000000044
0.000000000000062
0.000000000000086
0.000000000000120
0.000000000000167
0.000000000000233
0.000000000000323
0.000000000000449
0.000000000000622
0.000000000000860
0.000000000001186
0.000000000001634
0.000000000002247
0.000000000003083
0.000000000004222
0.000000000005770
0.000000000007871
0.000000000010714
0.000000000014554
0.000000000019731
0.000000000026696
0.000000000036046
0.000000000048574
0.000000000065325
0.000000000087674
0.000000000117433
0.000000000156976
0.000000000209411
0.000000000278800
0.000000000370433
0.000000000491190
0.000000000650004
0.000000000858432
0.000000001131411
0.000000001488195
0.000000001953546
0.000000002559246
0.000000003345992
0.000000004365783
0.000000005684915
0.000000007387717
0.000000009581224
0.000000012400983
0.000000016018270
0.000000020649024
0.000000026564879
0.000000034106765
0.000000043701624
0.000000055882906
0.000000071315631
0.000000090826966
0.000000115443429
0.000000146436028
0.000000185374914
0.000000234195357
0.000000295277177
0.000000371540148
0.000000466558259
0.000000584696193
0.000000731271912
0.000000912749810
0.000001136969548
0.000001413416406
0.000001753539798
0.000002171127457
0.000002682743782
0.000003308241834
0.000004071359637
0.000005000412596
0.000006129095111
0.000007497405805
0.000009152712130
0.000011150971522
0.000013558127673
0.000016451701894
0.000019922600862
0.000024077163291
0.000029039469218
0.000034953936495
0.000041988229790
0.000050336507814
0.000060223034486
0.000071906179335
0.000085682831471
0.000101893249883
0.000120926370531
0.000143225587576
0.000169295022141
0.000199706286974
0.000235105749343
0.000276222287252
0.000323875525660
0.000378984529605
0.000442576920141
0.000515798366572
0.000599922394790
0.000696360436551
0.000806672028291
0.000932575050890
0.001075955883525
0.001238879325888
0.001423598123650
0.001632561912512
0.001868425376829
0.002134055400087
0.002432536966761
0.002767177559027
0.003141509777676
0.003559291905282
0.004024506121493
0.004541354076127
0.005114249525932
0.005747807746226
0.006446831439540
0.007216292880513
0.008061312060001
0.008987130622046
0.009999081425326
0.011102553606023
0.012302953071809
0.013605658416611
0.015015972312755
0.016539068510384
0.018179934653108
0.019943311202701
0.021833626853241
0.023854930905139
0.026010823160524
0.028304381991797
0.030738091323120
0.033313767348232
0.036032485885279
0.038894511338377
0.041899228294255
0.045045076828666
0.048329492629350
0.051748853058467
0.055298430276007
0.058972352525514
0.062763574643319
0.066663858791964
0.070663766337081
0.074752661684896
0.078918728775358
0.083149000784521
0.087429403430844
0.091744812105361
0.096079122857591
0.100415337070371
0.104735659450665
0.109021608753230
0.113254140443545
0.117413780299524
0.121480767752170
0.125435207577538
0.129257228380132
0.132927146154720
0.136425631083346
0.139733875619919
0.142833761839027
0.145708025980833
0.148340418111638
0.150715854841020
0.152820563091822
0.154642213008279
0.156170038209333
0.157394941747005
0.158309586311209
0.158908467429723
0.159187968641690
0.159146397870900
0.158784004487079
0.158102976814471
0.157107420122558
0.155803315408610
0.154198459551040
0.152302387671384
0.150126278786458
0.147682846056663
0.144986213137581
0.142051778316591
0.138896068261455
0.135536583321499
0.131991636402659
0.128280187484478
0.124421675859932
0.120435852158415
0.116342612159409
0.112161834321195
0.107913222837724
0.103616157900452
0.099289554683590
0.094951732394621
0.090620294540804
0.086312021360631
0.082042775161003
0.077827419089979
0.073679749665414
0.069612443175115
0.065637015867744
0.061763797668702
0.058001918984128
0.054359310001446
0.050842711758152
0.047457698133298
0.044208707819196
0.041099085254693
0.038131129446019
0.035306149566219
0.032624526208852
0.030085777174815
0.027688626691538
0.025431076999705
0.023310481292338
0.021323617052605
0.019466758908120
0.017735750198633
0.016126072539045
0.014632912748444
0.013251226606674
0.011975798990918
0.010801300034427
0.009722337036337
0.008733501934346
0.007829414229713
0.007004759325895
0.006254322307338
0.005573017243142
0.004955912151272
0.004398249802371
0.003895464578417
0.003443195630318
0.003037296600529
0.002673842192273
0.002349131876406
0.002059691030839
0.001802269806536
0.001573840008714
0.001371590272859
0.001192919803049
0.001035430925402
0.000896920692840
0.000775371759349
0.000668942722934
0.000575958117013
0.000494898210427
0.000424388756943
0.000363190816345
0.000310190751226
0.000264390486545
0.000224898103158
0.000190918821803
0.000161746420701
0.000136755117849
0.000115391938380
0.000097169577984
0.000081659765228
0.000068487118721
0.000057323489293
0.000047882772613
0.000039916173953
0.000033207903903
0.000027571281761
0.000022845221893
0.000018891077583
0.000015589816548
0.000012839502476
0.000010553057368
0.000008656280300
0.000007086099178
0.000005789033210
0.000004719845141
0.000003840363627
0.000003118457506
0.000002527145186
0.000002043823698
0.000001649603382
0.000001328735417
0.000001068120730
0.000000856889917
0.000000686044949
0.000000548154463
0.000000437095343
0.000000347834166
0.000000276242901
0.000000218943896
0.000000173179856
0.000000136705101
0.000000107694836
0.000000084669665
0.000000066432959
0.000000052019018
0.000000040650276
0.000000031702069
0.000000024673714
0.000000019164795
0.000000014855820
0.000000011492429
0.000000008872577
0.000000006836133
0.000000005256467
0.000000004033668
0.000000003089079
0.000000002360917
0.000000001800757
0.000000001370731
0.000000001041291
0.000000000789431
0.000000000597283
0.000000000450991
0.000000000339843
0.000000000255571
0.000000000191809
0.000000000143664
0.000000000107386
0.000000000080107
0.000000000059637
0.000000000044309
0.000000000032854
0.000000000024310
0.000000000017953
0.000000000013231
0.000000000009731
0.000000000007143
0.000000000005233
0.000000000003825
0.000000000002791
0.000000000002032
0.000000000001476
0.000000000001071
0.000000000000775
0.000000000000560
0.000000000000403
0.000000000000290
0.000000000000209
0.000000000000149
0.000000000000107
0.000000000000076
0.000000000000054
0.000000000000038
0.000000000000027
0.000000000000019
0.000000000000014
0.000000000000009
0.000000000000007
0.000000000000005
0.000000000000003
0.000000000000002
0.000000000000002
0.000000000000001
0.000000000000001
0.000000000000001
0.000000000000000
0.000000000000000
-0.000000000000000
0.000000000000000
0.000000000000000
-0.000000000000000
0.000000000000000
-0.000000000000000
-0.000000000000000
0.000000000000000
-0.000000000000000
-0.000000000000000
0.000000000000000
-0.000000000000000
-0.000000000000000
0.000000000000000
0.000000000000000
0.000000000000000
-0.000000000000000
0.000000000000000
0.000000000000000
-0.000000000000000
-0.000000000000000
0.000000000000000
-0.000000000000000
-0.000000000000000
0.000000000000000
-0.000000000000000
-0.000000000000000
0.000000000000000
0.000000000000000
-0.000000000000000
-0.000000000000000
0.000000000000000
-0.000000000000000
-0.000000000000000
-0.000000000000000
0.000000000000000
0.000000000000000
-0.000000000000000
0.000000000000000
0.000000000000000
-0.000000000000000
0.000000000000000
0.000000000000000
-0.000000000000000
0.000000000000000
-0.000000000000000
0.000000000000000
-0.000000000000000
0.000000000000000
0.000000000000000
-0.000000000000000
0.000000000000000
0.000000000000000
-0.000000000000000
0.000000000000000
-0.000000000000000
0.000000000000000
-0.000000000000000
0.000000000000000
-0.000000000000000
0.000000000000000
-0.000000000000000
0.000000000000000
-0.000000000000000
0.000000000000000
-0.000000000000000
0.000000000000000
0.000000000000000
0.000000000000000
-0.000000000000000
0.000000000000000
-0.000000000000000
0.000000000000000
-0.000000000000000
0.000000000000000
0.000000000000000
-0.000000000000000
0.000000000000000
0.000000000000000
-0.000000000000000
0.000000000000000
-0.000000000000000
0.000000000000000
-0.000000000000000
0.000000000000000
0.000000000000000
-0.000000000000000
0.000000000000000
0.000000000000000
-0.000000000000000
-0.000000000000000
0.000000000000000
-0.000000000000000
-0.000000000000000
0.000000000000000
0.000000000000000
-0.000000000000000
0.000000000000000
-0.000000000000000
-0.000000000000000
0.000000000000000
-0.000000000000000
-0.000000000000000
-0.000000000000000
0.000000000000000
-0.000000000000000
0.000000000000000
0.000000000000000
-0.000000000000000
0.000000000000000
-0.000000000000000
0.000000000000000
-0.000000000000000
0.000000000000000
-0.000000000000000
0.000000000000000
-0.000000000000000
-0.000000000000000
0.000000000000000
-0.000000000000000
0.000000000000000
0.000000000000000
-0.000000000000000
0.000000000000000
-0.000000000000000
0.000000000000000
-0.000000000000000
-0.000000000000000
0.000000000000000
-0.000000000000000
0.000000000000000
0.000000000000000
-0.000000000000000
-0.000000000000000
0.000000000000000
0.000000000000000
-0.000000000000000
0.000000000000000
-0.000000000000000
-0.000000000000000
0.000000000000000
-0.000000000000000
-0.000000000000000
-0.000000000000000
-0.000000000000000
-0.000000000000000
0.000000000000000
-0.000000000000000
0.000000000000000
-0.000000000000000
-0.000000000000000
0.000000000000000
-0.000000000000000
-0.000000000000000
-0.000000000000000
0.000000000000000
-0.000000000000000
0.000000000000000
-0.000000000000000
-0.000000000000000
0.000000000000000
-0.000000000000000
0.000000000000000
0.000000000000000
-0.000000000000000
-0.000000000000000
0.000000000000000
0.000000000000000
-0.000000000000000
0.000000000000000
0.000000000000000
-0.000000000000000
0.000000000000000
-0.000000000000000
0.000000000000000
-0.000000000000000
0.000000000000000
-0.000000000000000
0.000000000000000
-0.000000000000000
-0.000000000000000
0.000000000000000
-0.000000000000000
0.000000000000000
0.000000000000000
-0.000000000000000
-0.000000000000000
-0.000000000000000
0.000000000000000
-0.000000000000000
0.000000000000000
0.000000000000000
-0.000000000000000
-0.000000000000000
0.000000000000000
-0.000000000000000
0.000000000000000
0.000000000000000
0.000000000000000
-0.000000000000000
0.000000000000000
0.000000000000000
-0.000000000000000
0.000000000000000
-0.000000000000000
-0.000000000000000
-0.000000000000000
0.000000000000000
0.000000000000000
-0.000000000000000
0.000000000000000
0.000000000000000
-0.000000000000000
0.000000000000000
0.000000000000000
-0.000000000000000
0.000000000000000
0.000000000000000
-0.000000000000000
-0.000000000000000
0.000000000000000
-0.000000000000000
-0.000000000000000
0.000000000000000
-0.000000000000000
-0.000000000000000
0.000000000000000
-0.000000000000000
0.000000000000000
0.000000000000000
-0.000000000000000
0.000000000000000
-0.000000000000000
0.000000000000000
-0.000000000000000
0.000000000000000
-0.000000000000000
-0.000000000000000
-0.000000000000000
-0.000000000000000
0.000000000000000
-0.000000000000000
0.000000000000000
-0.000000000000000
-0.000000000000000
0.000000000000001
-0.000000000000000
0.000000000000000
0.000000000000000
-0.000000000000000
-0.000000000000000
0.000000000000000
0.000000000000000
-0.000000000000000
0.000000000000000
-0.000000000000000
-0.000000000000000
-0.000000000000000
-0.000000000000000
0.000000000000000
-0.000000000000000
0.000000000000000
0.000000000000000
-0.000000000000000
-0.000000000000000
0.000000000000000
-0.000000000000000
-0.000000000000000
0.000000000000000
-0.000000000000000
-0.000000000000000
0.000000000000000
0.000000000000000
-0.000000000000001
0.000000000000000
-0.000000000000000
0.000000000000000
-0.000000000000000
-0.000000000000000
0.000000000000000
-0.000000000000000
-0.000000000000000
0.000000000000000
-0.000000000000000
-0.000000000000000
-0.000000000000000
0.000000000000000
-0.000000000000000
0.000000000000000
0.000000000000000
-0.000000000000000
0.000000000000000
-0.000000000000000
0.000000000000000
-0.000000000000000
0.000000000000000
-0.000000000000000
-0.000000000000000
0.000000000000001
-0.000000000000000
0.000000000000000
-0.000000000000000
0.000000000000000
-0.000000000000000
0.000000000000000
-0.000000000000001
0.000000000000000
