0.000000000000000000
0.000000000000000000
0.000000000000000000
0.000000000000000000
0.000000000000000000
0.000000000000000000
-0.000000000000000000
-0.000000000000000000
0.000000000000000000
0.000000000000000000
0.000000000000000000
0.000000000000000000
0.000000000000000000
0.000000000000000000
0.000000000000000000
0.000000000000000000
0.000000000000000000
0.000000000000000000
0.000000000000000000
0.000000000000000000
-0.000000000000000000
-0.000000000000000000
-0.000000000000000000
-0.000000000000000000
-0.000000000000000000
-0.000000000000000000
-0.000000000000000000
-0.000000000000000000
-0.000000000000000001
-0.000000000000000000
-0.000000000000000002
0.000000000000000001
-0.000000000000000003
-0.000000000000000004
-0.000000000000000009
-0.000000000000000018
-0.000000000000000041
-0.000000000000000068
-0.000000000000000103
-0.000000000000000117
-0.000000000000000171
-0.000000000000000108
-0.000000000000000023
0.000000000000000059
0.000000000000000051
0.000000000000000088
-0.000000000000000004
-0.000000000000000132
-0.000000000000000169
-0.000000000000000078
0.000000000000000134
0.000000000000000263
0.000000000000000123
-0.000000000000000112
-0.000000000000000184
0.000000000000000063
0.000000000000000182
-0.000000000000000042
-0.000000000000000033
0.000000000000000096
-0.000000000000000024
-0.000000000000000215
-0.000000000000000149
-0.000000000000000084
-0.000000000000000155
-0.000000000000000096
-0.000000000000000071
-0.000000000000000277
-0.000000000000000175
0.000000000000000047
-0.000000000000000091
-0.000000000000000664
-0.000000000000002052
-0.000000000000007005
-0.000000000000022312
-0.000000000000070122
-0.000000000000216601
-0.000000000000648839
-0.000000000001889916
-0.000000000005357047
-0.000000000014813949
-0.000000000039966851
-0.000000000105155007
-0.000000000269689754
-0.000000000674211214
-0.000000001647056900
-0.000000003932039831
-0.000000009169231199
-0.000000020875679683
-0.000000046395919058
-0.000000100896229791
-0.000000214721683764
-0.000000446989557007
-0.000000909726574700
-0.000001809717908955
-0.000003526601928169
-0.000006733397706617
-0.000012591338200319
-0.000023047857024043
-0.000041282422084269
-0.000072503934630232
-0.000124894235280117
-0.000210937248765388
-0.000349099128161476
-0.000565908372948468
-0.000900218912999344
-0.001405748477875258
-0.002154224796510263
-0.003237783900281135
-0.004770419345695324
-0.006901188896244246
-0.009806643035322039
-0.013684538939089157
-0.018741095337351459
-0.025173702427136069
-0.033210629369503600
-0.043047474262005760
-0.054807997833862046
-0.068498705525214851
-0.083969952475590207
-0.101064743732006648
-0.119455309780088934
-0.138601285334011115
-0.157726931465017595
-0.175838854943516726
-0.192099655552403187
-0.205576881467496503
-0.215264247148416271
-0.220139592072256807
-0.219265369789725523
-0.212247049450780823
-0.198910092504633096
-0.179314781564974546
-0.153789261900562496
-0.122965059310410907
-0.087954397107256846
-0.050047537482214847
-0.010648077473100833
0.028779736546801542
0.066771394540945508
0.102003550642677243
0.133353527034023145
0.159926509438238718
0.181069194466414229
0.196384396291860275
0.205916915688658553
0.209950622699482420
0.208945840029202495
0.203487298666845756
0.194245940195798605
0.182090918740017399
0.167867665405574157
0.152348347862420602
0.136206535929669692
0.120008977614098955
0.104288712279570733
0.089446217998231117
0.075753889096260393
0.063372278315714542
0.052370951210807710
0.042774615289732532
0.034543787264552699
0.027591906480888318
0.021802416654410964
0.017043303918128038
0.013184712150469180
0.010096859536202265
0.007656045901269177
0.005748964988736602
0.004275164379260236
0.003149184102198786
0.002298397817579259
0.001662328820028449
0.001191595728051277
0.000846597304696129
0.000596267321883028
0.000416389819679121
0.000288351617596714
0.000198042563775524
0.000134905989451978
0.000091160020754554
0.000061114125944366
0.000040653707614469
0.000026836574364756
0.000017581347982241
0.000011432144350120
0.000007379137607763
0.000004728622215191
0.000003008559268073
0.000001900700146199
0.000001192458670647
0.000000743003197065
0.000000459829983781
0.000000282685832876
0.000000172644334318
0.000000104756064431
0.000000063156834196
0.000000037836555611
0.000000022526357190
0.000000013329195883
0.000000007839392762
0.000000004583070275
0.000000002663525387
0.000000001538930022
0.000000000884079125
0.000000000505011124
0.000000000286863714
0.000000000162045821
0.000000000091038228
0.000000000050873260
0.000000000028277040
0.000000000015635847
0.000000000008600969
0.000000000004706697
0.000000000002562942
0.000000000001388870
0.000000000000748788
0.000000000000401462
0.000000000000214764
0.000000000000114011
0.000000000000060079
0.000000000000031935
0.000000000000016822
0.000000000000008407
0.000000000000004768
0.000000000000002326
0.000000000000001110
0.000000000000000677
0.000000000000000482
-0.000000000000000122
0.000000000000000268
0.000000000000000235
-0.000000000000000380
0.000000000000000385
-0.000000000000000213
0.000000000000000107
-0.000000000000000006
-0.000000000000000138
0.000000000000000267
-0.000000000000000284
0.000000000000000200
0.000000000000000062
-0.000000000000000227
0.000000000000000222
-0.000000000000000117
-0.000000000000000144
0.000000000000000230
-0.000000000000000133
-0.000000000000000002
0.000000000000000122
-0.000000000000000165
0.000000000000000221
-0.000000000000000198
0.000000000000000190
-0.000000000000000074
-0.000000000000000043
-0.000000000000000076
0.000000000000000118
-0.000000000000000094
-0.000000000000000049
0.000000000000000263
-0.000000000000000269
0.000000000000000127
0.000000000000000073
-0.000000000000000041
0.000000000000000034
0.000000000000000046
0.000000000000000050
-0.000000000000000089
0.000000000000000066
0.000000000000000091
-0.000000000000000200
0.000000000000000247
-0.000000000000000079
-0.000000000000000047
-0.000000000000000013
0.000000000000000062
-0.000000000000000199
0.000000000000000226
-0.000000000000000127
-0.000000000000000082
0.000000000000000133
-0.000000000000000076
-0.000000000000000022
0.000000000000000020
-0.000000000000000007
-0.000000000000000044
-0.000000000000000043
0.000000000000000045
-0.000000000000000133
0.000000000000000151
-0.000000000000000064
-0.000000000000000085
0.000000000000000123
-0.000000000000000144
0.000000000000000022
0.000000000000000081
-0.000000000000000172
0.000000000000000307
-0.000000000000000277
0.000000000000000153
0.000000000000000097
-0.000000000000000210
0.000000000000000106
0.000000000000000024
-0.000000000000000101
0.000000000000000134
-0.000000000000000132
0.000000000000000031
0.000000000000000047
-0.000000000000000108
0.000000000000000072
-0.000000000000000004
-0.000000000000000005
0.000000000000000073
-0.000000000000000151
0.000000000000000020
0.000000000000000037
-0.000000000000000091
-0.000000000000000057
0.000000000000000004
-0.000000000000000018
-0.000000000000000006
-0.000000000000000037
-0.000000000000000022
0.000000000000000045
-0.000000000000000129
0.000000000000000166
-0.000000000000000106
0.000000000000000048
0.000000000000000050
-0.000000000000000070
0.000000000000000026
0.000000000000000057
-0.000000000000000182
0.000000000000000193
-0.000000000000000092
0.000000000000000032
0.000000000000000025
-0.000000000000000111
0.000000000000000194
-0.000000000000000060
0.000000000000000051
0.000000000000000040
-0.000000000000000136
0.000000000000000141
-0.000000000000000191
0.000000000000000192
-0.000000000000000032
0.000000000000000022
0.000000000000000118
0.000000000000000033
-0.000000000000000132
0.000000000000000167
-0.000000000000000127
0.000000000000000157
-0.000000000000000274
0.000000000000000151
-0.000000000000000117
0.000000000000000164
-0.000000000000000060
-0.000000000000000053
0.000000000000000218
-0.000000000000000061
0.000000000000000149
-0.000000000000000074
-0.000000000000000003
0.000000000000000121
0.000000000000000033
0.000000000000000008
-0.000000000000000031
0.000000000000000015
-0.000000000000000063
0.000000000000000064
-0.000000000000000119
0.000000000000000134
-0.000000000000000176
0.000000000000000187
-0.000000000000000226
0.000000000000000196
-0.000000000000000160
0.000000000000000126
0.000000000000000007
-0.000000000000000078
0.000000000000000077
-0.000000000000000152
0.000000000000000124
-0.000000000000000078
-0.000000000000000010
0.000000000000000070
-0.000000000000000032
0.000000000000000100
0.000000000000000133
-0.000000000000000106
0.000000000000000157
-0.000000000000000048
-0.000000000000000025
0.000000000000000068
-0.000000000000000028
0.000000000000000007
0.000000000000000136
-0.000000000000000249
0.000000000000000357
-0.000000000000000395
0.000000000000000250
-0.000000000000000018
-0.000000000000000132
0.000000000000000330
-0.000000000000000360
0.000000000000000327
-0.000000000000000079
-0.000000000000000154
0.000000000000000426
-0.000000000000000510
0.000000000000000499
-0.000000000000000375
0.000000000000000135
-0.000000000000000011
-0.000000000000000242
0.000000000000000195
-0.000000000000000126
0.000000000000000021
0.000000000000000118
-0.000000000000000140
0.000000000000000260
-0.000000000000000071
0.000000000000000029
0.000000000000000104
-0.000000000000000299
0.000000000000000300
-0.000000000000000358
0.000000000000000217
-0.000000000000000186
0.000000000000000048
0.000000000000000108
-0.000000000000000100
0.000000000000000180
-0.000000000000000117
0.000000000000000100
-0.000000000000000061
-0.000000000000000016
-0.000000000000000011
-0.000000000000000015
-0.000000000000000017
0.000000000000000075
-0.000000000000000049
0.000000000000000142
-0.000000000000000149
0.000000000000000210
-0.000000000000000236
0.000000000000000179
-0.000000000000000134
0.000000000000000232
0.000000000000000025
-0.000000000000000143
0.000000000000000232
-0.000000000000000377
0.000000000000000293
-0.000000000000000407
0.000000000000000318
-0.000000000000000358
0.000000000000000248
-0.000000000000000207
0.000000000000000285
-0.000000000000000389
0.000000000000000425
-0.000000000000000472
0.000000000000000378
-0.000000000000000329
0.000000000000000264
-0.000000000000000178
0.000000000000000031
0.000000000000000118
-0.000000000000000090
0.000000000000000050
0.000000000000000024
-0.000000000000000024
0.000000000000000070
-0.000000000000000071
0.000000000000000096
-0.000000000000000091
0.000000000000000031
-0.000000000000000012
-0.000000000000000025
-0.000000000000000001
0.000000000000000014
-0.000000000000000063
0.000000000000000087
-0.000000000000000094
0.000000000000000079
-0.000000000000000047
0.000000000000000017
-0.000000000000000005
0.000000000000000010
-0.000000000000000028
0.000000000000000045
-0.000000000000000053
0.000000000000000052
-0.000000000000000050
0.000000000000000058
-0.000000000000000083
0.000000000000000120
-0.000000000000000159
0.000000000000000184
-0.000000000000000186
0.000000000000000162
-0.000000000000000120
0.000000000000000074
-0.000000000000000036
0.000000000000000015
-0.000000000000000013
0.000000000000000025
-0.000000000000000046
0.000000000000000065
-0.000000000000000072
0.000000000000000063
-0.000000000000000038
