-0.000000000000000213
-0.000000000000000153
-0.000000000000000214
-0.000000000000000258
-0.000000000000000065
0.000000000000000156
0.000000000000000107
0.000000000000000065
-0.000000000000000069
0.000000000000000001
0.000000000000000171
-0.000000000000000055
0.000000000000000128
0.000000000000000332
0.000000000000000049
-0.000000000000000167
0.000000000000000154
0.000000000000000423
0.000000000000000427
0.000000000000000350
0.000000000000000458
0.000000000000000516
0.000000000000000501
0.000000000000000330
0.000000000000000335
0.000000000000000569
0.000000000000000387
0.000000000000000308
0.000000000000000485
0.000000000000000556
0.000000000000000770
0.000000000000000452
0.000000000000000329
0.000000000000000523
0.000000000000000102
-0.000000000000000008
-0.000000000000000020
-0.000000000000000172
-0.000000000000000281
-0.000000000000000296
-0.000000000000000082
-0.000000000000000051
-0.000000000000000200
0.000000000000000143
0.000000000000000324
0.000000000000000267
0.000000000000000580
0.000000000000000484
-0.000000000000000141
-0.000000000000000758
-0.000000000000002004
-0.000000000000003375
-0.000000000000006364
-0.000000000000012820
-0.000000000000024530
-0.000000000000045810
-0.000000000000086157
-0.000000000000161189
-0.000000000000297934
-0.000000000000545638
-0.000000000000989517
-0.000000000001777515
-0.000000000003166399
-0.000000000005590830
-0.000000000009784428
-0.000000000016983753
-0.000000000029236469
-0.000000000049913380
-0.000000000084502128
-0.000000000141858497
-0.000000000236253677
-0.000000000390378206
-0.000000000639969485
-0.000000001040786840
-0.000000001679076916
-0.000000002688247206
-0.000000004271740483
-0.000000006736966848
-0.000000010544179821
-0.000000016376704983
-0.000000025250785455
-0.000000038655057107
-0.000000058750472826
-0.000000088645696765
-0.000000132776510749
-0.000000197495787264
-0.000000291753733014
-0.000000428046591503
-0.000000623666116075
-0.000000902351506687
-0.000001296894201501
-0.000001851772639746
-0.000002626772069452
-0.000003701536688635
-0.000005181350404136
-0.000007206684831339
-0.000009961127682592
-0.000013682397058630
-0.000018675524886481
-0.000025328955240175
-0.000034144002154612
-0.000045752226912348
-0.000060941579961266
-0.000080685961659737
-0.000106180018672995
-0.000138917253125780
-0.000180711164517887
-0.000233740828701624
-0.000300598603113273
-0.000384344761904889
-0.000488691222439241
-0.000617978069143661
-0.000777220073329329
-0.000972147409290285
-0.001209254036280331
-0.001496197272744137
-0.001841576461227591
-0.002254911323264597
-0.002746599824079153
-0.003327891102571871
-0.004011719728354806
-0.004811955731586832
-0.005743186437229912
-0.006820470765881676
-0.008059147332948768
-0.009476526793757064
-0.011090073440839471
-0.012916850585479480
-0.014972973859473306
-0.017273228888666503
-0.019834344103727006
-0.022671416893755476
-0.025796972638401094
-0.029220152034779713
-0.032946278370221335
-0.036982704701546305
-0.041332804185309872
-0.045994761773813078
-0.050960717808042413
-0.056216602076781426
-0.061751545805850364
-0.067548944005961203
-0.073585224984537040
-0.079829267050564812
-0.086242842137634654
-0.092794085050230887
-0.099445466464554974
-0.106152743389340345
-0.112864851219008744
-0.119525086235861916
-0.126088173887499572
-0.132505413161178781
-0.138723810624441390
-0.144686376801654554
-0.150333831756778058
-0.155623793162563195
-0.160513827867585612
-0.164960578146573666
-0.168920161758443960
-0.172349947303775647
-0.175227798553494407
-0.177534224380533928
-0.179251291249763745
-0.180362816623274025
-0.180855795790627688
-0.180737767472094024
-0.180019540055058047
-0.178713863535867490
-0.176835306852703544
-0.174401174996964531
-0.171445767511638869
-0.168005113786006854
-0.164115598045474514
-0.159813649781715333
-0.155136265612778018
-0.150131810607183669
-0.144847773602486657
-0.139329628891906199
-0.133620573645927082
-0.127761890249229237
-0.121800612667513908
-0.115780656712729649
-0.109742114185294157
-0.103721204765513761
-0.097750658717976599
-0.091864886767459644
-0.086094203765350652
-0.080464571957088504
-0.074997786638794958
-0.069711924617631968
-0.064624682981230086
-0.059750009385592759
-0.055098164485007206
-0.050676044687144678
-0.046487639274109510
-0.042536090600771306
-0.038821935943886519
-0.035343311025976189
-0.032096283185823547
-0.029075235607740182
-0.026274065036003352
-0.023685356483496942
-0.021300587720638305
-0.019110384948774820
-0.017104786130416317
-0.015273880149502544
-0.013607447703605577
-0.012095098388072337
-0.010726420938263417
-0.009491125372970349
-0.008379342536397620
-0.007381465930358420
-0.006488213140877625
-0.005690687021039719
-0.004980427587017894
-0.004349523764936299
-0.003790531662665643
-0.003296482517993758
-0.002860888462236603
-0.002477742803831601
-0.002141541495892314
-0.001847230610456528
-0.001590188121403178
-0.001366205021495369
-0.001171464752296126
-0.001002530268094921
-0.000856306640765010
-0.000730016439293387
-0.000621175916305374
-0.000527571704607504
-0.000447240834755232
-0.000378444693018193
-0.000319647953088104
-0.000269498897314575
-0.000226811001087802
-0.000190546396570564
-0.000159799047358184
-0.000133780112913329
-0.000111804617687821
-0.000093279328316973
-0.000077691833985397
-0.000064600573745463
-0.000053625965347098
-0.000044442486593191
-0.000036771628178267
-0.000030375601623405
-0.000025051899061702
-0.000020628444660359
-0.000016959340095375
-0.000013921144432276
-0.000011409593563965
-0.000009336850174552
-0.000007629069264992
-0.000006224293604897
-0.000005070641051623
-0.000004124726969972
-0.000003350366979482
-0.000002717440351406
-0.000002200920403336
-0.000001780050349132
-0.000001437635227943
-0.000001159467247605
-0.000000933828093306
-0.000000751069413220
-0.000000603260450135
-0.000000483888972086
-0.000000387620919903
-0.000000310094677232
-0.000000247749544283
-0.000000197683205589
-0.000000157532133799
-0.000000125376224340
-0.000000099658096238
-0.000000079116487093
-0.000000062731440579
-0.000000049678809597
-0.000000039294216146
-0.000000031042882848
-0.000000024494969101
-0.000000019305449936
-0.000000015197587357
-0.000000011949911038
-0.000000009385430082
-0.000000007362892534
-0.000000005769711634
-0.000000004516213042
-0.000000003531121825
-0.000000002757864759
-0.000000002151593431
-0.000000001676799933
-0.000000001305384958
-0.000000001015162628
-0.000000000788635169
-0.000000000612018889
-0.000000000474469641
-0.000000000367459749
-0.000000000284296551
-0.000000000219733678
-0.000000000169664171
-0.000000000130875388
-0.000000000100857159
-0.000000000077648486
-0.000000000059723000
-0.000000000045892583
-0.000000000035231576
-0.000000000027022114
-0.000000000020706683
-0.000000000015852761
-0.000000000012125183
-0.000000000009266306
-0.000000000007074979
-0.000000000005397346
-0.000000000004113917
-0.000000000003132585
-0.000000000002383366
-0.000000000001812248
-0.000000000001376589
-0.000000000001044638
-0.000000000000792232
-0.000000000000600264
-0.000000000000454216
-0.000000000000344127
-0.000000000000260097
-0.000000000000196098
-0.000000000000147789
-0.000000000000111862
-0.000000000000084572
-0.000000000000063349
-0.000000000000047489
-0.000000000000036111
-0.000000000000026723
-0.000000000000020173
-0.000000000000015321
-0.000000000000011410
-0.000000000000008330
-0.000000000000006220
-0.000000000000004717
-0.000000000000003737
-0.000000000000002841
-0.000000000000001683
-0.000000000000001252
-0.000000000000001340
-0.000000000000001207
-0.000000000000000349
-0.000000000000000109
-0.000000000000000745
-0.000000000000000394
-0.000000000000000069
0.000000000000000343
-0.000000000000000528
-0.000000000000000362
0.000000000000000168
0.000000000000000381
-0.000000000000000407
-0.000000000000000445
0.000000000000000536
0.000000000000000041
-0.000000000000000412
0.000000000000000234
0.000000000000000181
-0.000000000000000432
0.000000000000000115
-0.000000000000000146
0.000000000000000425
0.000000000000000050
0.000000000000000068
-0.000000000000000167
-0.000000000000000309
-0.000000000000000085
0.000000000000000648
0.000000000000000127
-0.000000000000000231
-0.000000000000000158
-0.000000000000000058
0.000000000000000340
0.000000000000000150
-0.000000000000000526
0.000000000000000113
0.000000000000000389
-0.000000000000000280
-0.000000000000000162
0.000000000000000018
0.000000000000000126
0.000000000000000268
-0.000000000000000170
0.000000000000000096
0.000000000000000138
-0.000000000000000194
-0.000000000000000371
0.000000000000000096
0.000000000000000136
0.000000000000000238
-0.000000000000000408
0.000000000000000218
0.000000000000000116
-0.000000000000000138
-0.000000000000000284
0.000000000000000396
0.000000000000000124
0.000000000000000054
0.000000000000000194
-0.000000000000000459
-0.000000000000000125
0.000000000000000373
0.000000000000000139
0.000000000000000033
-0.000000000000000318
0.000000000000000478
-0.000000000000000313
-0.000000000000000146
0.000000000000000251
-0.000000000000000031
0.000000000000000168
-0.000000000000000003
-0.000000000000000443
0.000000000000000410
0.000000000000000069
-0.000000000000000031
-0.000000000000000119
0.000000000000000020
0.000000000000000048
0.000000000000000053
0.000000000000000077
-0.000000000000000260
0.000000000000000453
-0.000000000000000262
-0.000000000000000163
0.000000000000000437
-0.000000000000000033
-0.000000000000000398
0.000000000000000249
-0.000000000000000036
-0.000000000000000392
0.000000000000000222
0.000000000000000446
0.000000000000000254
-0.000000000000000467
-0.000000000000000795
0.000000000000000773
0.000000000000000130
0.000000000000000178
-0.000000000000000208
-0.000000000000000523
-0.000000000000000153
0.000000000000000583
0.000000000000000089
-0.000000000000000004
-0.000000000000000114
-0.000000000000000397
0.000000000000000363
-0.000000000000000037
0.000000000000000440
-0.000000000000000116
-0.000000000000000718
0.000000000000000175
0.000000000000000067
0.000000000000000444
-0.000000000000000147
-0.000000000000000032
-0.000000000000000345
0.000000000000000427
-0.000000000000000090
0.000000000000000085
0.000000000000000078
-0.000000000000000010
-0.000000000000000176
-0.000000000000000169
0.000000000000000060
0.000000000000000688
-0.000000000000000690
-0.000000000000000216
0.000000000000000359
-0.000000000000000288
0.000000000000000112
-0.000000000000000132
0.000000000000000247
-0.000000000000000169
-0.000000000000000108
0.000000000000000170
0.000000000000000005
0.000000000000000126
-0.000000000000000211
-0.000000000000000103
0.000000000000000507
-0.000000000000000340
0.000000000000000072
0.000000000000000158
0.000000000000000020
0.000000000000000159
-0.000000000000000285
0.000000000000000115
-0.000000000000000491
0.000000000000000565
-0.000000000000000025
-0.000000000000000353
-0.000000000000000196
0.000000000000000608
-0.000000000000000605
0.000000000000000920
-0.000000000000000664
-0.000000000000000160
0.000000000000000134
-0.000000000000000076
0.000000000000000414
-0.000000000000000173
-0.000000000000000002
-0.000000000000000028
0.000000000000000092
-0.000000000000000657
0.000000000000000746
-0.000000000000000067
-0.000000000000000408
-0.000000000000000391
0.000000000000000889
-0.000000000000000408
0.000000000000000104
-0.000000000000000149
