2.552745205960285535
2.268026858483620511
2.011822456291324279
1.781468774370696284
1.574543742419838521
1.388844929607722989
1.222369934848022366
1.073298514444723128
0.939976293776533356
0.820899923193180281
0.714703550614195326
0.620146494554449701
0.536102011545669943
0.461547061266569247
0.395552981215214483
0.337276990528283305
0.285954449638824326
0.240891808927238965
0.201460185414329751
0.167089511920440636
0.137263208016628696
0.111513326564071077
0.089416133714517898
0.070588083962175752
0.054682155227545187
0.041384512045246874
0.030411467747038602
0.021506719102008343
0.014438829220191907
0.008998936663542826
0.004998670657458308
0.002268254073520360
0.000654777474875006
0.000020628993535153
0.000242066156435216
0.001207917005763438
0.002818398979414947
0.004984045038888394
0.007624727463295797
0.010668770577308173
0.014052144455057201
0.017717732347859585
0.021614665227145894
0.025697717420654187
0.029926757854795958
0.034266251903687414
0.038684809289827711
0.043154773886598011
0.047651851642112414
0.052154773180637444
0.056644987944687981
0.061106387020636969
0.065525052045635399
0.069889027826015374
0.074188116509136551
0.078413691343649755
0.082558528239049717
0.086616653495683052
0.090583206222444326
0.094454314092492137
0.098226981208589484
0.101898986960170024
0.105468794854899461
0.108935470399213238
0.112298607185861113
0.115558260422590223
0.118714887205422337
0.121769292903115306
0.124722583076901997
0.127576120411964616
0.130331486184785017
0.132990445833929327
0.135554918241356070
0.138026948367320296
0.140408682914706789
0.142702348728441508
0.144910233662764065
0.147034669673841240
0.149078017917667505
0.151042655653642888
0.152930964772812955
0.154745321786670414
0.156488089127800128
0.158161607627635453
0.159768190049310893
0.161310115565155621
0.162789625078877065
0.164208917302031160
0.165570145503048910
0.166875414854965431
0.168126780315154961
0.169326244976867157
0.170475758838260050
0.171577217939972465
0.172632463827135679
0.173643283296125273
0.174611408390347972
0.175538516612975232
0.176426231327815708
0.177276122322489127
0.178089706510751317
0.178868448753257997
0.179613762778253278
0.180327012185662883
0.181009511519872407
