-0.000000000000000081
-0.000000000000000007
0.000000000000000095
0.000000000000000051
-0.000000000000000097
0.000000000000000155
0.000000000000000321
0.000000000000000111
0.000000000000000004
0.000000000000000172
0.000000000000000200
0.000000000000000128
0.000000000000000237
0.000000000000000091
0.000000000000000037
0.000000000000000127
0.000000000000000167
0.000000000000000082
0.000000000000000202
0.000000000000000423
0.000000000000000254
0.000000000000000137
0.000000000000000329
0.000000000000000346
0.000000000000000002
-0.000000000000000028
-0.000000000000000050
-0.000000000000000205
-0.000000000000000091
-0.000000000000000109
-0.000000000000000218
-0.000000000000000036
-0.000000000000000069
0.000000000000000028
0.000000000000000202
0.000000000000000489
0.000000000000000591
0.000000000000000198
0.000000000000000057
-0.000000000000000355
-0.000000000000000766
-0.000000000000000382
-0.000000000000000225
-0.000000000000000219
-0.000000000000000191
-0.000000000000000389
-0.000000000000000516
-0.000000000000000967
-0.000000000000002391
-0.000000000000004422
-0.000000000000009423
-0.000000000000019355
-0.000000000000037734
-0.000000000000072866
-0.000000000000138482
-0.000000000000260759
-0.000000000000488053
-0.000000000000904013
-0.000000000001659008
-0.000000000003017221
-0.000000000005438609
-0.000000000009718467
-0.000000000017215710
-0.000000000030228139
-0.000000000052604151
-0.000000000090776693
-0.000000000155351234
-0.000000000263643339
-0.000000000443649024
-0.000000000740218058
-0.000000001225109890
-0.000000002011550287
-0.000000003276496709
-0.000000005293857702
-0.000000008483865373
-0.000000013491409292
-0.000000021291678772
-0.000000033345511884
-0.000000051820671470
-0.000000079906331498
-0.000000122303909229
-0.000000185835389004
-0.000000280307580829
-0.000000419686861410
-0.000000623697002957
-0.000000920310155313
-0.000001348513755232
-0.000001962139409264
-0.000002834823267892
-0.000004066464891781
-0.000005793541523535
-0.000008198896868931
-0.000011525151132308
-0.000016091207663309
-0.000022312826588019
-0.000030737805558220
-0.000042071774814158
-0.000057214597684075
-0.000077302634674294
-0.000103759143239110
-0.000138394646631478
-0.000183450589711364
-0.000241672021179377
-0.000316385669720220
-0.000411589019742058
-0.000532196333374839
-0.000684045985162042
-0.000873989591198657
-0.001109973379703672
-0.001401127834177005
-0.001758309354387554
-0.002193849718552412
-0.002721546825329464
-0.003356615206627368
-0.004115642917574498
-0.005017724801492063
-0.006083417142677745
-0.007334382198665861
-0.008792961380919241
-0.010481795352360559
-0.012426162445595771
-0.014651219814600838
-0.017181012928364207
-0.020037455138940185
-0.023239523032190627
-0.026807954910418111
-0.030759641776096726
-0.035105931832494650
-0.039851118834205897
-0.044991524452424547
-0.050524265182461899
-0.056437837637151884
-0.062710108173704385
-0.069306914637293493
-0.076181823584200101
-0.083290645121166670
-0.090577851479595600
-0.097974991326380254
-0.105400258143817385
-0.112759765800477835
-0.119968248762491680
-0.126931725343064739
-0.133546877279436399
-0.139702019992095666
-0.145280049592854565
-0.150183388503807358
-0.154314027117025715
-0.157573661163004503
-0.159865562790682508
-0.161098261910317481
-0.161210455851038020
-0.160150220275959182
-0.157875012509203633
-0.154353238497324907
-0.149567117229373076
-0.143532557978148595
-0.136279943732115522
-0.127853174051130697
-0.118309923185480684
-0.107722590452348638
-0.096189743919782925
-0.083821178964956167
-0.070736009512582312
-0.057061596375247860
-0.042932686205964146
-0.028494031231512080
-0.013891931365159061
0.000727731244858345
0.015220974065118993
0.029447290152969052
0.043273581647330486
0.056575378585870070
0.069237782771668158
0.081156274532100545
0.092237806909235096
0.102407966395384367
0.111606091058078602
0.119784725097448835
0.126909275919127262
0.132958104008791100
0.137930136179877982
0.141836438766626632
0.144698562884919779
0.146547367726371530
0.147422373365881931
0.147378324691160328
0.146476080470674314
0.144780694055821196
0.142360111715278209
0.139284413839498716
0.135630924579244361
0.131476532704519172
0.126896242371367957
0.121962322113146865
0.116743916092848274
0.111310845333383729
0.105728274979194098
0.100056028309685449
0.094348363982329819
0.088654074758924159
0.083019243176398944
0.077484148376593773
0.072083223365107862
0.066845301494341633
0.061794037986153225
0.056949830839217515
0.052328336618172169
0.047940765039395927
0.043794313952164821
0.039892668728217888
0.036237250509179919
0.032826647446842869
0.029656969377564627
0.026722247671309613
0.024014837788878859
0.021526148165455682
0.019246477946726435
0.017165280134929618
0.015271425056787380
0.013553444439717292
0.011999896073489918
0.010599328460998796
0.009340417887113242
0.008212093393546369
0.007203642426324043
0.006304852158505145
0.005505989189986341
0.004797839880743015
0.004171740739218549
0.003619597103591702
0.003133909300211595
0.002707742644132565
0.002334715736037647
0.002008984249550808
0.001725220205041874
0.001478592256381422
0.001264731534425866
0.001079702465935217
0.000919973090900611
0.000782385129733500
0.000664124745703838
0.000562692816184445
0.000475876879447901
0.000401724386304921
0.000338517368350848
0.000284748239664555
0.000239098335313447
0.000200417480879405
0.000167705184310056
0.000140093428951528
0.000116830634375725
0.000097268154447001
0.000080847586455951
0.000067089372225334
0.000055582618260109
0.000045975816340941
0.000037969218621074
0.000031307798391346
0.000025775048500407
0.000021187546358521
0.000017390096504458
0.000014251791218541
0.000011662440231094
0.000009529475535718
0.000007775280907773
0.000006334846370483
0.000005153881694492
0.000004187136261781
0.000003396962613183
0.000002752093699657
0.000002226585356940
0.000001798970919879
0.000001451520321293
0.000001169614385346
0.000000941218518891
0.000000756433735147
0.000000607139566198
0.000000486685663768
0.000000389634200734
0.000000311545505323
0.000000248797445904
0.000000198442429964
0.000000158085541759
0.000000125783774640
0.000000099962975871
0.000000079348657577
0.000000062911448460
0.000000049821176898
0.000000039409240006
0.000000031137876383
0.000000024574813689
0.000000019373376906
0.000000015255922026
0.000000012000380192
0.000000009429352726
0.000000007401201566
0.000000005803089433
0.000000004545242280
0.000000003556318611
0.000000002779692598
0.000000002170442346
0.000000001693005496
0.000000001319260440
0.000000001026998756
0.000000000798697867
0.000000000620543103
0.000000000481659567
0.000000000373500715
0.000000000289353962
0.000000000223955031
0.000000000173176398
0.000000000133787565
0.000000000103262818
0.000000000079630672
0.000000000061351712
0.000000000047226930
0.000000000036322259
0.000000000027910823
0.000000000021428536
0.000000000016437488
0.000000000012599212
0.000000000009649213
0.000000000007383120
0.000000000005644436
0.000000000004311619
0.000000000003291137
0.000000000002510795
0.000000000001913373
0.000000000001456565
0.000000000001108482
0.000000000000842708
0.000000000000640802
0.000000000000486082
0.000000000000368146
0.000000000000279778
0.000000000000212126
0.000000000000160260
0.000000000000121283
0.000000000000091282
0.000000000000069092
0.000000000000052384
0.000000000000039452
0.000000000000029942
0.000000000000022198
0.000000000000016578
0.000000000000012703
0.000000000000009402
0.000000000000007186
0.000000000000005752
0.000000000000003988
0.000000000000003031
0.000000000000001837
0.000000000000001674
0.000000000000001601
0.000000000000000876
0.000000000000000809
0.000000000000000463
0.000000000000000375
0.000000000000000099
0.000000000000000315
0.000000000000000413
0.000000000000000065
-0.000000000000000129
0.000000000000000039
0.000000000000000396
0.000000000000000248
-0.000000000000000358
-0.000000000000000353
0.000000000000000364
0.000000000000000294
0.000000000000000273
-0.000000000000000204
0.000000000000000113
-0.000000000000000530
0.000000000000000309
0.000000000000000033
0.000000000000000353
-0.000000000000000422
-0.000000000000000078
-0.000000000000000270
0.000000000000000444
0.000000000000000240
-0.000000000000000440
-0.000000000000000013
0.000000000000000079
-0.000000000000000072
0.000000000000000371
-0.000000000000000325
0.000000000000000459
-0.000000000000000267
-0.000000000000000267
0.000000000000000283
-0.000000000000000089
0.000000000000000056
0.000000000000000080
-0.000000000000000033
-0.000000000000000119
0.000000000000000158
-0.000000000000000086
0.000000000000000111
-0.000000000000000082
0.000000000000000162
-0.000000000000000098
0.000000000000000023
-0.000000000000000154
0.000000000000000180
-0.000000000000000263
0.000000000000000126
0.000000000000000111
0.000000000000000114
-0.000000000000000177
-0.000000000000000001
-0.000000000000000222
0.000000000000000173
0.000000000000000056
-0.000000000000000208
0.000000000000000213
-0.000000000000000232
-0.000000000000000190
0.000000000000000092
0.000000000000000197
0.000000000000000087
-0.000000000000000534
0.000000000000000330
0.000000000000000191
0.000000000000000033
0.000000000000000147
-0.000000000000000383
-0.000000000000000232
0.000000000000000394
0.000000000000000089
-0.000000000000000087
-0.000000000000000098
-0.000000000000000273
-0.000000000000000592
0.000000000000001150
-0.000000000000000011
-0.000000000000000370
0.000000000000000188
-0.000000000000000553
0.000000000000000164
0.000000000000000183
0.000000000000000194
0.000000000000000115
-0.000000000000000292
-0.000000000000000575
0.000000000000000231
0.000000000000000212
-0.000000000000000226
0.000000000000000233
-0.000000000000000007
0.000000000000000064
-0.000000000000000026
-0.000000000000000443
0.000000000000000663
0.000000000000000185
-0.000000000000000466
-0.000000000000000068
-0.000000000000000074
0.000000000000000178
-0.000000000000000046
-0.000000000000000038
0.000000000000000433
-0.000000000000000691
0.000000000000000561
-0.000000000000000110
0.000000000000000081
0.000000000000000267
-0.000000000000000187
-0.000000000000000480
0.000000000000000146
-0.000000000000000178
0.000000000000000504
-0.000000000000000695
0.000000000000000681
-0.000000000000000306
-0.000000000000000144
0.000000000000000287
-0.000000000000000330
0.000000000000000317
0.000000000000000229
-0.000000000000000328
0.000000000000000315
-0.000000000000000063
-0.000000000000000083
-0.000000000000000070
0.000000000000000429
-0.000000000000000020
-0.000000000000000242
0.000000000000000104
-0.000000000000000201
-0.000000000000000190
0.000000000000000073
0.000000000000000310
-0.000000000000000113
-0.000000000000000242
-0.000000000000000008
0.000000000000000009
0.000000000000000201
0.000000000000000023
-0.000000000000000058
0.000000000000000182
-0.000000000000000355
0.000000000000000025
0.000000000000000430
0.000000000000000096
-0.000000000000000362
-0.000000000000000267
-0.000000000000000058
0.000000000000000481
-0.000000000000000057
-0.000000000000000287
-0.000000000000000153
0.000000000000000059
0.000000000000000048
0.000000000000000206
0.000000000000000126
