0.000000000000000
0.000000000000000
-0.000000000000000
-0.000000000000001
-0.000000000000002
-0.000000000000002
-0.000000000000002
-0.000000000000002
-0.000000000000002
-0.000000000000002
-0.000000000000001
-0.000000000000001
-0.000000000000001
-0.000000000000000
-0.000000000000000
0.000000000000000
0.000000000000000
0.000000000000000
-0.000000000000000
-0.000000000000000
-0.000000000000000
-0.000000000000001
-0.000000000000001
-0.000000000000001
-0.000000000000000
-0.000000000000001
-0.000000000000000
0.000000000000000
0.000000000000001
0.000000000000000
0.000000000000001
-0.000000000000000
-0.000000000000000
-0.000000000000001
-0.000000000000000
-0.000000000000000
0.000000000000000
0.000000000000001
0.000000000000002
0.000000000000003
0.000000000000003
0.000000000000002
0.000000000000001
0.000000000000001
-0.000000000000000
-0.000000000000000
-0.000000000000001
-0.000000000000000
-0.000000000000000
0.000000000000000
0.000000000000001
0.000000000000001
0.000000000000001
0.000000000000000
0.000000000000000
0.000000000000001
0.000000000000000
0.000000000000000
0.000000000000001
0.000000000000001
0.000000000000002
0.000000000000001
0.000000000000001
0.000000000000002
0.000000000000002
0.000000000000002
0.000000000000002
0.000000000000003
0.000000000000002
0.000000000000002
0.000000000000002
0.000000000000001
0.000000000000001
0.000000000000001
0.000000000000001
0.000000000000001
0.000000000000001
0.000000000000001
0.000000000000001
0.000000000000001
-0.000000000000000
-0.000000000000000
0.000000000000000
0.000000000000000
0.000000000000001
0.000000000000001
0.000000000000002
0.000000000000002
0.000000000000001
0.000000000000001
0.000000000000001
0.000000000000001
0.000000000000001
0.000000000000002
0.000000000000002
0.000000000000003
0.000000000000003
0.000000000000003
0.000000000000002
0.000000000000002
0.000000000000002
0.000000000000001
0.000000000000002
0.000000000000002
0.000000000000002
0.000000000000002
0.000000000000002
0.000000000000002
0.000000000000002
0.000000000000002
0.000000000000002
0.000000000000003
0.000000000000003
0.000000000000003
0.000000000000003
0.000000000000002
0.000000000000001
0.000000000000001
-0.000000000000000
-0.000000000000001
-0.000000000000001
-0.000000000000001
-0.000000000000001
-0.000000000000001
-0.000000000000001
-0.000000000000001
-0.000000000000002
-0.000000000000001
-0.000000000000001
-0.000000000000001
-0.000000000000001
-0.000000000000001
-0.000000000000001
-0.000000000000001
-0.000000000000001
-0.000000000000001
-0.000000000000001
-0.000000000000001
-0.000000000000001
-0.000000000000001
-0.000000000000001
-0.000000000000001
-0.000000000000001
-0.000000000000000
-0.000000000000001
-0.000000000000000
-0.000000000000000
0.000000000000000
0.000000000000000
-0.000000000000000
-0.000000000000001
-0.000000000000002
-0.000000000000002
-0.000000000000003
-0.000000000000003
-0.000000000000003
-0.000000000000003
-0.000000000000003
-0.000000000000002
-0.000000000000003
-0.000000000000003
-0.000000000000003
-0.000000000000002
-0.000000000000002
-0.000000000000001
-0.000000000000001
-0.000000000000001
-0.000000000000001
-0.000000000000001
-0.000000000000001
-0.000000000000001
-0.000000000000000
0.000000000000001
0.000000000000001
0.000000000000001
0.000000000000001
0.000000000000001
0.000000000000001
0.000000000000001
0.000000000000000
-0.000000000000000
-0.000000000000000
0.000000000000000
-0.000000000000000
0.000000000000000
0.000000000000000
0.000000000000001
0.000000000000001
0.000000000000001
0.000000000000001
0.000000000000001
0.000000000000001
0.000000000000002
0.000000000000002
0.000000000000002
0.000000000000002
0.000000000000002
0.000000000000001
0.000000000000001
0.000000000000001
0.000000000000000
0.000000000000000
0.000000000000000
0.000000000000000
-0.000000000000001
-0.000000000000001
-0.000000000000002
-0.000000000000002
-0.000000000000002
-0.000000000000003
-0.000000000000003
-0.000000000000004
-0.000000000000005
-0.000000000000007
-0.000000000000009
-0.000000000000012
-0.000000000000015
-0.000000000000019
-0.000000000000024
-0.000000000000029
-0.000000000000035
-0.000000000000043
-0.000000000000051
-0.000000000000060
-0.000000000000071
-0.000000000000085
-0.000000000000101
-0.000000000000120
-0.000000000000143
-0.000000000000170
-0.000000000000202
-0.000000000000239
-0.000000000000283
-0.000000000000335
-0.000000000000397
-0.000000000000470
-0.000000000000555
-0.000000000000655
-0.000000000000773
-0.000000000000913
-0.000000000001077
-0.000000000001270
-0.000000000001496
-0.000000000001763
-0.000000000002075
-0.000000000002440
-0.000000000002869
-0.000000000003370
-0.000000000003958
-0.000000000004647
-0.000000000005452
-0.000000000006394
-0.000000000007496
-0.000000000008781
-0.000000000010281
-0.000000000012032
-0.000000000014073
-0.000000000016454
-0.000000000019226
-0.000000000022454
-0.000000000026210
-0.000000000030577
-0.000000000035652
-0.000000000041547
-0.000000000048390
-0.000000000056331
-0.000000000065539
-0.000000000076212
-0.000000000088576
-0.000000000102890
-0.000000000119453
-0.000000000138607
-0.000000000160747
-0.000000000186325
-0.000000000215856
-0.000000000249935
-0.000000000289239
-0.000000000334547
-0.000000000386744
-0.000000000446847
-0.000000000516015
-0.000000000595571
-0.000000000687026
-0.000000000792101
-0.000000000912758
-0.000000001051233
-0.000000001210069
-0.000000001392161
-0.000000001600799
-0.000000001839722
-0.000000002113175
-0.000000002425977
-0.000000002783595
-0.000000003192224
-0.000000003658883
-0.000000004191521
-0.000000004799130
-0.000000005491883
-0.000000006281275
-0.000000007180292
-0.000000008203595
-0.000000009367722
-0.000000010691324
-0.000000012195418
-0.000000013903672
-0.000000015842730
-0.000000018042559
-0.000000020536850
-0.000000023363459
-0.000000026564890
-0.000000030188842
-0.000000034288811
-0.000000038924757
-0.000000044163847
-0.000000050081274
-0.000000056761165
-0.000000064297589
-0.000000072795661
-0.000000082372780
-0.000000093159970
-0.000000105303385
-0.000000118965951
-0.000000134329184
-0.000000151595182
-0.000000170988827
-0.000000192760198
-0.000000217187221
-0.000000244578590
-0.000000275276952
-0.000000309662413
-0.000000348156373
-0.000000391225725
-0.000000439387443
-0.000000493213603
-0.000000553336862
-0.000000620456439
-0.000000695344640
-0.000000778853960
-0.000000871924832
-0.000000975594038
-0.000001091003872
-0.000001219412085
-0.000001362202685
-0.000001520897649
-0.000001697169628
-0.000001892855691
-0.000002109972219
-0.000002350730992
-0.000002617556588
-0.000002913105158
-0.000003240284686
-0.000003602276824
-0.000004002560416
-0.000004444936809
-0.000004933557072
-0.000005472951240
-0.000006068059708
-0.000006724266903
-0.000007447437375
-0.000008243954430
-0.000009120761480
-0.000010085406222
-0.000011146087834
-0.000012311707331
-0.000013591921237
-0.000014997198765
-0.000016538882650
-0.000018229253827
-0.000020081600123
-0.000022110289152
-0.000024330845577
-0.000026760032947
-0.000029415940271
-0.000032318073522
-0.000035487452253
-0.000038946711502
-0.000042720209170
-0.000046834139027
-0.000051316649541
-0.000056197968666
-0.000061510534754
-0.000067289133728
-0.000073571042659
-0.000080396179849
-0.000087807261545
-0.000095849965349
-0.000104573100422
-0.000114028784507
-0.000124272627814
-0.000135363923769
-0.000147365846593
-0.000160345655671
-0.000174374906624
-0.000189529668959
-0.000205890750154
-0.000223543925976
-0.000242580176805
-0.000263095929678
-0.000285193305736
-0.000308980372698
-0.000334571401929
-0.000362087129641
-0.000391655021667
-0.000423409541239
-0.000457492419100
-0.000494052925231
-0.000533248141418
-0.000575243233813
-0.000620211724554
-0.000668335761478
-0.000719806384859
-0.000774823790037
-0.000833597584754
-0.000896347039910
-0.000963301332394
-0.001034699778585
-0.001110792057029
-0.001191838418731
-0.001278109883448
-0.001369888420288
-0.001467467110866
-0.001571150293208
-0.001681253684532
-0.001798104480993
-0.001922041432427
-0.002053414890095
-0.002192586825383
-0.002339930817389
-0.002495832007320
-0.002660687017590
-0.002834903833528
-0.003018901645574
-0.003213110649907
-0.003417971805423
-0.003633936545054
-0.003861466439443
-0.004101032811054
-0.004353116296890
-0.004618206358019
-0.004896800734285
-0.005189404842616
-0.005496531117507
-0.005818698292388
-0.006156430620731
-0.006510257035921
-0.006880710249092
-0.007268325784331
-0.007673640950866
-0.008097193752039
-0.008539521731167
-0.009001160754574
-0.009482643732387
-0.009984499277936
-0.010507250306893
-0.011051412577574
-0.011617493174139
-0.012205988934729
-0.012817384826902
-0.013452152273063
-0.014110747428904
-0.014793609418203
-0.015501158527676
-0.016233794365920
-0.016991893990778
-0.017775810009852
-0.018585868659170
-0.019422367865342
-0.020285575296874
-0.021175726410584
-0.022093022499369
-0.023037628747835
-0.024009672302580
-0.025009240364128
-0.026036378307765
-0.027091087840696
-0.028173325203137
-0.029282999421077
-0.030419970618591
-0.031584048397648
-0.032774990293426
-0.033992500313166
-0.035236227566592
-0.036505764995868
-0.037800648212970
-0.039120354452271
-0.040464301645919
-0.041831847629428
-0.043222289484660
-0.044634863027071
-0.046068742443810
-0.047523040088869
-0.048996806441119
-0.050489030230585
-0.051998638737893
-0.053524498271263
-0.055065414824910
-0.056620134922115
-0.058187346645636
-0.059765680857463
-0.061353712609287
-0.062949962744333
-0.064552899690484
-0.066160941443953
-0.067772457741910
-0.069385772421803
-0.070999165964276
-0.072610878215843
-0.074219111286681
-0.075822032618139
-0.077417778213761
-0.079004456026901
-0.080580149497213
-0.082142921227593
-0.083690816792431
-0.085221868667339
-0.086734100269877
-0.088225530100159
-0.089694175969643
-0.091138059305861
-0.092555209520337
-0.093943668426485
-0.095301494693870
-0.096626768324873
-0.097917595139473
-0.099172111253656
-0.100388487536737
-0.101564934032799
-0.102699704331356
-0.103791099872404
-0.104837474171020
-0.105837236946895
-0.106788858144296
-0.107690871828301
-0.108541879943407
-0.109340555921064
-0.110085648123108
-0.110775983108583
-0.111410468712039
-0.111988096921992
-0.112507946548948
-0.112969185673088
-0.113371073862527
-0.113712964153867
-0.113994304787613
-0.114214640691965
-0.114373614709376
-0.114470968561253
-0.114506543547167
-0.114480280975913
-0.114392222326773
-0.114242509140383
-0.114031382639585
-0.113759183081695
-0.113426348844632
-0.113033415250315
-0.112581013129783
-0.112069867135402
-0.111500793806478
-0.110874699395523
-0.110192577463252
-0.109455506251264
-0.108664645842113
-0.107821235117262
-0.106926588524058
-0.105982092663556
-0.104989202711562
-0.103949438685851
-0.102864381572909
-0.101735669328033
-0.100564992762912
-0.099354091335115
-0.098104748854118
-0.096818789118689
-0.095498071500445
-0.094144486488539
-0.092759951210270
-0.091346404942394
-0.089905804627687
-0.088440120411106
-0.086951331209613
-0.085441420329355
-0.083912371143534
-0.082366162843815
-0.080804766277665
-0.079230139883438
-0.077644225734467
-0.076048945702799
-0.074446197752552
-0.072837852372203
-0.071225749154381
-0.069611693531063
-0.067997453671248
-0.066384757547491
-0.064775290176870
-0.063170691041164
-0.061572551690302
-0.059982413532273
-0.058401765812000
-0.056832043780841
-0.055274627057693
-0.053730838181854
-0.052201941357170
-0.050689141386220
-0.049193582792653
-0.047716349129139
-0.046258462467774
-0.044820883069186
-0.043404509226047
-0.042010177276167
-0.040638661779861
-0.039290675855856
-0.037966871669569
-0.036667841067231
-0.035394116349015
-0.034146171174019
-0.032924421589727
-0.031729227178344
-0.030560892312239
-0.029419667510609
-0.028305750889382
-0.027219289696295
-0.026160381923122
-0.025129077986982
-0.024125382472745
-0.023149255928637
-0.022200616707218
-0.021279342844105
-0.020385273966930
-0.019518213227249
-0.018677929248306
-0.017864158081822
-0.017076605167208
-0.016314947286893
-0.015578834511735
-0.014867892130780
-0.014181722559960
-0.013519907224638
-0.012882008411213
-0.012267571083367
-0.011676124658844
-0.011107184743000
-0.010560254815708
-0.010034827868520
-0.009530387989328
-0.009046411892116
-0.008582370389674
-0.008137729807511
-0.007711953337457
-0.007304502329795
-0.006914837523009
-0.006542420210543
-0.006186713344193
-0.005847182574057
-0.005523297225144
-0.005214531211042
-0.004920363885176
-0.004640280830465
-0.004373774588302
-0.004120345327996
-0.003879501457956
-0.003650760180025
-0.003433647988524
-0.003227701115648
-0.003032465924997
-0.002847499255063
-0.002672368714613
-0.002506652931923
-0.002349941759923
-0.002201836439286
-0.002061949721582
-0.001929905954587
-0.001805341131866
-0.001687902908756
-0.001577250586828
-0.001473055068921
-0.001374998786805
-0.001282775603487
-0.001196090692136
-0.001114660393575
-0.001038212054207
-0.000966483846217
-0.000899224571810
-0.000836193453197
-0.000777159909963
-0.000721903325403
-0.000670212803317
-0.000621886916701
-0.000576733449703
-0.000534569134119
-0.000495219381660
-0.000458518013122
-0.000424306985526
-0.000392436118257
-0.000362762819094
-0.000335151811019
-0.000309474860586
-0.000285610508592
-0.000263443803696
-0.000242866039612
-0.000223774496397
-0.000206072186341
-0.000189667604885
-0.000174474486936
-0.000160411568935
-0.000147402356934
-0.000135374900941
-0.000124261575725
-0.000113998868239
-0.000104527171770
-0.000095790586929
-0.000087736729515
-0.000080316545279
-0.000073484131600
-0.000067196566036
-0.000061413741704
-0.000056098209410
-0.000051215026465
-0.000046731612049
-0.000042617609036
-0.000038844752120
-0.000035386742122
-0.000032219126302
-0.000029319184534
-0.000026665821163
-0.000024239462377
-0.000022021958906
-0.000019996493884
-0.000018147495673
-0.000016460555473
-0.000014922349528
-0.000013520565751
-0.000012243834580
-0.000011081663880
-0.000010024377716
-0.000009063058823
-0.000008189494594
-0.000007396126425
-0.000006676002238
-0.000006022732041
-0.000005430446348
-0.000004893757329
-0.000004407722527
-0.000003967811006
-0.000003569871795
-0.000003210104503
-0.000002885031969
-0.000002591474832
-0.000002326527900
-0.000002087538229
-0.000001872084771
-0.000001677959534
-0.000001503150110
-0.000001345823536
-0.000001204311349
-0.000001077095797
-0.000000962797103
-0.000000860161712
-0.000000768051474
-0.000000685433668
-0.000000611371827
-0.000000545017308
-0.000000485601532
-0.000000432428869
-0.000000384870116
-0.000000342356499
-0.000000304374200
-0.000000270459331
-0.000000240193346
-0.000000213198845
-0.000000189135734
-0.000000167697735
-0.000000148609191
-0.000000131622157
-0.000000116513756
-0.000000103083762
-0.000000091152414
-0.000000080558422
-0.000000071157155
-0.000000062819006
-0.000000055427896
-0.000000048879930
-0.000000043082174
-0.000000037951548
-0.000000033413827
-0.000000029402740
-0.000000025859148
-0.000000022730316
-0.000000019969241
-0.000000017534061
-0.000000015387507
-0.000000013496429
-0.000000011831350
-0.000000010366081
-0.000000009077363
-0.000000007944557
-0.000000006949354
-0.000000006075527
-0.000000005308702
-0.000000004636152
-0.000000004046614
-0.000000003530129
-0.000000003077899
-0.000000002682149
-0.000000002336018
-0.000000002033454
-0.000000001769120
-0.000000001538314
-0.000000001336896
-0.000000001161221
-0.000000001008085
-0.000000000874670
-0.000000000758501
-0.000000000657404
-0.000000000569474
-0.000000000493038
-0.000000000426630
-0.000000000368967
-0.000000000318924
-0.000000000275520
-0.000000000237894
-0.000000000205295
-0.000000000177067
-0.000000000152638
-0.000000000131508
-0.000000000113242
-0.000000000097460
-0.000000000083832
-0.000000000072070
-0.000000000061926
-0.000000000053180
-0.000000000045645
-0.000000000039156
-0.000000000033572
-0.000000000028768
-0.000000000024638
-0.000000000021090
-0.000000000018043
-0.000000000015428
-0.000000000013184
-0.000000000011262
-0.000000000009614
-0.000000000008203
-0.000000000006994
-0.000000000005962
-0.000000000005078
-0.000000000004323
-0.000000000003679
-0.000000000003128
-0.000000000002659
-0.000000000002259
-0.000000000001918
-0.000000000001627
-0.000000000001380
-0.000000000001170
-0.000000000000992
-0.000000000000840
-0.000000000000710
-0.000000000000601
-0.000000000000508
-0.000000000000429
-0.000000000000362
-0.000000000000306
-0.000000000000259
-0.000000000000217
-0.000000000000183
-0.000000000000155
-0.000000000000130
-0.000000000000109
-0.000000000000092
-0.000000000000077
-0.000000000000065
-0.000000000000054
-0.000000000000046
-0.000000000000038
-0.000000000000032
-0.000000000000027
-0.000000000000023
-0.000000000000019
-0.000000000000016
-0.000000000000013
-0.000000000000011
-0.000000000000009
-0.000000000000008
-0.000000000000007
-0.000000000000005
-0.000000000000005
-0.000000000000003
-0.000000000000003
-0.000000000000003
-0.000000000000002
-0.000000000000002
-0.000000000000002
-0.000000000000001
-0.000000000000001
-0.000000000000001
-0.000000000000001
-0.000000000000000
-0.000000000000001
-0.000000000000001
0.000000000000000
0.000000000000000
-0.000000000000000
-0.000000000000001
-0.000000000000000
0.000000000000000
0.000000000000000
-0.000000000000000
-0.000000000000000
-0.000000000000000
0.000000000000000
-0.000000000000000
-0.000000000000000
0.000000000000000
0.000000000000000
-0.000000000000000
-0.000000000000000
-0.000000000000000
-0.000000000000000
-0.000000000000000
0.000000000000000
-0.000000000000000
0.000000000000000
-0.000000000000000
-0.000000000000000
0.000000000000000
-0.000000000000000
0.000000000000000
-0.000000000000000
0.000000000000000
0.000000000000000
-0.000000000000000
0.000000000000000
0.000000000000000
-0.000000000000000
-0.000000000000000
-0.000000000000000
0.000000000000000
-0.000000000000000
-0.000000000000000
-0.000000000000000
0.000000000000000
0.000000000000000
0.000000000000000
-0.000000000000000
0.000000000000000
-0.000000000000000
-0.000000000000000
0.000000000000000
0.000000000000000
0.000000000000000
0.000000000000000
-0.000000000000000
-0.000000000000000
-0.000000000000000
0.000000000000000
0.000000000000000
-0.000000000000000
-0.000000000000000
-0.000000000000000
0.000000000000000
0.000000000000000
0.000000000000000
-0.000000000000000
-0.000000000000000
0.000000000000000
-0.000000000000000
-0.000000000000000
0.000000000000000
0.000000000000000
-0.000000000000000
-0.000000000000000
-0.000000000000000
-0.000000000000000
0.000000000000000
0.000000000000000
-0.000000000000000
-0.000000000000000
0.000000000000000
-0.000000000000000
-0.000000000000000
0.000000000000000
-0.000000000000000
0.000000000000000
-0.000000000000000
-0.000000000000000
0.000000000000000
0.000000000000000
0.000000000000000
-0.000000000000000
-0.000000000000000
0.000000000000000
0.000000000000000
0.000000000000000
0.000000000000000
0.000000000000000
-0.000000000000000
-0.000000000000001
0.000000000000001
-0.000000000000000
0.000000000000000
-0.000000000000000
-0.000000000000000
0.000000000000000
-0.000000000000000
-0.000000000000000
0.000000000000000
0.000000000000000
-0.000000000000000
-0.000000000000000
0.000000000000000
-0.000000000000000
0.000000000000000
0.000000000000000
-0.000000000000001
-0.000000000000000
0.000000000000000
0.000000000000000
0.000000000000000
-0.000000000000000
-0.000000000000000
-0.000000000000000
0.000000000000000
-0.000000000000000
0.000000000000000
-0.000000000000000
0.000000000000000
-0.000000000000001
0.000000000000000
0.000000000000000
0.000000000000000
0.000000000000000
0.000000000000000
-0.000000000000000
-0.000000000000000
0.000000000000001
0.000000000000000
-0.000000000000000
0.000000000000000
-0.000000000000000
-0.000000000000000
0.000000000000000
0.000000000000000
0.000000000000000
-0.000000000000001
0.000000000000000
0.000000000000000
-0.000000000000000
-0.000000000000000
0.000000000000000
0.000000000000000
0.000000000000000
-0.000000000000000
-0.000000000000000
0.000000000000000
0.000000000000000
0.000000000000000
-0.000000000000000
-0.000000000000000
-0.000000000000000
0.000000000000000
-0.000000000000000
0.000000000000000
0.000000000000001
-0.000000000000000
-0.000000000000000
-0.000000000000001
0.000000000000000
0.000000000000000
-0.000000000000000
0.000000000000000
-0.000000000000000
-0.000000000000000
-0.000000000000000
0.000000000000000
0.000000000000000
-0.000000000000000
-0.000000000000000
0.000000000000000
-0.000000000000000
-0.000000000000000
0.000000000000000
0.000000000000001
-0.000000000000000
-0.000000000000000
0.000000000000000
-0.000000000000000
0.000000000000000
0.000000000000000
-0.000000000000000
-0.000000000000000
0.000000000000000
-0.000000000000000
0.000000000000000
-0.000000000000000
-0.000000000000000
0.000000000000000
0.000000000000000
0.000000000000001
-0.000000000000001
-0.000000000000000
0.000000000000000
0.000000000000000
0.000000000000000
-0.000000000000000
-0.000000000000000
-0.000000000000000
-0.000000000000000
0.000000000000000
0.000000000000000
0.000000000000000
-0.000000000000000
0.000000000000000
-0.000000000000000
-0.000000000000000
0.000000000000000
0.000000000000001
-0.000000000000001
-0.000000000000001
0.000000000000000
0.000000000000000
0.000000000000000
0.000000000000000
-0.000000000000000
-0.000000000000000
-0.000000000000000
0.000000000000000
0.000000000000000
-0.000000000000000
-0.000000000000000
0.000000000000000
-0.000000000000000
0.000000000000000
0.000000000000001
-0.000000000000001
-0.000000000000000
0.000000000000000
0.000000000000000
0.000000000000000
-0.000000000000000
-0.000000000000000
-0.000000000000000
0.000000000000000
0.000000000000001
-0.000000000000000
-0.000000000000000
0.000000000000000
-0.000000000000000
0.000000000000000
0.000000000000000
0.000000000000000
0.000000000000000
0.000000000000000
-0.000000000000001
0.000000000000000
0.000000000000000
0.000000000000001
-0.000000000000000
0.000000000000000
-0.000000000000001
-0.000000000000000
-0.000000000000000
0.000000000000001
0.000000000000001
-0.000000000000000
-0.000000000000000
-0.000000000000000
-0.000000000000001
0.000000000000001
0.000000000000000
0.000000000000000
-0.000000000000001
-0.000000000000000
-0.000000000000000
0.000000000000001
0.000000000000001
-0.000000000000000
-0.000000000000000
-0.000000000000000
0.000000000000000
0.000000000000000
-0.000000000000001
0.000000000000000
0.000000000000000
0.000000000000000
0.000000000000000
-0.000000000000000
-0.000000000000000
0.000000000000000
-0.000000000000000
-0.000000000000001
0.000000000000001
0.000000000000000
-0.000000000000001
-0.000000000000000
-0.000000000000000
0.000000000000001
0.000000000000000
-0.000000000000000
-0.000000000000000
0.000000000000000
-0.000000000000000
0.000000000000000
-0.000000000000000
0.000000000000000
0.000000000000001
-0.000000000000000
-0.000000000000001
-0.000000000000000
0.000000000000000
0.000000000000000
-0.000000000000000
-0.000000000000000
0.000000000000000
-0.000000000000000
-0.000000000000000
0.000000000000000
0.000000000000000
0.000000000000000
0.000000000000000
-0.000000000000000
-0.000000000000000
-0.000000000000000
0.000000000000001
-0.000000000000001
0.000000000000000
0.000000000000000
0.000000000000001
-0.000000000000001
0.000000000000000
-0.000000000000000
0.000000000000001
0.000000000000000
-0.000000000000001
0.000000000000000
-0.000000000000000
0.000000000000000
-0.000000000000000
-0.000000000000000
0.000000000000001
-0.000000000000001
0.000000000000000
-0.000000000000000
-0.000000000000000
0.000000000000000
0.000000000000000
-0.000000000000001
-0.000000000000000
0.000000000000001
-0.000000000000001
0.000000000000000
-0.000000000000000
0.000000000000000
-0.000000000000000
0.000000000000000
-0.000000000000001
0.000000000000001
0.000000000000000
-0.000000000000000
-0.000000000000000
