0.000000000000000043
0.000000000000000096
0.000000000000000111
0.000000000000000072
0.000000000000000120
0.000000000000000257
0.000000000000000220
0.000000000000000036
0.000000000000000079
0.000000000000000202
0.000000000000000170
-0.000000000000000116
-0.000000000000000237
-0.000000000000000165
-0.000000000000000016
0.000000000000000054
0.000000000000000053
0.000000000000000007
0.000000000000000022
0.000000000000000051
0.000000000000000052
0.000000000000000018
0.000000000000000070
0.000000000000000023
-0.000000000000000201
0.000000000000000088
0.000000000000000324
0.000000000000000060
0.000000000000000139
0.000000000000000276
-0.000000000000000161
-0.000000000000000498
-0.000000000000000332
-0.000000000000000032
0.000000000000000162
-0.000000000000000058
0.000000000000000280
0.000000000000000663
0.000000000000000044
-0.000000000000000580
-0.000000000000000369
-0.000000000000000174
-0.000000000000000349
-0.000000000000000653
-0.000000000000000165
-0.000000000000000268
-0.000000000000000942
-0.000000000000000888
-0.000000000000002060
-0.000000000000005272
-0.000000000000010168
-0.000000000000019504
-0.000000000000038238
-0.000000000000073794
-0.000000000000140075
-0.000000000000263997
-0.000000000000494921
-0.000000000000917983
-0.000000000001684966
-0.000000000003063748
-0.000000000005522096
-0.000000000009866156
-0.000000000017474277
-0.000000000030676874
-0.000000000053376054
-0.000000000092092712
-0.000000000157576579
-0.000000000267373405
-0.000000000449845897
-0.000000000750423604
-0.000000001241780434
-0.000000002038563585
-0.000000003319914827
-0.000000005363073823
-0.000000008593301144
-0.000000013663083151
-0.000000021558910577
-0.000000033758269521
-0.000000052453206839
-0.000000080868004271
-0.000000123754985581
-0.000000188008696984
-0.000000283538365652
-0.000000424453511454
-0.000000630676213243
-0.000000930454869057
-0.000001363154435618
-0.000001983117271378
-0.000002864663655660
-0.000004108601483712
-0.000005852624793721
-0.000008281171592700
-0.000011638929094231
-0.000016247452738557
-0.000022525875101563
-0.000031026341106089
-0.000042459937424461
-0.000057733297886613
-0.000077991089857528
-0.000104666666728256
-0.000139583077934863
-0.000184996792748925
-0.000243670644008780
-0.000318952139253912
-0.000414862782304227
-0.000536345505277313
-0.000689271356300585
-0.000880528564266723
-0.001118103696529717
-0.001411171060231469
-0.001770637279245358
-0.002208887723673073
-0.002739775992690907
-0.003378572886608708
-0.004141921807905197
-0.005048978095720873
-0.006120355424332790
-0.007377766924196031
-0.008843594805587496
-0.010540507483311779
-0.012493810627244863
-0.014728671722622209
-0.017269124131143343
-0.020137041883327860
-0.023351332124901602
-0.026932658009121313
-0.030897803185348547
-0.035257971094477529
-0.040017270326784163
-0.045171797681418137
-0.050718445684465138
-0.056645452896067303
-0.062930392031166293
-0.069538774078091892
-0.076423812909714339
-0.083540995191237657
-0.090834459554540101
-0.098235414634068513
-0.105661715717529789
-0.113019153219994201
-0.120222210274073205
-0.127176687412467015
-0.133779088095691501
-0.139917598491427819
-0.145475046294921251
-0.150353886173447054
-0.154456209422122764
-0.157683883577277389
-0.159940427235259947
-0.161134694327893818
-0.161205789106433600
-0.160102258338391673
-0.157782089726850067
-0.154214273536936314
-0.149381658738853340
-0.143300798395747608
-0.136002734686237470
-0.127532032679079310
-0.117947027953972772
-0.107320763132116873
-0.095752376488363683
-0.083352186019981594
-0.070239774797386148
-0.056542911683145770
-0.042396680012125265
-0.027946040728373974
-0.013337419730066646
0.001283254843047303
0.015772033776120454
0.029988524028071926
0.043799863614768592
0.057081887818915017
0.069720062650442782
0.081610283774334116
0.092659964606024478
0.102795218309993136
0.111955931040258069
0.120095204510043810
0.127179003928429235
0.133186240402483946
0.138116390092796776
0.141981040634208133
0.144802228999607846
0.146611259815092904
0.147448054449775434
0.147367713294062758
0.146431397755797083
0.144704410411727880
0.142254894118678948
0.139153074467437882
0.135476365802508408
0.131301698952848989
0.126704076374174524
0.121755725610885351
0.116525714667206681
0.111083749782013741
0.105494855193899090
0.099818692827498584
0.094109344458777125
0.088415414521951716
0.082782782568379787
0.077251521718241803
0.071855860115069156
0.066624430590447578
0.061580694478977127
0.056744859282428291
0.052132402230617242
0.047754366682096344
0.043617798083175938
0.039726243693491065
0.036080997662048635
0.032680536136274842
0.029520871895440753
0.026595953665919957
0.023898067822462402
0.021418564540591774
0.019147696800481267
0.017074882638053360
0.015188967525712627
0.013478467279808289
0.011931930723726270
0.010537904387354243
0.009285068617369985
0.008162361576568270
0.007159083954275547
0.006265039069593492
0.005470512296711181
0.004766310741433117
0.004143793019996177
0.003594887397990558
0.003112117352805384
0.002688571364095358
0.002317890895176948
0.001994253913525455
0.001712353949700516
0.001467380183256235
0.001254983216125516
0.001071245811164453
0.000912653158521305
0.000776062919174854
0.000658675983098926
0.000558006764400746
0.000471855181830766
0.000398279955455016
0.000335573328893071
0.000282236934894145
0.000236960392171309
0.000198600940715003
0.000166164700298772
0.000138789529723475
0.000115729055918425
0.000096339228258800
0.000080065686429686
0.000066432417195889
0.000055031626691827
0.000045514511709803
0.000037583675624899
0.000030986129699374
0.000025507128564082
0.000020964768815004
0.000017205163023117
0.000014098525492867
0.000011535626034374
0.000009424716228524
0.000007688877942352
0.000006263695088847
0.000005095380917033
0.000004139110682212
0.000003357596398837
0.000002719873836363
0.000002200253663896
0.000001777482968279
0.000001434010608588
0.000001155366900174
0.000000929641913800
0.000000747040536471
0.000000599528588123
0.000000480527257862
0.000000384657930410
0.000000307529857567
0.000000245561297822
0.000000195837913548
0.000000155992117669
0.000000124103323931
0.000000098615750247
0.000000078269945320
0.000000062048815890
0.000000049132196774
0.000000038859631744
0.000000030699976186
0.000000024226335557
0.000000019096390678
0.000000015036021582
0.000000011826003653
0.000000009291233971
0.000000007291926112
0.000000005716732882
0.000000004477074029
0.000000003502566839
0.000000002737355271
0.000000002137132311
0.000000001666825098
0.000000001298705683
0.000000001010877814
0.000000000786068443
0.000000000610658388
0.000000000473931339
0.000000000367464064
0.000000000284643465
0.000000000220283354
0.000000000170317541
0.000000000131563251
0.000000000101534022
0.000000000078288133
0.000000000060309961
0.000000000046419762
0.000000000035697351
0.000000000027427307
0.000000000021054569
0.000000000016149485
0.000000000012376509
0.000000000009476992
0.000000000007251102
0.000000000005542597
0.000000000004233715
0.000000000003231144
0.000000000002464080
0.000000000001877792
0.000000000001429857
0.000000000001088153
0.000000000000827099
0.000000000000627448
0.000000000000476413
0.000000000000361922
0.000000000000274483
0.000000000000208179
0.000000000000156918
0.000000000000118437
0.000000000000089646
0.000000000000067975
0.000000000000051554
0.000000000000038438
0.000000000000029384
0.000000000000022025
0.000000000000016077
0.000000000000012181
0.000000000000009452
0.000000000000007208
0.000000000000005502
0.000000000000003839
0.000000000000002584
0.000000000000002125
0.000000000000001986
0.000000000000001110
0.000000000000000675
0.000000000000001180
0.000000000000000752
0.000000000000000085
-0.000000000000000137
0.000000000000000627
0.000000000000000341
0.000000000000000151
0.000000000000000014
-0.000000000000000110
-0.000000000000000033
0.000000000000000148
0.000000000000000281
-0.000000000000000209
0.000000000000000069
-0.000000000000000056
-0.000000000000000206
0.000000000000000458
-0.000000000000000507
-0.000000000000000005
0.000000000000000408
-0.000000000000000226
0.000000000000000274
-0.000000000000000509
-0.000000000000000196
0.000000000000000284
0.000000000000000621
-0.000000000000000433
-0.000000000000000435
0.000000000000000308
0.000000000000000176
0.000000000000000104
0.000000000000000018
-0.000000000000000586
0.000000000000000118
0.000000000000000577
-0.000000000000000358
0.000000000000000300
-0.000000000000000097
-0.000000000000000192
-0.000000000000000495
0.000000000000000491
0.000000000000000698
-0.000000000000000390
-0.000000000000000207
0.000000000000000168
-0.000000000000000025
-0.000000000000000960
0.000000000000000827
0.000000000000000162
-0.000000000000000026
-0.000000000000000332
-0.000000000000000026
-0.000000000000000016
0.000000000000000126
0.000000000000000109
0.000000000000000216
-0.000000000000000199
-0.000000000000000515
0.000000000000000296
0.000000000000000111
-0.000000000000000029
0.000000000000000398
-0.000000000000000182
-0.000000000000000190
-0.000000000000000170
-0.000000000000000195
0.000000000000000409
0.000000000000000254
-0.000000000000000076
-0.000000000000000160
-0.000000000000000301
0.000000000000000172
0.000000000000000520
-0.000000000000000131
-0.000000000000000186
-0.000000000000000445
0.000000000000000550
0.000000000000000332
-0.000000000000000999
0.000000000000000362
0.000000000000000245
-0.000000000000000444
0.000000000000000485
-0.000000000000000543
0.000000000000000477
0.000000000000000145
0.000000000000000078
-0.000000000000000454
0.000000000000000174
0.000000000000000177
-0.000000000000000107
0.000000000000000184
-0.000000000000000316
-0.000000000000000013
0.000000000000000397
-0.000000000000000415
-0.000000000000000022
0.000000000000000049
0.000000000000000495
-0.000000000000000769
-0.000000000000000025
0.000000000000000183
0.000000000000000175
-0.000000000000000142
0.000000000000000102
-0.000000000000000254
-0.000000000000000181
0.000000000000000392
0.000000000000000272
-0.000000000000000609
0.000000000000000255
-0.000000000000000035
-0.000000000000000433
0.000000000000000244
0.000000000000000282
-0.000000000000000441
-0.000000000000000440
0.000000000000000654
-0.000000000000000205
0.000000000000000210
0.000000000000000270
-0.000000000000000271
-0.000000000000000885
0.000000000000000373
0.000000000000000594
0.000000000000000106
-0.000000000000000292
-0.000000000000000357
0.000000000000000336
-0.000000000000000194
0.000000000000000610
0.000000000000000026
-0.000000000000000419
0.000000000000000253
-0.000000000000000324
0.000000000000000341
-0.000000000000000008
-0.000000000000000268
0.000000000000000259
-0.000000000000000592
0.000000000000000825
-0.000000000000000369
0.000000000000000465
-0.000000000000000188
-0.000000000000000308
0.000000000000000196
-0.000000000000000341
0.000000000000000436
-0.000000000000000090
0.000000000000000131
-0.000000000000000418
0.000000000000000141
-0.000000000000000124
0.000000000000000188
0.000000000000000162
-0.000000000000000167
-0.000000000000000201
0.000000000000000084
0.000000000000000247
-0.000000000000000254
0.000000000000000391
-0.000000000000000171
