-0.000000000000000
-0.000000000000000
-0.000000000000001
-0.000000000000000
-0.000000000000001
-0.000000000000001
-0.000000000000001
-0.000000000000001
-0.000000000000001
-0.000000000000001
-0.000000000000001
-0.000000000000000
0.000000000000000
0.000000000000001
0.000000000000001
0.000000000000001
0.000000000000001
0.000000000000001
0.000000000000001
0.000000000000000
0.000000000000000
0.000000000000000
0.000000000000000
0.000000000000001
0.000000000000001
0.000000000000002
0.000000000000002
0.000000000000002
0.000000000000003
0.000000000000003
0.000000000000003
0.000000000000003
0.000000000000002
0.000000000000002
0.000000000000002
0.000000000000001
0.000000000000002
0.000000000000002
0.000000000000002
0.000000000000002
0.000000000000002
0.000000000000002
0.000000000000002
0.000000000000001
0.000000000000000
-0.000000000000000
-0.000000000000001
-0.000000000000001
-0.000000000000001
-0.000000000000001
-0.000000000000001
-0.000000000000001
-0.000000000000000
-0.000000000000001
-0.000000000000000
-0.000000000000000
-0.000000000000000
-0.000000000000000
0.000000000000000
-0.000000000000000
0.000000000000000
0.000000000000001
0.000000000000000
0.000000000000001
0.000000000000001
0.000000000000000
0.000000000000000
-0.000000000000000
-0.000000000000001
-0.000000000000000
-0.000000000000000
-0.000000000000000
-0.000000000000000
0.000000000000000
-0.000000000000000
0.000000000000000
0.000000000000000
-0.000000000000000
-0.000000000000000
-0.000000000000000
-0.000000000000000
-0.000000000000001
-0.000000000000000
-0.000000000000001
-0.000000000000001
-0.000000000000001
-0.000000000000001
-0.000000000000002
-0.000000000000002
-0.000000000000002
-0.000000000000002
-0.000000000000002
-0.000000000000002
-0.000000000000002
-0.000000000000002
-0.000000000000001
-0.000000000000001
-0.000000000000001
-0.000000000000001
-0.000000000000001
-0.000000000000000
0.000000000000000
0.000000000000001
0.000000000000001
0.000000000000001
0.000000000000001
0.000000000000001
0.000000000000001
0.000000000000001
0.000000000000001
0.000000000000001
0.000000000000001
0.000000000000001
0.000000000000002
0.000000000000001
0.000000000000001
0.000000000000001
0.000000000000000
0.000000000000000
0.000000000000000
0.000000000000000
0.000000000000001
0.000000000000001
0.000000000000002
0.000000000000003
0.000000000000003
0.000000000000003
0.000000000000003
0.000000000000003
0.000000000000003
0.000000000000002
0.000000000000002
0.000000000000002
0.000000000000002
0.000000000000003
0.000000000000003
0.000000000000002
0.000000000000003
0.000000000000002
0.000000000000002
0.000000000000001
0.000000000000002
0.000000000000002
0.000000000000002
0.000000000000002
0.000000000000002
0.000000000000002
0.000000000000002
0.000000000000002
0.000000000000003
0.000000000000003
0.000000000000002
0.000000000000002
0.000000000000001
0.000000000000001
0.000000000000001
0.000000000000001
0.000000000000000
0.000000000000000
-0.000000000000000
-0.000000000000001
-0.000000000000002
-0.000000000000002
-0.000000000000002
-0.000000000000002
-0.000000000000001
-0.000000000000001
-0.000000000000001
-0.000000000000000
-0.000000000000000
-0.000000000000000
-0.000000000000001
-0.000000000000001
-0.000000000000001
-0.000000000000002
-0.000000000000002
-0.000000000000003
-0.000000000000003
-0.000000000000003
-0.000000000000004
-0.000000000000005
-0.000000000000006
-0.000000000000007
-0.000000000000009
-0.000000000000010
-0.000000000000011
-0.000000000000012
-0.000000000000013
-0.000000000000015
-0.000000000000017
-0.000000000000020
-0.000000000000023
-0.000000000000027
-0.000000000000030
-0.000000000000035
-0.000000000000041
-0.000000000000047
-0.000000000000055
-0.000000000000064
-0.000000000000076
-0.000000000000090
-0.000000000000107
-0.000000000000127
-0.000000000000152
-0.000000000000181
-0.000000000000216
-0.000000000000258
-0.000000000000308
-0.000000000000367
-0.000000000000438
-0.000000000000522
-0.000000000000622
-0.000000000000740
-0.000000000000880
-0.000000000001046
-0.000000000001242
-0.000000000001476
-0.000000000001752
-0.000000000002078
-0.000000000002463
-0.000000000002919
-0.000000000003457
-0.000000000004092
-0.000000000004841
-0.000000000005725
-0.000000000006766
-0.000000000007992
-0.000000000009434
-0.000000000011130
-0.000000000013123
-0.000000000015466
-0.000000000018216
-0.000000000021443
-0.000000000025230
-0.000000000029667
-0.000000000034866
-0.000000000040954
-0.000000000048077
-0.000000000056409
-0.000000000066148
-0.000000000077526
-0.000000000090811
-0.000000000106314
-0.000000000124395
-0.000000000145471
-0.000000000170023
-0.000000000198608
-0.000000000231871
-0.000000000270556
-0.000000000315519
-0.000000000367751
-0.000000000428392
-0.000000000498754
-0.000000000580351
-0.000000000674922
-0.000000000784468
-0.000000000911287
-0.000000001058020
-0.000000001227696
-0.000000001423790
-0.000000001650286
-0.000000001911748
-0.000000002213400
-0.000000002561221
-0.000000002962045
-0.000000003423687
-0.000000003955068
-0.000000004566370
-0.000000005269211
-0.000000006076832
-0.000000007004319
-0.000000008068848
-0.000000009289962
-0.000000010689885
-0.000000012293872
-0.000000014130607
-0.000000016232646
-0.000000018636919
-0.000000021385286
-0.000000024525171
-0.000000028110265
-0.000000032201317
-0.000000036867017
-0.000000042184988
-0.000000048242889
-0.000000055139649
-0.000000062986851
-0.000000071910261
-0.000000082051549
-0.000000093570193
-0.000000106645603
-0.000000121479488
-0.000000138298473
-0.000000157357020
-0.000000178940659
-0.000000203369576
-0.000000231002585
-0.000000262241528
-0.000000297536143
-0.000000337389442
-0.000000382363655
-0.000000433086793
-0.000000490259875
-0.000000554664912
-0.000000627173680
-0.000000708757386
-0.000000800497289
-0.000000903596372
-0.000001019392154
-0.000001149370743
-0.000001295182234
-0.000001458657579
-0.000001641827039
-0.000001846940363
-0.000002076488828
-0.000002333229292
-0.000002620210435
-0.000002940801349
-0.000003298722651
-0.000003698080354
-0.000004143402651
-0.000004639679881
-0.000005192407877
-0.000005807634955
-0.000006492012811
-0.000007252851587
-0.000008098179399
-0.000009036806633
-0.000010078395325
-0.000011233533945
-0.000012513817952
-0.000013931936459
-0.000015501765394
-0.000017238467549
-0.000019158599893
-0.000021280228604
-0.000023623052209
-0.000026208533288
-0.000029060039181
-0.000032202992161
-0.000035665029528
-0.000039476174097
-0.000043669015552
-0.000048278903131
-0.000053344150126
-0.000058906250658
-0.000065010109184
-0.000071704283200
-0.000079041239561
-0.000087077624849
-0.000095874550168
-0.000105497890763
-0.000116018600767
-0.000127513043398
-0.000140063336852
-0.000153757716101
-0.000168690910745
-0.000184964538999
-0.000202687517843
-0.000221976489263
-0.000242956262439
-0.000265760271635
-0.000290531049445
-0.000317420714946
-0.000346591476163
-0.000378216146148
-0.000412478671822
-0.000449574674576
-0.000489712001471
-0.000533111285714
-0.000580006514896
-0.000630645605288
-0.000685290980322
-0.000744220151121
-0.000807726296782
-0.000876118841864
-0.000949724028285
-0.001028885478639
-0.001113964747635
-0.001205341858176
-0.001303415818282
-0.001408605114832
-0.001521348179835
-0.001642103824668
-0.001771351637469
-0.001909592338601
-0.002057348088869
-0.002215162744895
-0.002383602055842
-0.002563253795436
-0.002754727823031
-0.002958656067226
-0.003175692425430
-0.003406512572523
-0.003651813671702
-0.003912313980426
-0.004188752344359
-0.004481887572079
-0.004792497683391
-0.005121379024052
-0.005469345239793
-0.005837226102676
-0.006225866182908
-0.006636123359529
-0.007068867163596
-0.007524976947836
-0.008005339877119
-0.008510848734532
-0.009042399538371
-0.009600888965899
-0.010187211580407
-0.010802256858779
-0.011446906017578
-0.012122028636500
-0.012828479078962
-0.013567092710587
-0.014338681917429
-0.015144031926856
-0.015983896435259
-0.016858993047990
-0.017769998538248
-0.018717543933012
-0.019702209435554
-0.020724519195544
-0.021784935939263
-0.022883855474020
-0.024021601082419
-0.025198417823772
-0.026414466761531
-0.027669819137248
-0.028964450513208
-0.030298234907442
-0.031670938946428
-0.033082216062315
-0.034531600762980
-0.036018503004673
-0.037542202698308
-0.039101844381770
-0.040696432091727
-0.042324824469478
-0.043985730136322
-0.045677703374643
-0.047399140151584
-0.049148274522600
-0.050923175452448
-0.052721744091283
-0.054541711543355
-0.056380637165506
-0.058235907432066
-0.060104735401977
-0.061984160822893
-0.063871050905758
-0.065762101801775
-0.067653840811896
-0.069542629356890
-0.071424666733710
-0.073295994681277
-0.075152502775961
-0.076989934673911
-0.078803895214026
-0.080589858391739
-0.082343176209975
-0.084059088409554
-0.085732733077049
-0.087359158123657
-0.088933333624001
-0.090450164999001
-0.091904507022030
-0.093291178622557
-0.094604978456362
-0.095840701206282
-0.096993154572216
-0.098057176903999
-0.099027655425568
-0.099899544993819
-0.100667887330553
-0.101327830661112
-0.101874649688659
-0.102303765828583
-0.102610767623346
-0.102791431254168
-0.102841741062322
-0.102757909989570
-0.102536399844390
-0.102173941298192
-0.101667553513659
-0.101014563305846
-0.100212623735569
-0.099259732034099
-0.098154246758151
-0.096894904074747
-0.095480833076628
-0.093911570030617
-0.092187071463642
-0.090307725994018
-0.088274364819089
-0.086088270774430
-0.083751185884480
-0.081265317329725
-0.078633341761381
-0.075858407900856
-0.072944137368172
-0.069894623690849
-0.066714429452607
-0.063408581549449
-0.059982564529316
-0.056442312000482
-0.052794196103079
-0.049045015047645
-0.045201978734306
-0.041272692475988
-0.037265138858977
-0.033187657784098
-0.029048924741640
-0.024857927382994
-0.020623940461572
-0.016356499225027
-0.012065371349928
-0.007760527518834
-0.003452110748132
0.000849595417064
0.005134199717222
0.009391236871290
0.013610202011343
0.017780585716522
0.021891909498927
0.025933761589999
0.029895832872541
0.033767952800995
0.037540125150860
0.041202563437272
0.044745725842791
0.048160349495279
0.051437483938570
0.054568523641228
0.057545239392245
0.060359808436856
0.063004843210895
0.065473418538113
0.067759097161691
0.069855953488714
0.071758595434635
0.073462184263659
0.074962452330488
0.076255718638952
0.077338902143582
0.078209532731206
0.078865759830993
0.079306358613033
0.079530733747420
0.079538920707880
0.079331584616103
0.078910016635065
0.078276127931772
0.077432441241765
0.076382080079487
0.075128755650134
0.073676751529693
0.072030906190654
0.070196593461118
0.068179701014779
0.065986606998393
0.063624154911862
0.061099626863936
0.058420715333567
0.055595493573379
0.052632384797205
0.049540130298409
0.046327756649587
0.043004542137274
0.039579982587437
0.036063756738850
0.032465691321847
0.028795725999519
0.025063878327131
0.021280208883430
0.017454786724551
0.013597655307576
0.009718799026298
0.005828110496619
0.001935358723164
-0.001949841727741
-0.005818060430631
-0.009660079568403
-0.013466921062223
-0.017229872269686
-0.020940510165894
-0.024590723931148
-0.028172735878308
-0.031679120662335
-0.035102822724128
-0.038437171930458
-0.041675897381424
-0.044813139366476
-0.047843459459531
-0.050761848753018
-0.053563734239778
-0.056244983360589
-0.058801906743579
-0.061231259169952
-0.063530238808206
-0.065696484766366
-0.067728073018581
-0.069623510768855
-0.071381729320474
-0.073002075525090
-0.074484301890086
-0.075828555427164
-0.077035365328625
-0.078105629560925
-0.079040600467543
-0.079841869475120
-0.080511350998115
-0.081051265638076
-0.081464122773797
-0.081752702638385
-0.081920037978433
-0.081969395389261
-0.081904256418389
-0.081728298527296
-0.081445375998896
-0.081059500875229
-0.080574824006572
-0.079995616289559
-0.079326250168018
-0.078571181466110
-0.077734931618991
-0.076822070361733
-0.075837198932546
-0.074784933841587
-0.073669891251803
-0.072496672013322
-0.071269847388042
-0.069993945496129
-0.068673438511312
-0.067312730627059
-0.065916146811024
-0.064487922360600
-0.063032193267949
-0.061552987398633
-0.060054216483835
-0.058539668922286
-0.057013003384278
-0.055477743206671
-0.053937271564555
-0.052394827402175
-0.050853502102982
-0.049316236876097
-0.047785820834237
-0.046264889736053
-0.044755925364105
-0.043261255508095
-0.041783054521724
-0.040323344420444
-0.038883996486550
-0.037466733347452
-0.036073131492552
-0.034704624193975
-0.033362504796400
-0.032047930341413
-0.030761925492178
-0.029505386724722
-0.028279086752818
-0.027083679154238
-0.025919703167068
-0.024787588625847
-0.023687661008381
-0.022620146565340
-0.021585177506023
-0.020582797215032
-0.019612965476015
-0.018675563680059
-0.017770399997809
-0.016897214495858
-0.016055684179478
-0.015245427945205
-0.014466011428365
-0.013716951731988
-0.012997722025092
-0.012307755999686
-0.011646452177209
-0.011013178056486
-0.010407274096522
-0.009828057528725
-0.009274825994295
-0.008746861003636
-0.008243431215728
-0.007763795536337
-0.007307206034933
-0.006872910680995
-0.006460155901198
-0.006068188959726
-0.005696260164603
-0.005343624903527
-0.005009545513286
-0.004693292987245
-0.004394148525863
-0.004111404935551
-0.003844367881488
-0.003592357000262
-0.003354706878428
-0.003130767903209
-0.002919906991700
-0.002721508205002
-0.002534973253740
-0.002359721901420
-0.002195192272046
-0.002040841068355
-0.001896143706917
-0.001760594376241
-0.001633706023902
-0.001515010278506
-0.001404057312164
-0.001300415648938
-0.001203671924533
-0.001113430602266
-0.001029313650159
-0.000950960183741
-0.000878026078927
-0.000810183559106
-0.000747120760330
-0.000688541278264
-0.000634163700317
-0.000583721126142
-0.000536960679488
-0.000493643014122
-0.000453541816359
-0.000416443306518
-0.000382145741411
-0.000350458919776
-0.000321203692394
-0.000294211478432
-0.000269323789385
-0.000246391761848
-0.000225275700164
-0.000205844629884
-0.000187975862798
-0.000171554574219
-0.000156473393040
-0.000142632005001
-0.000129936769488
-0.000118300350109
-0.000107641359174
-0.000097884016173
-0.000088957820243
-0.000080797236560
-0.000073341396528
-0.000066533811615
-0.000060322100601
-0.000054657729990
-0.000049495767294
-0.000044794646878
-0.000040515948020
-0.000036624184811
-0.000033086607535
-0.000029873015130
-0.000026955578315
-0.000024308673002
-0.000021908723553
-0.000019734055484
-0.000017764757209
-0.000015982550399
-0.000014370668564
-0.000012913743460
-0.000011597698916
-0.000010409651721
-0.000009337819185
-0.000008371433008
-0.000007500659121
-0.000006716523156
-0.000006010841200
-0.000005376155554
-0.000004805675161
-0.000004293220435
-0.000003833172205
-0.000003420424524
-0.000003050341064
-0.000002718714900
-0.000002421731410
-0.000002155934121
-0.000001918193266
-0.000001705676873
-0.000001515824210
-0.000001346321403
-0.000001195079084
-0.000001060211903
-0.000000940019771
-0.000000832970704
-0.000000737685145
-0.000000652921639
-0.000000577563765
-0.000000510608226
-0.000000451153989
-0.000000398392411
-0.000000351598251
-0.000000310121502
-0.000000273379980
-0.000000240852587
-0.000000212073220
-0.000000186625239
-0.000000164136465
-0.000000144274656
-0.000000126743418
-0.000000111278508
-0.000000097644504
-0.000000085631796
-0.000000075053882
-0.000000065744924
-0.000000057557561
-0.000000050360928
-0.000000044038890
-0.000000038488449
-0.000000033618317
-0.000000029347636
-0.000000025604836
-0.000000022326605
-0.000000019456974
-0.000000016946497
-0.000000014751517
-0.000000012833516
-0.000000011158527
-0.000000009696624
-0.000000008421447
-0.000000007309799
-0.000000006341280
-0.000000005497954
-0.000000004764070
-0.000000004125800
-0.000000003571011
-0.000000003089067
-0.000000002670648
-0.000000002307594
-0.000000001992762
-0.000000001719906
-0.000000001483569
-0.000000001278982
-0.000000001101983
-0.000000000948941
-0.000000000816689
-0.000000000702472
-0.000000000603886
-0.000000000518842
-0.000000000445522
-0.000000000382346
-0.000000000327944
-0.000000000281123
-0.000000000240851
-0.000000000206232
-0.000000000176488
-0.000000000150949
-0.000000000129033
-0.000000000110236
-0.000000000094125
-0.000000000080323
-0.000000000068506
-0.000000000058395
-0.000000000049748
-0.000000000042357
-0.000000000036045
-0.000000000030655
-0.000000000026057
-0.000000000022136
-0.000000000018794
-0.000000000015949
-0.000000000013526
-0.000000000011464
-0.000000000009712
-0.000000000008223
-0.000000000006958
-0.000000000005885
-0.000000000004974
-0.000000000004202
-0.000000000003547
-0.000000000002993
-0.000000000002525
-0.000000000002128
-0.000000000001792
-0.000000000001509
-0.000000000001270
-0.000000000001068
-0.000000000000898
-0.000000000000754
-0.000000000000633
-0.000000000000531
-0.000000000000446
-0.000000000000374
-0.000000000000313
-0.000000000000262
-0.000000000000219
-0.000000000000183
-0.000000000000153
-0.000000000000128
-0.000000000000107
-0.000000000000089
-0.000000000000074
-0.000000000000062
-0.000000000000052
-0.000000000000043
-0.000000000000036
-0.000000000000029
-0.000000000000024
-0.000000000000021
-0.000000000000017
-0.000000000000014
-0.000000000000012
-0.000000000000010
-0.000000000000008
-0.000000000000007
-0.000000000000006
-0.000000000000004
-0.000000000000004
-0.000000000000003
-0.000000000000002
-0.000000000000003
-0.000000000000002
-0.000000000000002
-0.000000000000001
-0.000000000000001
-0.000000000000001
-0.000000000000001
-0.000000000000001
-0.000000000000001
-0.000000000000001
-0.000000000000000
-0.000000000000000
0.000000000000000
-0.000000000000000
-0.000000000000000
-0.000000000000000
-0.000000000000001
0.000000000000001
0.000000000000001
0.000000000000000
-0.000000000000000
-0.000000000000001
0.000000000000000
0.000000000000000
0.000000000000000
-0.000000000000000
-0.000000000000000
-0.000000000000000
-0.000000000000000
0.000000000000000
-0.000000000000000
0.000000000000000
0.000000000000000
-0.000000000000000
0.000000000000000
-0.000000000000000
-0.000000000000000
0.000000000000000
0.000000000000000
0.000000000000000
-0.000000000000000
0.000000000000000
-0.000000000000000
0.000000000000000
-0.000000000000000
-0.000000000000000
0.000000000000000
0.000000000000000
-0.000000000000000
0.000000000000000
0.000000000000000
-0.000000000000000
-0.000000000000000
0.000000000000000
0.000000000000000
0.000000000000001
-0.000000000000000
-0.000000000000001
-0.000000000000000
0.000000000000000
0.000000000000000
-0.000000000000000
0.000000000000000
-0.000000000000000
0.000000000000000
-0.000000000000001
0.000000000000000
0.000000000000000
-0.000000000000000
0.000000000000000
0.000000000000000
-0.000000000000001
-0.000000000000000
0.000000000000000
-0.000000000000000
0.000000000000000
0.000000000000001
-0.000000000000000
-0.000000000000000
-0.000000000000000
0.000000000000000
0.000000000000000
0.000000000000000
-0.000000000000001
-0.000000000000000
0.000000000000001
-0.000000000000000
-0.000000000000000
-0.000000000000000
0.000000000000000
0.000000000000000
0.000000000000000
-0.000000000000000
0.000000000000000
-0.000000000000000
0.000000000000001
-0.000000000000000
0.000000000000000
-0.000000000000000
0.000000000000000
-0.000000000000000
-0.000000000000000
0.000000000000000
0.000000000000000
0.000000000000000
-0.000000000000001
-0.000000000000000
0.000000000000000
0.000000000000000
-0.000000000000001
-0.000000000000000
0.000000000000000
0.000000000000000
-0.000000000000000
-0.000000000000000
-0.000000000000000
-0.000000000000000
0.000000000000000
0.000000000000000
-0.000000000000000
-0.000000000000000
-0.000000000000000
0.000000000000000
0.000000000000000
0.000000000000000
-0.000000000000000
-0.000000000000000
-0.000000000000000
0.000000000000000
0.000000000000000
-0.000000000000000
-0.000000000000000
0.000000000000000
0.000000000000000
-0.000000000000000
-0.000000000000001
0.000000000000000
0.000000000000001
-0.000000000000000
-0.000000000000001
0.000000000000000
0.000000000000000
0.000000000000000
-0.000000000000000
-0.000000000000000
0.000000000000000
0.000000000000000
-0.000000000000000
-0.000000000000000
0.000000000000000
0.000000000000000
-0.000000000000000
-0.000000000000001
0.000000000000001
0.000000000000001
0.000000000000000
-0.000000000000001
-0.000000000000000
0.000000000000000
0.000000000000001
-0.000000000000000
-0.000000000000000
0.000000000000000
-0.000000000000000
0.000000000000000
0.000000000000000
-0.000000000000000
0.000000000000000
-0.000000000000000
0.000000000000000
0.000000000000000
-0.000000000000000
-0.000000000000000
-0.000000000000000
0.000000000000000
0.000000000000000
0.000000000000000
0.000000000000000
-0.000000000000000
-0.000000000000000
-0.000000000000000
0.000000000000000
0.000000000000000
-0.000000000000000
0.000000000000000
-0.000000000000000
0.000000000000000
-0.000000000000000
0.000000000000000
0.000000000000001
-0.000000000000000
-0.000000000000000
0.000000000000000
0.000000000000000
-0.000000000000000
0.000000000000000
0.000000000000000
-0.000000000000000
-0.000000000000001
0.000000000000000
0.000000000000000
0.000000000000000
0.000000000000000
-0.000000000000000
-0.000000000000001
0.000000000000001
0.000000000000000
-0.000000000000000
0.000000000000000
-0.000000000000000
0.000000000000000
0.000000000000000
-0.000000000000000
0.000000000000000
0.000000000000000
-0.000000000000000
0.000000000000000
-0.000000000000000
0.000000000000000
-0.000000000000000
-0.000000000000000
0.000000000000001
-0.000000000000000
-0.000000000000000
-0.000000000000000
0.000000000000000
-0.000000000000000
0.000000000000000
0.000000000000000
-0.000000000000000
-0.000000000000000
0.000000000000000
0.000000000000000
-0.000000000000000
-0.000000000000001
0.000000000000000
-0.000000000000000
0.000000000000000
-0.000000000000000
-0.000000000000000
-0.000000000000000
0.000000000000000
0.000000000000000
0.000000000000000
-0.000000000000000
-0.000000000000000
-0.000000000000000
0.000000000000000
0.000000000000000
-0.000000000000001
-0.000000000000001
0.000000000000001
0.000000000000000
-0.000000000000000
-0.000000000000000
-0.000000000000001
0.000000000000001
0.000000000000000
-0.000000000000001
0.000000000000000
-0.000000000000000
-0.000000000000000
0.000000000000000
-0.000000000000000
0.000000000000000
-0.000000000000000
-0.000000000000001
-0.000000000000000
0.000000000000001
0.000000000000000
-0.000000000000001
-0.000000000000000
0.000000000000000
0.000000000000000
0.000000000000000
-0.000000000000000
-0.000000000000000
0.000000000000000
-0.000000000000000
0.000000000000000
-0.000000000000000
0.000000000000000
-0.000000000000000
-0.000000000000000
-0.000000000000000
0.000000000000000
-0.000000000000000
0.000000000000001
-0.000000000000001
-0.000000000000000
0.000000000000000
-0.000000000000000
-0.000000000000000
-0.000000000000000
0.000000000000000
0.000000000000001
-0.000000000000001
-0.000000000000000
-0.000000000000000
0.000000000000000
0.000000000000000
-0.000000000000001
0.000000000000000
0.000000000000000
-0.000000000000001
0.000000000000001
0.000000000000001
-0.000000000000000
-0.000000000000000
-0.000000000000000
0.000000000000000
0.000000000000000
-0.000000000000000
-0.000000000000000
-0.000000000000000
-0.000000000000000
0.000000000000000
-0.000000000000000
0.000000000000000
-0.000000000000000
-0.000000000000000
0.000000000000000
-0.000000000000001
-0.000000000000000
0.000000000000000
0.000000000000000
-0.000000000000000
0.000000000000000
-0.000000000000000
0.000000000000000
-0.000000000000000
0.000000000000000
0.000000000000000
0.000000000000000
0.000000000000000
-0.000000000000001
0.000000000000001
0.000000000000001
-0.000000000000001
0.000000000000000
-0.000000000000000
-0.000000000000001
0.000000000000001
0.000000000000000
0.000000000000000
-0.000000000000001
