-0.000000000000000088
-0.000000000000000075
-0.000000000000000100
-0.000000000000000098
0.000000000000000106
0.000000000000000141
0.000000000000000061
0.000000000000000058
-0.000000000000000268
-0.000000000000000310
0.000000000000000021
0.000000000000000169
0.000000000000000109
0.000000000000000028
0.000000000000000065
0.000000000000000075
-0.000000000000000200
-0.000000000000000498
-0.000000000000000356
-0.000000000000000276
-0.000000000000000207
0.000000000000000064
0.000000000000000134
0.000000000000000042
-0.000000000000000118
-0.000000000000000418
-0.000000000000000231
0.000000000000000313
0.000000000000000484
0.000000000000000380
0.000000000000000357
0.000000000000000626
0.000000000000000495
-0.000000000000000125
0.000000000000000028
-0.000000000000000058
-0.000000000000000295
-0.000000000000000475
-0.000000000000000917
-0.000000000000000760
-0.000000000000000319
-0.000000000000000090
-0.000000000000000049
-0.000000000000000110
0.000000000000000089
0.000000000000000327
0.000000000000000272
-0.000000000000000567
-0.000000000000001103
-0.000000000000001126
-0.000000000000002028
-0.000000000000003898
-0.000000000000007168
-0.000000000000012387
-0.000000000000023508
-0.000000000000044972
-0.000000000000084867
-0.000000000000158132
-0.000000000000291376
-0.000000000000532572
-0.000000000000965187
-0.000000000001733574
-0.000000000003088158
-0.000000000005454287
-0.000000000009549005
-0.000000000016579477
-0.000000000028549152
-0.000000000048753557
-0.000000000082561816
-0.000000000138640224
-0.000000000230960222
-0.000000000381739883
-0.000000000625986610
-0.000000001018335358
-0.000000001643319254
-0.000000002631734646
-0.000000004183104185
-0.000000006599004556
-0.000000010331095593
-0.000000016050148416
-0.000000024754023289
-0.000000037904867390
-0.000000057625827681
-0.000000086972114774
-0.000000130304568665
-0.000000193870487674
-0.000000286473993638
-0.000000420411105743
-0.000000612701730962
-0.000000886719035935
-0.000001274757762749
-0.000001820635898543
-0.000002583269039454
-0.000003641167249499
-0.000005098147551009
-0.000007092761965264
-0.000009806145111580
-0.000013472912320131
-0.000018394210247339
-0.000024953658405411
-0.000033646475947316
-0.000045096743420898
-0.000060083332097564
-0.000079569242302221
-0.000104736148815469
-0.000137061719408165
-0.000178340824370925
-0.000230730904537705
-0.000296799503629682
-0.000379578713357920
-0.000482747182467565
-0.000610607652998362
-0.000768133664381028
-0.000961010588414787
-0.001195684306483101
-0.001479757193258616
-0.001821770427624988
-0.002231183659277854
-0.002718334378473812
-0.003294412158651542
-0.003972285494698634
-0.004765760782186273
-0.005689367288305526
-0.006758114578259614
-0.007987302967176405
-0.009394201101004864
-0.010996244826399458
-0.012810487429723183
-0.014853057060635409
-0.017138776591236377
-0.019684409538330172
-0.022505114016985739
-0.025613506960991555
-0.029018854632365278
-0.032726639584371990
-0.036744364894812011
-0.041075583218108669
-0.045718691981872089
-0.050666077044311336
-0.055903942002693691
-0.061421661608998354
-0.067202892072743145
-0.073224341402568560
-0.079455182534135554
-0.085857488177325858
-0.092399633130012232
-0.099044320894916799
-0.105747533512910039
-0.112458418475218799
-0.119120461680109410
-0.125688493147479541
-0.132113885331353237
-0.138343687687972589
-0.144320919726817959
-0.149986270410282174
-0.155297240823911581
-0.160211243126846814
-0.164684730184090994
-0.168673596156736216
-0.172134951111859363
-0.175046343954500333
-0.177387946021977078
-0.179141468936374532
-0.180290361526711906
-0.180821240036979414
-0.180741254741187768
-0.180060831159318924
-0.178792346501629090
-0.176950010599316920
-0.174550787166702609
-0.171628668039238291
-0.168219404404636119
-0.164359132874284969
-0.160084067027017662
-0.155431021392614332
-0.150448234269356718
-0.145183104616281394
-0.139681050935502399
-0.133985246801358121
-0.128136982657803572
-0.122183352945128415
-0.116168361229716452
-0.110132209301751521
-0.104111245564076943
-0.098138345765609092
-0.092248099965640817
-0.086471011738047235
-0.080833236512534296
-0.075356764059503673
-0.070059865237358354
-0.064960443775075316
-0.060072647434601209
-0.055406927251639690
-0.050970358655395238
-0.046767098104707180
-0.042800452848283613
-0.039071110337201870
-0.035577340627436685
-0.032315329538261037
-0.029279563602328459
-0.026464034600574914
-0.023861407506013788
-0.021463225313490330
-0.019260165688014020
-0.017242305623139918
-0.015399765223574873
-0.013722345560965391
-0.012199666694785848
-0.010821319124050910
-0.009577007238061945
-0.008456851737011689
-0.007451230375426165
-0.006550840280758515
-0.005746760094231182
-0.005030502799418382
-0.004394129053603710
-0.003830165153387805
-0.003331611554711835
-0.002891949190933326
-0.002505140254111702
-0.002165650389167387
-0.001868396071209520
-0.001608726635820457
-0.001382405611951610
-0.001185590323119362
-0.001014819187716737
-0.000866974239188336
-0.000739256539943355
-0.000629162382307421
-0.000534459976844015
-0.000453169476485801
-0.000383536835150656
-0.000324012677342948
-0.000273232550932024
-0.000229998436962381
-0.000193262143135559
-0.000162108384056073
-0.000135740063259903
-0.000113464861645682
-0.000094683036094305
-0.000078876425008344
-0.000065598402297106
-0.000054464938149284
-0.000045146616771891
-0.000037361530086686
-0.000030868930363892
-0.000025463741158187
-0.000020971663200793
-0.000017244878538047
-0.000014158293101589
-0.000011606221961590
-0.000009499610440794
-0.000007763573047562
-0.000006335265317375
-0.000005162050265543
-0.000004199902072701
-0.000003412093380477
-0.000002768044665553
-0.000002242342410310
-0.000001813904332164
-0.000001465261946352
-0.000001181978292412
-0.000000952143437813
-0.000000765949130025
-0.000000615331420454
-0.000000493667263658
-0.000000395530664866
-0.000000316483877389
-0.000000252903276281
-0.000000201834618680
-0.000000160871574884
-0.000000128058851710
-0.000000101810190482
-0.000000080840666501
-0.000000064110972475
-0.000000050781144902
-0.000000040173911466
-0.000000031744004868
-0.000000025053056188
-0.000000019749126652
-0.000000015549869983
-0.000000012229280968
-0.000000009606707500
-0.000000007537943859
-0.000000005908029291
-0.000000004625376231
-0.000000003617174798
-0.000000002825620045
-0.000000002204881023
-0.000000001718660510
-0.000000001338232956
-0.000000001040908836
-0.000000000808792495
-0.000000000627783751
-0.000000000486785832
-0.000000000377070424
-0.000000000291788815
-0.000000000225568594
-0.000000000174202671
-0.000000000134402541
-0.000000000103595512
-0.000000000079771813
-0.000000000061368314
-0.000000000047165551
-0.000000000036216373
-0.000000000027782438
-0.000000000021293686
-0.000000000016305101
-0.000000000012473890
-0.000000000009534667
-0.000000000007281018
-0.000000000005555234
-0.000000000004235104
-0.000000000003226615
-0.000000000002454917
-0.000000000001866564
-0.000000000001417653
-0.000000000001076410
-0.000000000000817027
-0.000000000000619484
-0.000000000000468296
-0.000000000000354426
-0.000000000000267787
-0.000000000000202289
-0.000000000000153425
-0.000000000000115775
-0.000000000000086379
-0.000000000000065344
-0.000000000000049832
-0.000000000000036651
-0.000000000000027381
-0.000000000000021182
-0.000000000000016218
-0.000000000000011650
-0.000000000000008587
-0.000000000000006240
-0.000000000000004978
-0.000000000000003806
-0.000000000000002585
-0.000000000000002483
-0.000000000000001580
-0.000000000000000460
-0.000000000000000887
-0.000000000000001027
-0.000000000000000371
-0.000000000000000163
-0.000000000000000216
-0.000000000000000532
0.000000000000000113
0.000000000000000109
-0.000000000000000231
-0.000000000000000090
-0.000000000000000342
-0.000000000000000083
0.000000000000000439
0.000000000000000018
-0.000000000000000300
-0.000000000000000212
0.000000000000000057
0.000000000000000483
-0.000000000000000190
-0.000000000000000364
0.000000000000000002
0.000000000000000401
0.000000000000000156
-0.000000000000000054
-0.000000000000000571
-0.000000000000000058
0.000000000000000591
0.000000000000000410
-0.000000000000000467
-0.000000000000000460
0.000000000000000349
0.000000000000000393
-0.000000000000000016
-0.000000000000000392
-0.000000000000000136
0.000000000000000224
0.000000000000000394
0.000000000000000029
-0.000000000000000600
-0.000000000000000117
0.000000000000000206
0.000000000000000108
0.000000000000000173
-0.000000000000000237
-0.000000000000000236
0.000000000000000268
0.000000000000000249
-0.000000000000000083
-0.000000000000000135
0.000000000000000034
-0.000000000000000032
0.000000000000000059
-0.000000000000000038
0.000000000000000302
-0.000000000000000309
-0.000000000000000344
0.000000000000000456
0.000000000000000251
-0.000000000000000671
-0.000000000000000062
0.000000000000000457
0.000000000000000195
-0.000000000000000320
0.000000000000000215
-0.000000000000000190
-0.000000000000000100
0.000000000000000178
-0.000000000000000097
0.000000000000000309
-0.000000000000000332
0.000000000000000152
-0.000000000000000350
0.000000000000000202
0.000000000000000369
-0.000000000000000200
0.000000000000000134
-0.000000000000000313
-0.000000000000000187
-0.000000000000000148
0.000000000000000545
0.000000000000000333
-0.000000000000000622
-0.000000000000000005
-0.000000000000000019
0.000000000000000209
0.000000000000000470
-0.000000000000000169
-0.000000000000000361
0.000000000000000022
0.000000000000000583
0.000000000000000018
-0.000000000000000079
-0.000000000000000323
-0.000000000000000285
0.000000000000000067
0.000000000000000600
0.000000000000000157
-0.000000000000000591
-0.000000000000000425
0.000000000000000832
-0.000000000000000288
-0.000000000000000331
0.000000000000000451
-0.000000000000000164
-0.000000000000000212
0.000000000000000030
0.000000000000000399
-0.000000000000000113
-0.000000000000000346
0.000000000000000060
0.000000000000000156
0.000000000000000232
0.000000000000000400
-0.000000000000000445
-0.000000000000000342
0.000000000000000213
0.000000000000000451
0.000000000000000051
-0.000000000000000518
0.000000000000000298
-0.000000000000000217
0.000000000000000502
-0.000000000000000443
0.000000000000000203
0.000000000000000016
-0.000000000000000190
-0.000000000000000174
0.000000000000000501
-0.000000000000000768
0.000000000000000496
-0.000000000000000336
-0.000000000000000043
0.000000000000000206
-0.000000000000000298
0.000000000000000295
0.000000000000000302
-0.000000000000000595
-0.000000000000000039
0.000000000000000168
0.000000000000000554
-0.000000000000000288
0.000000000000000077
-0.000000000000000443
0.000000000000000304
0.000000000000000159
0.000000000000000339
-0.000000000000001027
0.000000000000000343
-0.000000000000000074
0.000000000000000047
0.000000000000000333
-0.000000000000000216
-0.000000000000000240
0.000000000000000151
-0.000000000000000229
0.000000000000000555
-0.000000000000000484
0.000000000000000114
-0.000000000000000470
0.000000000000000120
0.000000000000000458
-0.000000000000000022
0.000000000000000015
-0.000000000000000105
-0.000000000000000566
0.000000000000000465
-0.000000000000000025
0.000000000000000003
0.000000000000000087
-0.000000000000000626
0.000000000000000313
0.000000000000000612
-0.000000000000000554
0.000000000000000073
0.000000000000000250
