2.55274521
2.26802686
2.01182246
1.78146877
1.57454374
1.38884493
1.22236993
1.07329851
0.93997629
0.82089992
0.71470355
0.62014649
0.53610201
0.46154706
0.39555298
0.33727699
0.28595445
0.24089181
0.20146019
0.16708951
0.13726321
0.11151333
0.08941613
0.07058808
0.05468216
0.04138451
0.03041147
0.02150672
0.01443883
0.00899894
0.00499867
0.00226825
0.00065478
0.00002063
0.00024207
0.00120792
0.00281840
0.00498405
0.00762473
0.01066877
0.01405214
0.01771773
0.02161467
0.02569772
0.02992676
0.03426625
0.03868481
0.04315477
0.04765185
0.05215477
0.05664499
0.06110639
0.06552505
0.06988903
0.07418812
0.07841369
0.08255853
0.08661665
0.09058321
0.09445431
0.09822698
0.10189899
0.10546879
0.10893547
0.11229861
0.11555826
0.11871489
0.12176929
0.12472258
0.12757612
0.13033149
0.13299045
0.13555492
0.13802695
0.14040868
0.14270235
0.14491023
0.14703467
0.14907802
0.15104266
0.15293096
0.15474532
0.15648809
0.15816161
0.15976819
0.16131012
0.16278963
0.16420892
0.16557015
0.16687541
0.16812678
0.16932624
0.17047576
0.17157722
0.17263246
0.17364328
0.17461141
0.17553852
0.17642623
0.17727612
0.17808971
0.17886845
0.17961376
0.18032701
0.18100951
