-0.000000000000000102
-0.000000000000000171
-0.000000000000000245
-0.000000000000000214
-0.000000000000000176
-0.000000000000000111
0.000000000000000080
0.000000000000000164
0.000000000000000205
0.000000000000000106
-0.000000000000000094
-0.000000000000000226
-0.000000000000000220
-0.000000000000000224
-0.000000000000000136
0.000000000000000018
0.000000000000000104
0.000000000000000309
0.000000000000000514
0.000000000000000746
0.000000000000001064
0.000000000000001195
0.000000000000001217
0.000000000000001306
0.000000000000001028
0.000000000000000827
0.000000000000000462
-0.000000000000000124
-0.000000000000000609
-0.000000000000001215
-0.000000000000001820
-0.000000000000002861
-0.000000000000004675
-0.000000000000007796
-0.000000000000013259
-0.000000000000023407
-0.000000000000041953
-0.000000000000074989
-0.000000000000133022
-0.000000000000234334
-0.000000000000409796
-0.000000000000711727
-0.000000000001227468
-0.000000000002101142
-0.000000000003569270
-0.000000000006019665
-0.000000000010080316
-0.000000000016759704
-0.000000000027664119
-0.000000000045332101
-0.000000000073771458
-0.000000000119235901
-0.000000000191404064
-0.000000000305134990
-0.000000000483072233
-0.000000000759725015
-0.000000001187039561
-0.000000001842596120
-0.000000002841351157
-0.000000004352427175
-0.000000006624968966
-0.000000010021256248
-0.000000015064015844
-0.000000022501698710
-0.000000033398555594
-0.000000049272089029
-0.000000072256238869
-0.000000105328889423
-0.000000152614304340
-0.000000219786259223
-0.000000314685155718
-0.000000447983605982
-0.000000634098890671
-0.000000892361395006
-0.000001248520556290
-0.000001737100668814
-0.000002403629885127
-0.000003307686250558
-0.000004526651517067
-0.000006160394076142
-0.000008338976564211
-0.000011228654785290
-0.000015040278467327
-0.000020039232064991
-0.000026557456108369
-0.000035015286751978
-0.000045933685354111
-0.000059953028463816
-0.000077854351482641
-0.000100584328009841
-0.000129309674086637
-0.000165432181756319
-0.000210621257516756
-0.000266848636765208
-0.000336428435153664
-0.000422138934830631
-0.000527213296342444
-0.000655377101737373
-0.000810884413679136
-0.000998560393989347
-0.001224053546997092
-0.001493717265332377
-0.001814614931511774
-0.002194515607293738
-0.002641900018839285
-0.003166459041569091
-0.003778679958407343
-0.004489741679198279
-0.005311393839320222
-0.006255863405754884
-0.007336812845692277
-0.008568315335671503
-0.009964537740843616
-0.011539418862884333
-0.013306427317862858
-0.015280347904595778
-0.017475221530607859
-0.019903743008488815
-0.022576710116455814
-0.025502664396800077
-0.028691055264054709
-0.032148700089169181
-0.035878925920650437
-0.039880885719536581
-0.044149249011129738
-0.048679394872983700
-0.053462059103787221
-0.058482384081934138
-0.063719332186839797
-0.069145703369589889
-0.074735876008515889
-0.080458539078705316
-0.086275889817165205
-0.092143412744132000
-0.098010478927944220
-0.103830686078522277
-0.109552864444113468
-0.115120597428835361
-0.120472508407421339
-0.125543496034324437
-0.130276994152354247
-0.134614726864057510
-0.138496535216853817
-0.141861065807936476
-0.144647399577432695
-0.146807833362967072
-0.148297105719702199
-0.149072313296403747
-0.149093673688492329
-0.148326087506784721
-0.146750687376332484
-0.144354439264861911
-0.141129870532645169
-0.137075536171011730
-0.132197062255503123
-0.126515925276530244
-0.120060410321794320
-0.112865003258893259
-0.104970360516827330
-0.096423620590781800
-0.087283593217128780
-0.077613957953861876
-0.067482411516513449
-0.056960217214203746
-0.046121896442236042
-0.035046907069232185
-0.023815652173341955
-0.012508661843834142
-0.001206007538618028
0.010013288424882423
0.021072289693226040
0.031897241990174775
0.042418054699064255
0.052568705485069644
0.062287750672735058
0.071520968318901271
0.080219990840809649
0.088342289076253980
0.095851214933767845
0.102716217046317601
0.108916065702426818
0.114435832107623217
0.119266420451330707
0.123404263921262969
0.126851233701633370
0.129617739477532967
0.131718993582639027
0.133174291631507125
0.134006521208159368
0.134241896382033515
0.133912583243224415
0.133053062500374852
0.131699400465585786
0.129888766260140509
0.127659160698694873
0.125051480974846141
0.122106510268443810
0.118864359627233587
0.115364134177945443
0.111643775057120531
0.107741616088080250
0.103694211083099466
0.099536019809062043
0.095299270889189922
0.091013952882306029
0.086708957968807052
0.082410707802253055
0.078143061240915593
0.073927343313894334
0.069782454745095340
0.065725691567078678
0.061771992279423073
0.057933992850410822
0.054222152785752979
0.050644922728410043
0.047209310938936370
0.043920539284298003
0.040782163470187566
0.037796227134552760
0.034963430870135384
0.032283502712395037
0.029755081124292565
0.027375838906611827
0.025142617998203456
0.023051564488801628
0.021098352249340372
0.019278167651580694
0.017585804548997462
0.016015758761378864
0.014562316890143425
0.013219676333662984
0.011981960905067254
0.010843278346994587
0.009797773508120120
0.008839675180056293
0.007963348981416920
0.007163312379904521
0.006434260357633182
0.005771086783663262
0.005168901041396994
0.004623042076892591
0.004129084010439855
0.003682840682569177
0.003280367334949681
0.002917959568790371
0.002592148298905293
0.002299697205930630
0.002037596318122285
0.001803054203821249
0.001593489043406302
0.001406516671545030
0.001239943798477507
0.001091757832264782
0.000960116339899371
0.000843336363887926
0.000739882007699685
0.000648356754744739
0.000567493589324107
0.000496145298863007
0.000433275086363112
0.000377946404617769
0.000329316257219116
0.000286627316460407
0.000249200416185784
0.000216427479132333
0.000187764205092265
0.000162725024205520
0.000140877510334670
0.000121837170450062
0.000105262628328150
0.000090850812698486
0.000078333519087851
0.000067473772538297
0.000058062489217002
0.000049915435884611
0.000042870272354448
0.000036784382141606
0.000031532657216479
0.000027005491254336
0.000023106973900763
0.000019753172104447
0.000016870843911397
0.000014396161994202
0.000012273570054118
0.000010454764319527
0.000008897741560293
0.000007566075537798
0.000006428215663779
0.000005456864681425
0.000004628429370227
0.000003922514978738
0.000003321536337720
0.000002810348322149
0.000002375920728515
0.000002007053580036
0.000001694118563998
0.000001428858277022
0.000001204198676881
0.000001014085331189
0.000000853341048758
0.000000717538081458
0.000000602898170710
0.000000506200541669
0.000000424702121063
0.000000356068625724
0.000000298313334464
0.000000249748932845
0.000000208943756982
0.000000174684083322
0.000000145941758284
0.000000121845693076
0.000000101659353142
0.000000084760528730
0.000000070624009655
0.000000058806789032
0.000000048935144002
0.000000040694396697
0.000000033819810315
0.000000028088827463
0.000000023314483496
0.000000019339690762
0.000000016032700444
0.000000013283104947
0.000000010998444443
0.000000009101340197
0.000000007527028280
0.000000006221392560
0.000000005139249662
0.000000004242899737
0.000000003500905141
0.000000002887047709
0.000000002379497732
0.000000001960091466
0.000000001613726513
0.000000001327851311
0.000000001092034597
0.000000000897619608
0.000000000737427319
0.000000000605507572
0.000000000496932103
0.000000000407616798
0.000000000334185008
0.000000000273844503
0.000000000224287289
0.000000000183608440
0.000000000150234218
0.000000000122866849
0.000000000100436823
0.000000000082062618
0.000000000067018425
0.000000000054706734
0.000000000044636143
0.000000000036402643
0.000000000029674634
0.000000000024179616
0.000000000019693142
0.000000000016032044
0.000000000013045385
0.000000000010611212
0.000000000008627253
0.000000000007011406
0.000000000005696063
0.000000000004625281
0.000000000003754445
0.000000000003045822
0.000000000002469966
0.000000000002002374
0.000000000001622859
0.000000000001315053
0.000000000001065070
0.000000000000861785
0.000000000000696950
0.000000000000563624
0.000000000000455724
0.000000000000368412
0.000000000000298105
0.000000000000240873
0.000000000000194276
0.000000000000156260
0.000000000000126130
0.000000000000101980
0.000000000000082247
0.000000000000066165
0.000000000000053348
0.000000000000043114
0.000000000000034695
0.000000000000028029
0.000000000000022340
0.000000000000017938
0.000000000000014344
0.000000000000011420
0.000000000000009506
0.000000000000007838
0.000000000000005954
0.000000000000004925
0.000000000000003897
0.000000000000003136
0.000000000000002201
0.000000000000002058
0.000000000000001545
0.000000000000001325
0.000000000000001498
0.000000000000000977
0.000000000000000227
0.000000000000000283
0.000000000000000461
0.000000000000000574
0.000000000000000424
0.000000000000000128
0.000000000000000111
0.000000000000000188
0.000000000000000058
0.000000000000000149
0.000000000000000136
-0.000000000000000051
-0.000000000000000024
-0.000000000000000069
0.000000000000000216
0.000000000000000111
-0.000000000000000118
0.000000000000000049
-0.000000000000000351
0.000000000000000152
0.000000000000000414
0.000000000000000109
-0.000000000000000167
-0.000000000000000411
-0.000000000000000130
0.000000000000000014
0.000000000000000427
0.000000000000000262
-0.000000000000000040
-0.000000000000000285
-0.000000000000000334
-0.000000000000000157
0.000000000000000214
0.000000000000000260
0.000000000000000165
0.000000000000000064
-0.000000000000000323
-0.000000000000000322
-0.000000000000000036
0.000000000000000183
0.000000000000000207
0.000000000000000176
-0.000000000000000114
-0.000000000000000076
-0.000000000000000048
-0.000000000000000059
0.000000000000000075
-0.000000000000000009
0.000000000000000059
-0.000000000000000012
0.000000000000000145
-0.000000000000000045
-0.000000000000000058
-0.000000000000000154
0.000000000000000141
-0.000000000000000045
-0.000000000000000071
0.000000000000000069
-0.000000000000000016
0.000000000000000028
0.000000000000000006
0.000000000000000036
-0.000000000000000228
-0.000000000000000089
-0.000000000000000136
0.000000000000000297
0.000000000000000336
-0.000000000000000021
-0.000000000000000161
-0.000000000000000198
-0.000000000000000072
0.000000000000000148
0.000000000000000226
0.000000000000000185
-0.000000000000000050
-0.000000000000000254
-0.000000000000000182
0.000000000000000145
0.000000000000000123
0.000000000000000357
-0.000000000000000016
-0.000000000000000439
-0.000000000000000229
0.000000000000000111
0.000000000000000349
0.000000000000000238
-0.000000000000000162
-0.000000000000000150
-0.000000000000000291
-0.000000000000000059
0.000000000000000142
0.000000000000000592
0.000000000000000170
-0.000000000000000252
-0.000000000000000519
-0.000000000000000081
0.000000000000000089
0.000000000000000188
0.000000000000000350
0.000000000000000006
-0.000000000000000212
-0.000000000000000305
-0.000000000000000103
0.000000000000000190
0.000000000000000135
0.000000000000000123
-0.000000000000000112
-0.000000000000000005
-0.000000000000000176
-0.000000000000000008
0.000000000000000112
-0.000000000000000026
0.000000000000000086
0.000000000000000072
