0.000000000000000014
0.000000000000000014
-0.000000000000000052
-0.000000000000000081
-0.000000000000000000
0.000000000000000114
0.000000000000000172
0.000000000000000136
-0.000000000000000017
-0.000000000000000250
-0.000000000000000451
-0.000000000000000548
-0.000000000000000541
-0.000000000000000392
-0.000000000000000287
-0.000000000000000219
-0.000000000000000293
-0.000000000000000414
-0.000000000000000487
-0.000000000000000497
-0.000000000000000479
-0.000000000000000232
-0.000000000000000021
0.000000000000000198
0.000000000000000437
0.000000000000000408
0.000000000000000463
0.000000000000000290
0.000000000000000284
0.000000000000000422
0.000000000000000946
0.000000000000001923
0.000000000000003639
0.000000000000006908
0.000000000000012625
0.000000000000023142
0.000000000000041573
0.000000000000073801
0.000000000000130276
0.000000000000228628
0.000000000000399255
0.000000000000693105
0.000000000001195133
0.000000000002046227
0.000000000003477347
0.000000000005866900
0.000000000009828067
0.000000000016345719
0.000000000026988969
0.000000000044238710
0.000000000072012995
0.000000000116426581
0.000000000186945867
0.000000000298109031
0.000000000472077015
0.000000000742633323
0.000000001160646302
0.000000001802108783
0.000000002779657416
0.000000004259049905
0.000000006484540665
0.000000009811400111
0.000000014752388172
0.000000022041896636
0.000000032724483809
0.000000048289970482
0.000000070833962464
0.000000103281680891
0.000000149685610700
0.000000215622371793
0.000000308800124369
0.000000439714423092
0.000000622547398141
0.000000876319596096
0.000001226374988001
0.000001706702950761
0.000002362138909417
0.000003251371242068
0.000004450648287893
0.000006058404280779
0.000008202866499588
0.000011047991776019
0.000014801775192465
0.000019726086208407
0.000026148566882058
0.000034484213685979
0.000045247522456370
0.000059071114909492
0.000076726808743361
0.000099150399101474
0.000127495479027037
0.000163148505837321
0.000207761159514255
0.000263284892435794
0.000332010793915737
0.000416690168789416
0.000520525867703027
0.000647209869138470
0.000800959449637099
0.000986559888411606
0.001209614330770384
0.001476427584219608
0.001794011959881404
0.002170083826585226
0.002613070359467734
0.003132603414056631
0.003739111400088252
0.004443716528194861
0.005258115992094190
0.006194490266037478
0.007266452507724018
0.008488034881910033
0.009873375100789486
0.011436397920306759
0.013190575213105874
0.015150696508768127
0.017330827308527461
0.019743711345386081
0.022400223006006286
0.025309009389569918
0.028479628342534768
0.031919034701653810
0.035630725780013306
0.039614059160637913
0.043863941645069369
0.048375984338826408
0.053141182435454772
0.058144966350776199
0.063366613187085807
0.068779258344632846
0.074357589076120501
0.080070612782940018
0.085880852850428749
0.091744122160011987
0.097610113034035759
0.103432688339311935
0.109160923082586708
0.114738621522793238
0.120104597223850779
0.125193899030538403
0.129950031733564147
0.134314742035795825
0.138227842920797900
0.141627897835671285
0.144453844355881877
0.146657757014700740
0.148194094716636637
0.149019618341276250
0.149094154122756506
0.148382157304943557
0.146864268029863104
0.144526920838122880
0.141362077485047588
0.137367698420823359
0.132548793637521811
0.126926231368487824
0.120527688413029715
0.113387048017751513
0.105544376578690174
0.097046244514265689
0.087950957462327894
0.078321731360754682
0.068225842851708837
0.057734183416289879
0.046920957789914459
0.035865405111991870
0.024647772709306300
0.013348496110824027
0.002047613502028387
-0.009175822826084449
-0.020244748963611562
-0.031085224696883063
-0.041626921323616742
-0.051803530454839007
-0.061553277002941824
-0.070821540217019016
-0.079559521833865124
-0.087724238228491139
-0.095278569090559803
-0.102191477770539177
-0.108441225471426816
-0.114012376364551832
-0.118895336480184285
-0.123086054732404707
-0.126585935883075595
-0.129404937996834585
-0.131557850398473730
-0.133063577816142115
-0.133944651283071675
-0.134226964220165529
-0.133942398799317269
-0.133125191555941491
-0.131811204283465683
-0.130037440503191298
-0.127841773419011956
-0.125265012687011595
-0.122347889781224406
-0.119130497294192880
-0.115651952524699494
-0.111950236983788767
-0.108063755201417491
-0.104029154579659361
-0.099881007908516770
-0.095651673185183791
-0.091371282047228497
-0.087068885361242562
-0.082771071608576621
-0.078501871628285383
-0.074282785131811163
-0.070132888272296717
-0.066069655013414927
-0.062108198567071310
-0.058261324527386804
-0.054539655582953823
-0.050951798182534473
-0.047504910689666606
-0.044204355859895308
-0.041053820357799801
-0.038055468512969370
-0.035210111289589903
-0.032517578323144905
-0.029976599254507928
-0.027584927744867493
-0.025339476601210855
-0.023236453261183000
-0.021271584742980906
-0.019440101923597262
-0.017736835025287341
-0.016156308698545323
-0.014692831480729661
-0.013340616819616603
-0.012093798849811023
-0.010946490484426927
-0.009892837181382206
-0.008927064357598324
-0.008043530951664025
-0.007236744787172017
-0.006501388703548982
-0.005832342370085471
-0.005224699320840079
-0.004673781394222183
-0.004175144651885612
-0.003724584221922918
-0.003318136244603850
-0.002952077061728045
-0.002622918349913703
-0.002327404773531620
-0.002062507713797500
-0.001825417581882986
-0.001613534986796243
-0.001424458823910133
-0.001255979594931066
-0.001106069274781429
-0.000972870800318394
-0.000854687400175749
-0.000749970157877380
-0.000657310359749361
-0.000575429604563127
-0.000503170085874461
-0.000439485178182637
-0.000383429223411450
-0.000334150823906231
-0.000290884926935748
-0.000252945281162422
-0.000219717326036416
-0.000190650830843411
-0.000165254826215384
-0.000143091981567161
-0.000123773358519520
-0.000106953559404907
-0.000092325875256869
-0.000079618824924449
-0.000068592487979461
-0.000059035137680283
-0.000050760173306389
-0.000043603133757342
-0.000037419509830278
-0.000032082507472742
-0.000027481020868437
-0.000023517808031749
-0.000020107753158112
-0.000017176567487483
-0.000014659498706660
-0.000012500174353554
-0.000010649571459878
-0.000009065052918537
-0.000007709635634871
-0.000006551280544299
-0.000005562262458224
-0.000004718613710585
-0.000003999611835448
-0.000003387385711763
-0.000002866541042358
-0.000002423830758239
-0.000002047866343007
-0.000001728855531108
-0.000001458398748563
-0.000001229298824603
-0.000001035394805892
-0.000000871417442045
-0.000000732859404991
-0.000000615873825701
-0.000000517180842397
-0.000000433986548888
-0.000000363912971817
-0.000000304935831147
-0.000000255335601832
-0.000000213653025299
-0.000000178650763709
-0.000000149280467982
-0.000000124653778645
-0.000000104019422084
-0.000000086742625533
-0.000000072287477318
-0.000000060201864428
-0.000000050104312351
-0.000000041673559222
-0.000000034639280383
-0.000000028774183881
-0.000000023887290929
-0.000000019818113568
-0.000000016432027742
-0.000000013616194164
-0.000000011276102706
-0.000000009332644682
-0.000000007719595326
-0.000000006381609637
-0.000000005272468304
-0.000000004353601405
-0.000000003592839391
-0.000000002963349997
-0.000000002442787894
-0.000000002012558109
-0.000000001657195180
-0.000000001363844339
-0.000000001121820224
-0.000000000922254304
-0.000000000757790403
-0.000000000622330427
-0.000000000510822115
-0.000000000419079765
-0.000000000343639584
-0.000000000281638206
-0.000000000230708647
-0.000000000188896242
-0.000000000154586306
-0.000000000126446966
-0.000000000103380143
-0.000000000084481447
-0.000000000069005431
-0.000000000056338033
-0.000000000045974564
-0.000000000037500373
-0.000000000030574608
-0.000000000024916934
-0.000000000020296816
-0.000000000016526220
-0.000000000013450198
-0.000000000010942256
-0.000000000008897731
-0.000000000007232353
-0.000000000005876174
-0.000000000004772405
-0.000000000003874216
-0.000000000003144137
-0.000000000002550458
-0.000000000002067912
-0.000000000001676032
-0.000000000001357795
-0.000000000001099809
-0.000000000000890116
-0.000000000000720577
-0.000000000000583263
-0.000000000000471429
-0.000000000000380878
-0.000000000000307379
-0.000000000000248506
-0.000000000000201204
-0.000000000000162573
-0.000000000000130866
-0.000000000000105304
-0.000000000000084699
-0.000000000000068353
-0.000000000000055420
-0.000000000000044930
-0.000000000000035958
-0.000000000000028589
-0.000000000000023077
-0.000000000000018590
-0.000000000000014944
-0.000000000000012076
-0.000000000000009984
-0.000000000000008029
-0.000000000000006249
-0.000000000000004883
-0.000000000000004000
-0.000000000000003108
-0.000000000000002682
-0.000000000000002202
-0.000000000000001793
-0.000000000000001315
-0.000000000000001224
-0.000000000000000748
-0.000000000000000355
-0.000000000000000499
-0.000000000000000620
-0.000000000000000872
-0.000000000000000433
0.000000000000000134
0.000000000000000399
-0.000000000000000114
-0.000000000000000377
-0.000000000000000551
-0.000000000000000282
0.000000000000000276
0.000000000000000358
0.000000000000000115
-0.000000000000000171
-0.000000000000000461
-0.000000000000000113
0.000000000000000166
-0.000000000000000092
0.000000000000000357
0.000000000000000008
-0.000000000000000147
-0.000000000000000266
0.000000000000000059
0.000000000000000185
0.000000000000000201
-0.000000000000000383
0.000000000000000022
0.000000000000000025
-0.000000000000000068
0.000000000000000209
-0.000000000000000060
0.000000000000000038
0.000000000000000085
-0.000000000000000252
-0.000000000000000112
0.000000000000000052
0.000000000000000249
-0.000000000000000105
0.000000000000000188
-0.000000000000000223
-0.000000000000000131
0.000000000000000063
0.000000000000000020
0.000000000000000140
-0.000000000000000018
-0.000000000000000016
-0.000000000000000268
0.000000000000000026
0.000000000000000155
0.000000000000000085
-0.000000000000000009
-0.000000000000000141
0.000000000000000145
-0.000000000000000031
-0.000000000000000063
-0.000000000000000064
-0.000000000000000038
0.000000000000000228
0.000000000000000090
-0.000000000000000118
0.000000000000000053
-0.000000000000000376
-0.000000000000000034
0.000000000000000280
0.000000000000000086
0.000000000000000042
-0.000000000000000226
-0.000000000000000076
0.000000000000000006
0.000000000000000149
0.000000000000000005
0.000000000000000118
0.000000000000000028
0.000000000000000030
-0.000000000000000054
-0.000000000000000187
0.000000000000000068
0.000000000000000037
0.000000000000000071
0.000000000000000045
0.000000000000000003
-0.000000000000000288
-0.000000000000000111
0.000000000000000050
0.000000000000000209
0.000000000000000161
0.000000000000000092
-0.000000000000000226
-0.000000000000000402
0.000000000000000013
0.000000000000000287
0.000000000000000216
-0.000000000000000045
-0.000000000000000097
-0.000000000000000351
0.000000000000000098
-0.000000000000000039
-0.000000000000000010
0.000000000000000250
-0.000000000000000075
-0.000000000000000166
-0.000000000000000022
0.000000000000000112
0.000000000000000177
-0.000000000000000168
-0.000000000000000166
-0.000000000000000053
-0.000000000000000076
0.000000000000000214
0.000000000000000192
-0.000000000000000019
-0.000000000000000170
-0.000000000000000199
