0.000000000000000115
0.000000000000000132
0.000000000000000096
0.000000000000000101
0.000000000000000138
0.000000000000000032
-0.000000000000000043
-0.000000000000000113
-0.000000000000000158
-0.000000000000000222
-0.000000000000000228
-0.000000000000000143
-0.000000000000000256
-0.000000000000000318
-0.000000000000000475
-0.000000000000000437
-0.000000000000000478
-0.000000000000000434
-0.000000000000000315
-0.000000000000000141
0.000000000000000031
0.000000000000000230
0.000000000000000279
0.000000000000000156
0.000000000000000089
-0.000000000000000043
-0.000000000000000209
-0.000000000000000546
-0.000000000000000944
-0.000000000000001532
-0.000000000000002196
-0.000000000000002913
-0.000000000000004259
-0.000000000000006918
-0.000000000000012080
-0.000000000000021549
-0.000000000000039076
-0.000000000000070205
-0.000000000000125483
-0.000000000000222107
-0.000000000000389176
-0.000000000000676307
-0.000000000001166198
-0.000000000001995873
-0.000000000003390903
-0.000000000005720585
-0.000000000009583858
-0.000000000015942578
-0.000000000026329893
-0.000000000043170274
-0.000000000070293800
-0.000000000113679493
-0.000000000182586867
-0.000000000291239610
-0.000000000461326186
-0.000000000725919117
-0.000000001134830902
-0.000000001762498296
-0.000000002719284002
-0.000000004167646083
-0.000000006347042330
-0.000000009605866054
-0.000000014447095941
-0.000000021591321105
-0.000000032063761757
-0.000000047327047457
-0.000000069439117120
-0.000000101273430386
-0.000000146811900166
-0.000000211535595982
-0.000000303022584226
-0.000000431594185987
-0.000000611201060643
-0.000000860558670085
-0.000001204611616339
-0.000001676822258707
-0.000002321343314187
-0.000003195986085512
-0.000004375881183224
-0.000005958048073549
-0.000008068902994945
-0.000010870133540505
-0.000014566916135856
-0.000019417648382214
-0.000025745725161585
-0.000033960865532964
-0.000044571173013647
-0.000058201599542108
-0.000075614842824522
-0.000097735930780249
-0.000125705464011015
-0.000160894711854537
-0.000204937790252084
-0.000259766045804823
-0.000327647732502315
-0.000411307393976345
-0.000513917799996867
-0.000639137562552144
-0.000791147411412320
-0.000974692979311604
-0.001195332307486411
-0.001459321861163913
-0.001773623098082018
-0.002145899874095906
-0.002584525943928157
-0.003099074267458549
-0.003699914438741725
-0.004398111939029607
-0.005205311383602079
-0.006133646497639809
-0.007196680833358961
-0.008408405112666687
-0.009782927306337993
-0.011334157363619694
-0.013075569477381244
-0.015021956929127630
-0.017187408667711183
-0.019584716023094473
-0.022224828493216983
-0.025116497084928063
-0.028269386462448289
-0.031690587213194274
-0.035383765112758252
-0.039348480509138965
-0.043579875619052098
-0.048073791921030742
-0.052821482431740341
-0.057808664151926571
-0.063014927625487993
-0.068413742655376183
-0.073980104722483536
-0.079683339321473839
-0.085486296002967560
-0.091345116420459949
-0.097209814996616795
-0.103034521076262958
-0.108768556186810347
-0.114355947654378065
-0.119735701898974492
-0.124843021064568738
-0.129621484303410528
-0.134012864671497200
-0.137956951148737489
-0.141392228354006277
-0.144257495011315878
-0.146504607758906114
-0.148087750270704310
-0.148963352031923790
-0.149090852172244964
-0.148434264612116257
-0.146973740476092796
-0.144695185960898948
-0.141589999875989941
-0.137655550309326469
-0.132896232798185326
-0.127332308080192302
-0.120990844813386511
-0.113905123161958333
-0.106114618414316284
-0.097665331214276410
-0.088615060597993053
-0.079026555833772841
-0.068966669951796733
-0.058505918626160947
-0.047718185561326239
-0.036682486377834937
-0.025478907643428503
-0.014187785181502240
-0.002889118694705270
0.008338014755359811
0.019416428810533844
0.030272002240689461
0.040834172928609060
0.051036350795523301
0.060816433344088393
0.070119404524386156
0.078896038435368659
0.087102899547765941
0.094702397392463972
0.101663011584401664
0.107962495156991078
0.113584905650802925
0.118520150856286977
0.122763694875890603
0.126316475077514923
0.129187996422937268
0.131392623391326624
0.132948867687603722
0.133878901404861056
0.134208294715238680
0.133968643022792600
0.133193935733188551
0.131919827111045079
0.130183152057846641
0.128021653173811228
0.125476049595686534
0.122587018217692828
0.119394630444529345
0.115938013180383617
0.112255185928303719
0.108384621718007196
0.104363059554371418
0.100225183492328451
0.096003479376385578
0.091728220626366319
0.087428615719688033
0.083131419114798474
0.078860832995998373
0.074638531324356633
0.070483765438679666
0.066414187168973737
0.062445084535236436
0.058589432996217938
0.054858018787653180
0.051259604636935942
0.047801499582829261
0.044489207917651319
0.041326547972404794
0.038315805520049276
0.035457902678592425
0.032752771490836663
0.030199233589036929
0.027795124303387042
0.025537428103493322
0.023422414547686978
0.021445864550720700
0.019603054209896574
0.017888850792311315
0.016297808412832120
0.014824258133850321
0.013462429998308044
0.012206468961012918
0.011050493557038866
0.009988650258418788
0.009015161466885033
0.008124379757868951
0.007310803585762205
0.006569103882410231
0.005894146315098271
0.005281008731590177
0.004724995993890784
0.004221646206964869
0.003766735861839115
0.003356282048885770
0.002986541880738538
0.002654007807094876
0.002355405471047706
0.002087687587760039
0.001848026380329863
0.001633804845538163
0.001442604890100469
0.001272200751388879
0.001120548910447489
0.000985777609644538
0.000866176196906841
0.000760182667208664
0.000666376040703622
0.000583466461847050
0.000510285462481244
0.000445776522214284
0.000388984807362299
0.000339050456587720
0.000295200632287524
0.000256741940871309
0.000223053284334896
0.000193578450101604
0.000167821021001847
0.000145338716765791
0.000125738111448988
0.000108669746668815
0.000093823239242150
0.000080923797593652
0.000069728524743354
0.000060023022485778
0.000051618296456098
0.000044347740660259
0.000038064931326194
0.000032641368508964
0.000027964428883402
0.000023935522516575
0.000020468336077797
0.000017487520687282
0.000014927387074752
0.000012730735868129
0.000010847815275765
0.000009235345682967
0.000007855779435122
0.000006676582129325
0.000005669594539138
0.000004810469133200
0.000004078150913792
0.000003454478548668
0.000002923804800153
0.000002472662410688
0.000002089471396018
0.000001764272957203
0.000001488523083457
0.000001254899485919
0.000001057132948074
0.000000889860637569
0.000000748494312402
0.000000629117328891
0.000000528389724440
0.000000443465878988
0.000000371923361343
0.000000311699664789
0.000000261042476627
0.000000218464443249
0.000000182704177179
0.000000152692761766
0.000000127524242460
0.000000106432328472
0.000000088769442356
0.000000073988765852
0.000000061628900831
0.000000051300468729
0.000000042675493667
0.000000035477952060
0.000000029475718047
0.000000024473718645
0.000000020307995173
0.000000016840987549
0.000000013957376635
0.000000011560555796
0.000000009569649808
0.000000007916942160
0.000000006545830535
0.000000005409038863
0.000000004467106973
0.000000003687118280
0.000000003041612048
0.000000002507715407
0.000000002066390963
0.000000001701802378
0.000000001400785980
0.000000001152396404
0.000000000947547280
0.000000000778701094
0.000000000639608459
0.000000000525090860
0.000000000430856922
0.000000000353354721
0.000000000289648378
0.000000000237309150
0.000000000194332302
0.000000000159061387
0.000000000130129118
0.000000000106408257
0.000000000086969975
0.000000000071049676
0.000000000058016372
0.000000000047352425
0.000000000038630840
0.000000000031501252
0.000000000025676231
0.000000000020918768
0.000000000017035272
0.000000000013867094
0.000000000011282997
0.000000000009176317
0.000000000007460232
0.000000000006062698
0.000000000004924593
0.000000000003998112
0.000000000003244930
0.000000000002632605
0.000000000002135289
0.000000000001730942
0.000000000001402579
0.000000000001136243
0.000000000000919953
0.000000000000744243
0.000000000000602070
0.000000000000487427
0.000000000000394128
0.000000000000318497
0.000000000000257141
0.000000000000207679
0.000000000000167376
0.000000000000135110
0.000000000000109549
0.000000000000088168
0.000000000000071043
0.000000000000057089
0.000000000000045982
0.000000000000037013
0.000000000000029871
0.000000000000024191
0.000000000000019398
0.000000000000015765
0.000000000000012561
0.000000000000009804
0.000000000000007866
0.000000000000006612
0.000000000000005448
0.000000000000004352
0.000000000000003296
0.000000000000002632
0.000000000000002049
0.000000000000001513
0.000000000000001716
0.000000000000001405
0.000000000000000703
0.000000000000000707
0.000000000000000273
0.000000000000000321
0.000000000000000351
0.000000000000000427
0.000000000000000485
0.000000000000000264
0.000000000000000125
-0.000000000000000101
0.000000000000000017
-0.000000000000000118
0.000000000000000298
0.000000000000000131
0.000000000000000144
0.000000000000000164
-0.000000000000000039
-0.000000000000000041
-0.000000000000000155
-0.000000000000000148
-0.000000000000000043
0.000000000000000230
0.000000000000000256
0.000000000000000224
-0.000000000000000132
-0.000000000000000343
-0.000000000000000147
0.000000000000000125
0.000000000000000174
0.000000000000000096
-0.000000000000000088
0.000000000000000132
-0.000000000000000132
0.000000000000000129
-0.000000000000000062
-0.000000000000000311
-0.000000000000000273
0.000000000000000340
0.000000000000000407
0.000000000000000060
-0.000000000000000061
-0.000000000000000156
-0.000000000000000243
-0.000000000000000234
0.000000000000000200
0.000000000000000355
0.000000000000000216
0.000000000000000065
-0.000000000000000292
-0.000000000000000176
-0.000000000000000022
0.000000000000000013
0.000000000000000052
0.000000000000000093
0.000000000000000321
-0.000000000000000154
-0.000000000000000172
-0.000000000000000142
-0.000000000000000112
0.000000000000000292
0.000000000000000120
-0.000000000000000197
-0.000000000000000369
0.000000000000000236
0.000000000000000127
0.000000000000000118
-0.000000000000000159
-0.000000000000000106
-0.000000000000000116
-0.000000000000000085
0.000000000000000100
0.000000000000000109
0.000000000000000182
-0.000000000000000143
-0.000000000000000175
0.000000000000000133
-0.000000000000000040
-0.000000000000000162
0.000000000000000208
0.000000000000000106
0.000000000000000034
0.000000000000000063
-0.000000000000000221
-0.000000000000000166
0.000000000000000208
0.000000000000000108
0.000000000000000066
-0.000000000000000101
-0.000000000000000074
-0.000000000000000034
-0.000000000000000150
0.000000000000000119
0.000000000000000296
0.000000000000000154
-0.000000000000000221
-0.000000000000000081
-0.000000000000000167
-0.000000000000000121
0.000000000000000174
0.000000000000000162
0.000000000000000124
-0.000000000000000033
-0.000000000000000236
-0.000000000000000189
0.000000000000000029
0.000000000000000248
0.000000000000000196
-0.000000000000000113
-0.000000000000000174
0.000000000000000096
-0.000000000000000066
0.000000000000000128
0.000000000000000147
-0.000000000000000211
-0.000000000000000103
