-0.000000000001164
-0.000000000002425
-0.000000000003731
-0.000000000005103
-0.000000000006571
-0.000000000008162
-0.000000000009910
-0.000000000011847
-0.000000000014010
-0.000000000016440
-0.000000000019182
-0.000000000022288
-0.000000000025815
-0.000000000029826
-0.000000000034395
-0.000000000039603
-0.000000000045544
-0.000000000052323
-0.000000000060059
-0.000000000068887
-0.000000000078960
-0.000000000090453
-0.000000000103563
-0.000000000118513
-0.000000000135557
-0.000000000154982
-0.000000000177112
-0.000000000202314
-0.000000000231006
-0.000000000263656
-0.000000000300799
-0.000000000343034
-0.000000000391042
-0.000000000445590
-0.000000000507543
-0.000000000577880
-0.000000000657702
-0.000000000748251
-0.000000000850928
-0.000000000967309
-0.000000001099171
-0.000000001248512
-0.000000001417578
-0.000000001608898
-0.000000001825311
-0.000000002070009
-0.000000002346576
-0.000000002659033
-0.000000003011894
-0.000000003410217
-0.000000003859677
-0.000000004366630
-0.000000004938192
-0.000000005582334
-0.000000006307970
-0.000000007125074
-0.000000008044794
-0.000000009079588
-0.000000010243370
-0.000000011551676
-0.000000013021842
-0.000000014673207
-0.000000016527330
-0.000000018608240
-0.000000020942701
-0.000000023560515
-0.000000026494845
-0.000000029782587
-0.000000033464763
-0.000000037586965
-0.000000042199841
-0.000000047359629
-0.000000053128746
-0.000000059576434
-0.000000066779472
-0.000000074822958
-0.000000083801162
-0.000000093818474
-0.000000104990429
-0.000000117444842
-0.000000131323046
-0.000000146781250
-0.000000163992020
-0.000000183145907
-0.000000204453220
-0.000000228145967
-0.000000254479969
-0.000000283737178
-0.000000316228193
-0.000000352295009
-0.000000392314013
-0.000000436699245
-0.000000485905945
-0.000000540434414
-0.000000600834209
-0.000000667708707
-0.000000741720048
-0.000000823594513
-0.000000914128348
-0.000001014194079
-0.000001124747357
-0.000001246834362
-0.000001381599821
-0.000001530295672
-0.000001694290436
-0.000001875079328
-0.000002074295186
-0.000002293720245
-0.000002535298839
-0.000002801151089
-0.000003093587636
-0.000003415125496
-0.000003768505111
-0.000004156708678
-0.000004582979824
-0.000005050844740
-0.000005564134828
-0.000006127011001
-0.000006743989694
-0.000007419970715
-0.000008160267046
-0.000008970636689
-0.000009857316695
-0.000010827059489
-0.000011887171625
-0.000013045555097
-0.000014310751346
-0.000015691988114
-0.000017199229275
-0.000018843227812
-0.000020635582079
-0.000022588795520
-0.000024716340001
-0.000027032722929
-0.000029553558314
-0.000032295641966
-0.000035277030986
-0.000038517127734
-0.000042036768461
-0.000045858316760
-0.000050005762046
-0.000054504823223
-0.000059383057715
-0.000064669976052
-0.000070397162160
-0.000076598399545
-0.000083309803508
-0.000090569959570
-0.000098420068230
-0.000106904096214
-0.000116068934328
-0.000125964562023
-0.000136644218795
-0.000148164582473
-0.000160585954482
-0.000173972452113
-0.000188392207828
-0.000203917575597
-0.000220625344242
-0.000238596957724
-0.000257918742286
-0.000278682140339
-0.000300983950912
-0.000324926576490
-0.000350618275980
-0.000378173423534
-0.000407712772875
-0.000439363726771
-0.000473260611188
-0.000509544953649
-0.000548365765230
-0.000589879825585
-0.000634251970308
-0.000681655379888
-0.000732271869427
-0.000786292178227
-0.000843916258270
-0.000905353560539
-0.000970823318038
-0.001040554824303
-0.001114787706085
-0.001193772188821
-0.001277769353404
-0.001367051382688
-0.001461901796048
-0.001562615670255
-0.001669499844808
-0.001782873109780
-0.001903066374158
-0.002030422812545
-0.002165297988012
-0.002308059948816
-0.002459089296599
-0.002618779223597
-0.002787535516348
-0.002965776523275
-0.003153933083480
-0.003352448414021
-0.003561777952882
-0.003782389154827
-0.004014761237252
-0.004259384873168
-0.004516761828407
-0.004787404540125
-0.005071835633733
-0.005370587375340
-0.005684201056893
-0.006013226311186
-0.006358220354035
-0.006719747150936
-0.007098376505674
-0.007494683068428
-0.007909245261081
-0.008342644117568
-0.008795462037303
-0.009268281449896
-0.009761683389589
-0.010276245978105
-0.010812542814822
-0.011371141273512
-0.011952600705157
-0.012557470546702
-0.013186288335950
-0.013839577633193
-0.014517845850541
-0.015221581990375
-0.015951254294745
-0.016707307808052
-0.017490161855778
-0.018300207442589
-0.019137804573616
-0.020003279503294
-0.020896921916657
-0.021818982048607
-0.022769667747203
-0.023749141487664
-0.024757517344336
-0.025794857928515
-0.026861171300615
-0.027956407865779
-0.029080457262662
-0.030233145255695
-0.031414230641770
-0.032623402182829
-0.033860275576468
-0.035124390477173
-0.036415207581354
-0.037732105789874
-0.039074379462191
-0.040441235776744
-0.041831792212546
-0.043245074167374
-0.044680012728227
-0.046135442609981
-0.047610100278438
-0.049102622274041
-0.050611543752699
-0.052135297260127
-0.053672211756116
-0.055220511904991
-0.056778317648348
-0.058343644075879
-0.059914401609738
-0.061488396517465
-0.063063331767954
-0.064636808244334
-0.066206326326923
-0.067769287858610
-0.069322998504134
-0.070864670513726
-0.072391425900511
-0.073900300039875
-0.075388245697747
-0.076852137493385
-0.078288776800787
-0.079694897091348
-0.081067169718722
-0.082402210145205
-0.083696584607121
-0.084946817214915
-0.086149397481702
-0.087300788272080
-0.088397434161012
-0.089435770190481
-0.090412231009583
-0.091323260381555
-0.092165321039112
-0.092934904867323
-0.093628543391087
-0.094242818542147
-0.094774373678445
-0.095219924826552
-0.095576272115853
-0.095840311371172
-0.096009045828623
-0.096079597937599
-0.096049221210084
-0.095915312076811
-0.095675421708247
-0.095327267756991
-0.094868745976871
-0.094297941672934
-0.093613140935516
-0.092812841610826
-0.091895763959820
-0.090860860956744
-0.089707328178464
-0.088434613235724
-0.087042424697588
-0.085530740460817
-0.083899815516487
-0.082150189067068
-0.080282690948263
-0.078298447311217
-0.076198885522326
-0.073985738239611
-0.071661046626736
-0.069227162667959
-0.066686750549851
-0.064042787078344
-0.061298561102576
-0.058457671920224
-0.055524026642319
-0.052501836499122
-0.049395612072364
-0.046210157443057
-0.042950563248132
-0.039622198643351
-0.036230702174279
-0.032781971561473
-0.029282152410624
-0.025737625862887
-0.022154995205310
-0.018541071465893
-0.014902858022474
-0.011247534259268
-0.007582438309477
-0.003915048926929
-0.000252966534150
0.003396106501403
0.007024386306997
0.010624028600181
0.014187150376383
0.017705852121012
0.021172240475089
0.024578451280222
0.027916672925794
0.031179169918582
0.034358306592662
0.037446570875426
0.040436598023812
0.043321194243498
0.046093360102841
0.048746313652650
0.051273513162715
0.053668679386101
0.055925817262772
0.058039236975062
0.060003574268807
0.061813809955731
0.063465288514778
0.064953735712611
0.066275275166442
0.067426443775576
0.068404205951781
0.069205966582562
0.069829582665758
0.070273373558586
0.070536129789182
0.070617120384002
0.070516098669904
0.070233306515543
0.069769476982641
0.069125835363873
0.068304098590418
0.067306472998665
0.066135650452118
0.064794802821156
0.063287574829950
0.061618075286529
0.059790866718579
0.057810953444190
0.055683768113222
0.053415156761358
0.051011362425127
0.048479007372210
0.045825074007204
0.043056884518568
0.040182079337842
0.037208594487223
0.034144637896306
0.030998664773177
0.027779352119024
0.024495572479068
0.021156367025821
0.017770918073483
0.014348521124650
0.010898556552420
0.007430461022465
0.003953698760629
0.000477732772152
-0.002988003881286
-0.006434136640933
-0.009851377741813
-0.013230554131446
-0.016562634914623
-0.019838758224604
-0.023050257423788
-0.026188686539934
-0.029245844847527
-0.032213800507668
-0.035084913184154
-0.037851855557912
-0.040507633666844
-0.043045606003322
-0.045459501306983
-0.047743434996160
-0.049891924187163
-0.051899901256695
-0.053762725908901
-0.055476195714886
-0.057036555098966
-0.058440502752404
-0.059685197461878
-0.060768262346454
-0.061687787503314
-0.062442331068852
-0.063030918708119
-0.063453041551738
-0.063708652605469
-0.063798161663438
-0.063722428761711
-0.063482756214292
-0.063080879278810
-0.062518955504038
-0.061799552815978
-0.060925636403569
-0.059900554468979
-0.058728022911119
-0.057412109014236
-0.055957214216367
-0.054368056034956
-0.052649649229102
-0.050807286279639
-0.048846517269681
-0.046773129249229
-0.044593125168068
-0.042312702461421
-0.039938231372692
-0.037476233097130
-0.034933357829384
-0.032316362796737
-0.029632090358232
-0.026887446248108
-0.024089378039741
-0.021244853903887
-0.018360841732283
-0.015444288694701
-0.012502101294351
-0.009541125983110
-0.006568130394456
-0.003589785248217
-0.000612646977305
0.002356858877421
0.005312453462183
0.008248019557459
0.011157615643851
0.014035489057515
0.016876088210396
0.019674073854835
0.022424329376441
0.025121970103407
0.027762351624658
0.030341077113343
0.032854003656253
0.035297247593607
0.037667188877511
0.039960474460983
0.042174020732975
0.044305015018100
0.046350916162959
0.048309454233887
0.050178629353713
0.051956709707670
0.053642228750955
0.055233981652551
0.056731021011851
0.058132651886322
0.059438426169906
0.060648136363142
0.061761808777010
0.062779696213321
0.063702270165107
0.064530212580855
0.065264407236643
0.065905930760210
0.066456043350873
0.066916179238762
0.067287936926368
0.067573069254657
0.067773473335169
0.067891180388502
0.067928345528452
0.067887237529808
0.067770228616428
0.067579784304746
0.067318453336271
0.066988857730995
0.066593682991898
0.066135668488948
0.065617598049172
0.065042290777475
0.064412592131012
0.063731365267967
0.063001482689695
0.062225818193227
0.061407239149235
0.060548599118646
0.059652730819229
0.058722439451614
0.057760496392436
0.056769633260511
0.055752536360267
0.054711841505006
0.053650129220997
0.052569920331887
0.051473671921479
0.050363773671555
0.049242544570155
0.048112229984482
0.046974999091517
0.045832942658365
0.044688071163393
0.043542313248349
0.042397514490875
0.041255436486108
0.040117756225433
0.038986065759918
0.037861872135521
0.036746597586706
0.035641579974888
0.034548073457805
0.033467249375815
0.032400197340963
0.031347926514674
0.030311367059929
0.029291371753868
0.028288717746908
0.027304108454660
0.026338175569144
0.025391481176105
0.024464519965539
0.023557721522893
0.022671452688803
0.021806019975636
0.020961672029555
0.020138602127285
0.019336950697248
0.018556807855220
0.017798215945188
0.017061172076587
0.016345630649646
0.015651505861086
0.014978674182927
0.014326976807731
0.013696222054090
0.013086187726716
0.012496623425983
0.011927252802268
0.011377775750962
0.010847870544443
0.010337195897808
0.009845392965596
0.009372087267150
0.008916890538692
0.008479402510583
0.008059212608599
0.007655901578414
0.007269043032840
0.006898204921650
0.006542950924146
0.006202841764885
0.005877436453236
0.005566293447690
0.005268971746055
0.004985031902856
0.004714036975456
0.004455553400567
0.004209151802958
0.003974407738305
0.003750902372233
0.003538223097680
0.003335964092816
0.003143726821801
0.002961120480696
0.002787762390932
0.002623278342700
0.002467302890692
0.002319479604601
0.002179461276772
0.002046910089419
0.001921497743735
0.001802905553258
0.001690824503763
0.001584955281935
0.001485008275002
0.001390703543484
0.001301770769112
0.001217949179940
0.001138987454580
0.001064643607447
0.000994684856789
0.000928887477247
0.000867036638579
0.000808926232117
0.000754358686460
0.000703144773814
0.000655103408320
0.000610061437629
0.000567853428920
0.000528321450479
0.000491314849865
0.000456690029654
0.000424310221654
0.000394045260430
0.000365771356901
0.000339370872731
0.000314732096156
0.000291749019828
0.000270321121226
0.000250353146100
0.000231754895385
0.000214441015971
0.000198330795655
0.000183347962577
0.000169420489386
0.000156480402362
0.000144463595655
0.000133309650806
0.000122961661643
0.000113366064663
0.000104472474929
0.000096233527544
0.000088604724691
0.000081544288243
0.000075013017911
0.000068974154887
0.000063393250908
0.000058238042695
0.000053478331648
0.000049085868720
0.000045034244359
0.000041298783399
0.000037856444784
0.000034685725991
0.000031766572020
0.000029080288827
0.000026609461036
0.000024337873814
0.000022250438752
0.000020333123605
0.000018572885760
0.000016957609280
0.000015476045381
0.000014117756205
0.000012873061750
0.000011732989820
0.000010689228852
0.000009734083509
0.000008860432882
0.000008061691207
0.000007331770952
0.000006665048167
0.000006056329976
0.000005500824112
0.000004994110373
0.000004532113907
0.000004111080227
0.000003727551850
0.000003378346483
0.000003060536657
0.000002771430733
0.000002508555197
0.000002269638163
0.000002052594024
0.000001855509165
0.000001676628689
0.000001514344076
0.000001367181731
0.000001233792356
0.000001112941097
0.000001003498409
0.000000904431601
0.000000814797006
0.000000733732746
0.000000660452036
0.000000594236999
0.000000534432967
0.000000480443204
0.000000431724057
0.000000387780479
0.000000348161902
0.000000312458449
0.000000280297444
0.000000251340196
0.000000225279056
0.000000201834708
0.000000180753683
0.000000161806081
0.000000144783479
0.000000129497017
0.000000115775645
0.000000103464519
0.000000092423534
0.000000082525979
0.000000073657316
0.000000065714058
0.000000058602745
0.000000052239019
0.000000046546768
0.000000041457358
0.000000036908923
0.000000032845726
0.000000029217576
0.000000025979300
0.000000023090255
0.000000020513894
0.000000018217370
0.000000016171173
0.000000014348805
0.000000012726482
0.000000011282869
0.000000009998833
0.000000008857228
0.000000007842690
0.000000006941466
0.000000006141243
0.000000005431006
0.000000004800908
0.000000004242147
0.000000003746858
0.000000003308020
0.000000002919365
0.000000002575302
0.000000002270844
0.000000002001549
0.000000001763457
0.000000001553041
0.000000001367166
0.000000001203038
0.000000001058174
0.000000000930369
0.000000000817661
0.000000000718309
0.000000000630769
0.000000000553667
0.000000000485790
0.000000000426057
0.000000000373514
0.000000000327317
0.000000000286714
0.000000000251045
0.000000000219723
0.000000000192228
0.000000000168105
0.000000000146949
0.000000000128403
0.000000000112151
0.000000000097915
0.000000000085451
0.000000000074543
0.000000000065001
0.000000000056657
0.000000000049364
0.000000000042992
0.000000000037427
0.000000000032569
0.000000000028330
0.000000000024632
0.000000000021409
0.000000000018599
0.000000000016152
0.000000000014021
0.000000000012166
0.000000000010552
0.000000000009149
0.000000000007928
0.000000000006868
0.000000000005947
0.000000000005148
0.000000000004454
0.000000000003852
0.000000000003330
0.000000000002878
0.000000000002486
0.000000000002146
0.000000000001852
0.000000000001598
0.000000000001379
0.000000000001188
0.000000000001024
0.000000000000882
0.000000000000759
0.000000000000653
0.000000000000562
0.000000000000484
0.000000000000416
0.000000000000357
0.000000000000307
0.000000000000263
0.000000000000226
0.000000000000194
0.000000000000166
0.000000000000143
0.000000000000122
0.000000000000105
0.000000000000089
0.000000000000076
0.000000000000065
0.000000000000056
0.000000000000048
0.000000000000041
0.000000000000035
0.000000000000030
0.000000000000025
0.000000000000022
0.000000000000019
0.000000000000016
0.000000000000013
0.000000000000011
0.000000000000010
0.000000000000008
0.000000000000007
0.000000000000006
0.000000000000005
0.000000000000005
0.000000000000004
0.000000000000003
0.000000000000003
0.000000000000002
0.000000000000002
0.000000000000001
0.000000000000001
0.000000000000001
0.000000000000001
0.000000000000001
0.000000000000001
0.000000000000001
0.000000000000000
0.000000000000000
0.000000000000000
0.000000000000000
0.000000000000000
0.000000000000000
0.000000000000001
0.000000000000000
-0.000000000000000
-0.000000000000000
0.000000000000000
0.000000000000000
-0.000000000000000
0.000000000000000
-0.000000000000000
-0.000000000000000
0.000000000000000
0.000000000000000
-0.000000000000000
0.000000000000000
-0.000000000000000
-0.000000000000000
0.000000000000000
0.000000000000000
-0.000000000000000
-0.000000000000000
-0.000000000000000
0.000000000000000
0.000000000000000
0.000000000000000
0.000000000000000
-0.000000000000000
-0.000000000000000
0.000000000000000
0.000000000000000
-0.000000000000000
-0.000000000000000
0.000000000000000
0.000000000000000
-0.000000000000000
-0.000000000000000
-0.000000000000000
0.000000000000000
0.000000000000000
0.000000000000000
-0.000000000000000
-0.000000000000000
0.000000000000000
0.000000000000000
0.000000000000000
-0.000000000000000
-0.000000000000000
0.000000000000000
-0.000000000000000
0.000000000000000
0.000000000000000
0.000000000000000
0.000000000000000
-0.000000000000000
-0.000000000000000
0.000000000000000
-0.000000000000000
-0.000000000000000
0.000000000000000
-0.000000000000000
0.000000000000000
0.000000000000000
0.000000000000000
-0.000000000000000
0.000000000000000
-0.000000000000000
-0.000000000000000
0.000000000000000
0.000000000000000
-0.000000000000000
0.000000000000000
-0.000000000000000
0.000000000000000
0.000000000000000
0.000000000000000
-0.000000000000000
-0.000000000000000
0.000000000000000
-0.000000000000000
0.000000000000000
0.000000000000000
0.000000000000000
0.000000000000000
-0.000000000000000
0.000000000000000
-0.000000000000000
-0.000000000000000
-0.000000000000000
0.000000000000000
0.000000000000000
0.000000000000000
0.000000000000000
-0.000000000000000
-0.000000000000000
-0.000000000000000
-0.000000000000000
-0.000000000000000
0.000000000000000
0.000000000000000
0.000000000000000
-0.000000000000000
-0.000000000000000
-0.000000000000000
-0.000000000000000
0.000000000000000
-0.000000000000000
0.000000000000000
0.000000000000000
0.000000000000000
-0.000000000000000
0.000000000000000
-0.000000000000000
0.000000000000000
0.000000000000000
0.000000000000000
-0.000000000000000
-0.000000000000000
0.000000000000000
-0.000000000000000
0.000000000000000
-0.000000000000000
-0.000000000000000
-0.000000000000000
0.000000000000000
0.000000000000000
0.000000000000000
-0.000000000000000
-0.000000000000000
0.000000000000000
-0.000000000000000
-0.000000000000000
-0.000000000000000
0.000000000000000
0.000000000000000
0.000000000000000
0.000000000000000
-0.000000000000000
-0.000000000000000
0.000000000000000
-0.000000000000000
0.000000000000000
0.000000000000000
0.000000000000000
0.000000000000000
-0.000000000000000
-0.000000000000000
-0.000000000000000
0.000000000000000
-0.000000000000000
0.000000000000000
-0.000000000000000
-0.000000000000000
0.000000000000000
-0.000000000000000
-0.000000000000000
-0.000000000000000
0.000000000000000
-0.000000000000000
-0.000000000000000
-0.000000000000000
0.000000000000000
0.000000000000000
-0.000000000000000
-0.000000000000000
-0.000000000000000
-0.000000000000000
0.000000000000000
0.000000000000000
0.000000000000000
-0.000000000000000
-0.000000000000000
-0.000000000000000
-0.000000000000000
-0.000000000000000
-0.000000000000000
0.000000000000000
0.000000000000000
0.000000000000000
-0.000000000000000
-0.000000000000000
-0.000000000000000
0.000000000000000
0.000000000000000
-0.000000000000000
0.000000000000000
0.000000000000000
0.000000000000000
-0.000000000000000
-0.000000000000000
0.000000000000000
0.000000000000000
-0.000000000000000
-0.000000000000000
0.000000000000000
-0.000000000000000
0.000000000000000
0.000000000000000
-0.000000000000000
0.000000000000000
-0.000000000000000
-0.000000000000000
0.000000000000000
-0.000000000000000
0.000000000000000
0.000000000000000
0.000000000000000
