2.54678616
2.26313767
2.00784731
1.77827154
1.57200569
1.38686274
1.22085388
1.07217086
0.93916987
0.82035686
0.71437415
0.61998824
0.53607866
0.46162787
0.39571201
0.33749248
0.28620828
0.24116902
0.20174853
0.16737912
0.13754622
0.11178362
0.08966908
0.07082030
0.05489132
0.04156921
0.03057102
0.02164106
0.01454840
0.00908459
0.00506158
0.00230984
0.00067665
0.00002454
0.00022985
0.00118149
0.00277967
0.00493494
0.00756715
0.01060457
0.01398312
0.01764563
0.02154113
0.02562433
0.02985501
0.03419755
0.03862046
0.04309600
0.04759978
0.05211045
0.05660936
0.06108033
0.06550934
0.06988438
0.07419515
0.07843298
0.08259055
0.08666184
0.09064191
0.09452685
0.09831360
0.10199988
0.10558413
0.10906535
0.11244310
0.11571739
0.11888866
0.12195768
0.12492551
0.12779350
0.13056321
0.13323638
0.13581490
0.13830081
0.14069624
0.14300339
0.14522456
0.14736205
0.14941821
0.15139543
0.15329607
0.15512251
0.15687710
0.15856218
0.16018007
0.16173303
0.16322332
0.16465312
0.16602459
0.16733984
0.16860093
0.16980985
0.17096857
0.17207898
0.17314293
0.17416220
0.17513854
0.17607362
0.17696906
0.17782646
0.17864732
0.17943312
0.18018527
0.18090514
0.18159406
