-0.000000000000000084
-0.000000000000000149
-0.000000000000000434
-0.000000000000000498
-0.000000000000000353
-0.000000000000000377
-0.000000000000000125
0.000000000000000070
-0.000000000000000090
0.000000000000000073
0.000000000000000193
0.000000000000000008
0.000000000000000015
-0.000000000000000056
0.000000000000000106
0.000000000000000006
-0.000000000000000251
-0.000000000000000363
-0.000000000000000429
-0.000000000000000374
-0.000000000000000560
-0.000000000000000859
-0.000000000000000784
-0.000000000000000860
-0.000000000000001176
-0.000000000000000991
-0.000000000000000647
-0.000000000000000620
-0.000000000000000228
-0.000000000000000126
-0.000000000000000379
-0.000000000000000955
-0.000000000000002364
-0.000000000000005534
-0.000000000000011515
-0.000000000000022392
-0.000000000000040955
-0.000000000000073575
-0.000000000000131213
-0.000000000000231525
-0.000000000000405664
-0.000000000000705617
-0.000000000001216917
-0.000000000002082706
-0.000000000003538381
-0.000000000005968960
-0.000000000009996421
-0.000000000016621672
-0.000000000027438888
-0.000000000044966134
-0.000000000073181578
-0.000000000118292669
-0.000000000189906505
-0.000000000302775000
-0.000000000479379375
-0.000000000753984799
-0.000000001178176412
-0.000000001829002087
-0.000000002820639158
-0.000000004321080979
-0.000000006577831789
-0.000000009950820337
-0.000000014959429924
-0.000000022347396410
-0.000000033172366867
-0.000000048942561763
-0.000000071779067440
-0.000000104642113029
-0.000000151631900782
-0.000000218389641351
-0.000000312711415462
-0.000000445210498944
-0.000000630225376251
-0.000000886982621411
-0.000001241095833727
-0.000001726910116549
-0.000002389721591168
-0.000003288810338349
-0.000004501178549761
-0.000006126214395600
-0.000008293366005343
-0.000011168119532877
-0.000014960369134080
-0.000019934322776196
-0.000026420482431869
-0.000034837397402597
-0.000045703865693574
-0.000059657669408755
-0.000077476760470799
-0.000100104173909899
-0.000128702236862857
-0.000164667613422845
-0.000209663783124994
-0.000265655700597122
-0.000334949784753778
-0.000420315301225182
-0.000524975281748148
-0.000652644080789724
-0.000807563472345595
-0.000994545297788181
-0.001219222913443099
-0.001487933489943866
-0.001807723361852042
-0.002186344006730120
-0.002632258286043957
-0.003155137388294046
-0.003765448965855057
-0.004474353032483388
-0.005293581758564137
-0.006235346642409806
-0.007313293748048968
-0.008541482629826555
-0.009934070501184484
-0.011504991567047804
-0.013267715633691828
-0.015237029186236369
-0.017426981458080859
-0.019850283716292258
-0.022517759442185998
-0.025437985547478153
-0.028620447770470840
-0.032072009494970362
-0.035796054724814425
-0.039791804834809062
-0.044054008649064745
-0.048578122771436950
-0.053354969639783326
-0.058369787805742555
-0.063601644697890355
-0.069023452198929441
-0.074609691715901635
-0.080329158401599030
-0.086144158205674046
-0.092010285054690069
-0.097877017005733633
-0.103698040005665543
-0.109422265691147227
-0.114993350836766026
-0.120349981915358215
-0.125427107297481966
-0.130168184094276690
-0.134514943523237063
-0.138407216824715185
-0.141783622397921610
-0.144583192892497187
-0.146758150554316819
-0.148263140230497331
-0.149055146160959245
-0.149094255015044114
-0.148345218499666948
-0.146789004695256325
-0.144412402086366659
-0.141207749204917687
-0.137173402622115803
-0.132314782873986292
-0.126653163616787218
-0.120216627162005762
-0.113039458557852010
-0.105162117678118019
-0.096631553850726942
-0.087506409060209553
-0.077850208666066789
-0.067730509755074358
-0.057218452138071238
-0.046388452144740334
-0.035319895267745746
-0.024093133225767518
-0.012788665160553410
-0.001486552018648117
0.009734173313093375
0.020796531395163517
0.031626705426099258
0.042154524909425999
0.052313871675344112
0.062043191134588289
0.071288128020154204
0.080000170853197550
0.088136638701924591
0.095660725842073940
0.102541718976359664
0.108758218598882225
0.114295126861443525
0.119143181911813570
0.123298655575273738
0.126763263672079018
0.129547265513926063
0.131665732637463173
0.133137830600845247
0.133986328404732985
0.134237333525821373
0.133922917732365337
0.133077480671125958
0.131737020816232175
0.129938652424744006
0.127720334106962902
0.125122934208425324
0.122187218992655763
0.118953293658742520
0.115460267675257910
0.111746095900821282
0.107849135971910745
0.103805973117167730
0.099651104972140261
0.095416803453239385
0.091133104955143901
0.086828954672010891
0.082530829960077781
0.078262647074089198
0.074045789317649130
0.069899215917173296
0.065840282221882013
0.061883984957322141
0.058043016606435668
0.054327891028080742
0.050747110747358916
0.047307733995060476
0.044015029528561435
0.040872596627556129
0.037882519076744225
0.035045534172222670
0.032361403726296790
0.029828796504110196
0.027445412170061481
0.025208116197474352
0.023113075039607994
0.021155980200016539
0.019332032806242277
0.017636038759748510
0.016062503420355527
0.014605720636226192
0.013259893095123263
0.012019147995490954
0.010877594753536619
0.009829378376268471
0.008868726490695929
0.007990002453780457
0.007187720488199711
0.006456571502593655
0.005791444610993774
0.005187443895759316
0.004639902585993511
0.004144388771274252
0.003696710046425763
0.003292915280395142
0.002929293651350660
0.002602369660227545
0.002308900649558175
0.002045870434112040
0.001810481533344885
0.001600146275110924
0.001412474853180022
0.001245268581190038
0.001096509729601184
0.000964350995869400
0.000847104825320417
0.000743230989075453
0.000651328912533596
0.000570127792462534
0.000498476892533597
0.000435336146950686
0.000379765978735494
0.000330920597990590
0.000288040108638727
0.000250442989123169
0.000217519007089335
0.000188721891182757
0.000163564277057857
0.000141612108769594
0.000122479416179466
0.000105823486929989
0.000091340041227453
0.000078759786105586
0.000067844768222014
0.000058385025932636
0.000050195539729902
0.000043113265107814
0.000036994957090437
0.000031714947837460
0.000027163133183251
0.000023243160700677
0.000019870704718536
0.000016972175818094
0.000014483439664950
0.000012348669092677
0.000010519321660684
0.000008953183799280
0.000007613644500284
0.000006468991110123
0.000005491784398767
0.000004658306928678
0.000003948055241917
0.000003343349323697
0.000002828961406115
0.000002391789363165
0.000002020570694159
0.000001705622720027
0.000001438640897445
0.000001212510360407
0.000001021141360761
0.000000859326190398
0.000000722610720743
0.000000607193950494
0.000000509835521528
0.000000427775513410
0.000000358665164090
0.000000300505305376
0.000000251597950769
0.000000210502292956
0.000000175996784222
0.000000147046580364
0.000000122774871852
0.000000102440241777
0.000000085416317776
0.000000071174347088
0.000000059268305830
0.000000049321904876
0.000000041018285278
0.000000034090859633
0.000000028315504606
0.000000023503925248
0.000000019497907936
0.000000016164752759
0.000000013393247709
0.000000011090251888
0.000000009177816347
0.000000007590693165
0.000000006274358924
0.000000005183288821
0.000000004279493042
0.000000003531292962
0.000000002912266896
0.000000002400414998
0.000000001977430538
0.000000001628091201
0.000000001339745142
0.000000001101876665
0.000000000905759367
0.000000000744155057
0.000000000611065223
0.000000000501520184
0.000000000411403481
0.000000000337308300
0.000000000276418853
0.000000000226408165
0.000000000185354431
0.000000000151671294
0.000000000124049445
0.000000000101409132
0.000000000082861242
0.000000000067673993
0.000000000055245085
0.000000000045077759
0.000000000036765595
0.000000000029972351
0.000000000024423139
0.000000000019891657
0.000000000016194535
0.000000000013179238
0.000000000010720554
0.000000000008716994
0.000000000007084883
0.000000000005755311
0.000000000004673216
0.000000000003793447
0.000000000003078362
0.000000000002496825
0.000000000002024023
0.000000000001640977
0.000000000001328592
0.000000000001076396
0.000000000000871317
0.000000000000704500
0.000000000000569689
0.000000000000461437
0.000000000000372867
0.000000000000301121
0.000000000000243210
0.000000000000196580
0.000000000000157811
0.000000000000127902
0.000000000000103318
0.000000000000083227
0.000000000000067027
0.000000000000053997
0.000000000000043191
0.000000000000035247
0.000000000000027479
0.000000000000023286
0.000000000000018481
0.000000000000014422
0.000000000000011650
0.000000000000009312
0.000000000000007777
0.000000000000006047
0.000000000000004959
0.000000000000004240
0.000000000000002592
0.000000000000002586
0.000000000000001877
0.000000000000001907
0.000000000000001628
0.000000000000000990
0.000000000000000682
0.000000000000000435
0.000000000000000644
0.000000000000000354
0.000000000000000600
0.000000000000000643
-0.000000000000000086
-0.000000000000000090
0.000000000000000206
-0.000000000000000074
0.000000000000000534
-0.000000000000000103
-0.000000000000000285
0.000000000000000706
-0.000000000000000553
-0.000000000000000095
0.000000000000000047
0.000000000000000279
-0.000000000000000240
0.000000000000000350
-0.000000000000000409
-0.000000000000000596
0.000000000000000254
0.000000000000000702
0.000000000000000469
-0.000000000000000708
-0.000000000000000330
-0.000000000000000160
0.000000000000000376
0.000000000000000063
0.000000000000000626
-0.000000000000000058
-0.000000000000000222
-0.000000000000000459
0.000000000000000016
0.000000000000000207
-0.000000000000000199
0.000000000000000522
-0.000000000000000135
-0.000000000000000565
0.000000000000000090
0.000000000000000318
0.000000000000000203
-0.000000000000000111
-0.000000000000000291
-0.000000000000000243
0.000000000000000016
0.000000000000000285
0.000000000000000656
-0.000000000000000620
-0.000000000000000625
0.000000000000000447
-0.000000000000000690
0.000000000000000385
0.000000000000000406
0.000000000000000434
-0.000000000000000285
-0.000000000000000491
0.000000000000000230
0.000000000000000251
-0.000000000000000351
0.000000000000000414
-0.000000000000000267
0.000000000000000199
-0.000000000000000371
-0.000000000000000347
0.000000000000000914
-0.000000000000000423
-0.000000000000000247
0.000000000000000317
0.000000000000000080
0.000000000000000024
-0.000000000000000304
0.000000000000000317
0.000000000000000013
-0.000000000000000060
0.000000000000000215
-0.000000000000000802
0.000000000000000754
-0.000000000000000173
-0.000000000000000184
0.000000000000000023
-0.000000000000000158
0.000000000000000080
-0.000000000000000009
0.000000000000000221
0.000000000000000290
-0.000000000000000242
-0.000000000000000385
0.000000000000000300
-0.000000000000000044
-0.000000000000000063
0.000000000000000211
0.000000000000000092
-0.000000000000000272
-0.000000000000000320
0.000000000000000292
-0.000000000000000653
0.000000000000000575
0.000000000000000155
-0.000000000000000674
0.000000000000000185
0.000000000000000406
0.000000000000000048
-0.000000000000000269
-0.000000000000000089
0.000000000000000513
-0.000000000000000301
-0.000000000000000265
0.000000000000000141
0.000000000000000025
0.000000000000000390
-0.000000000000000479
-0.000000000000000404
0.000000000000000420
