0.000000000000001
0.000000000000003
0.000000000000005
0.000000000000007
0.000000000000010
0.000000000000013
0.000000000000016
0.000000000000020
0.000000000000024
0.000000000000030
0.000000000000036
0.000000000000042
0.000000000000051
0.000000000000060
0.000000000000071
0.000000000000084
0.000000000000097
0.000000000000113
0.000000000000131
0.000000000000150
0.000000000000173
0.000000000000199
0.000000000000229
0.000000000000265
0.000000000000306
0.000000000000353
0.000000000000407
0.000000000000470
0.000000000000540
0.000000000000622
0.000000000000714
0.000000000000821
0.000000000000944
0.000000000001085
0.000000000001246
0.000000000001430
0.000000000001641
0.000000000001881
0.000000000002156
0.000000000002470
0.000000000002830
0.000000000003241
0.000000000003711
0.000000000004247
0.000000000004860
0.000000000005558
0.000000000006354
0.000000000007262
0.000000000008296
0.000000000009474
0.000000000010816
0.000000000012344
0.000000000014082
0.000000000016060
0.000000000018309
0.000000000020864
0.000000000023768
0.000000000027064
0.000000000030807
0.000000000035055
0.000000000039874
0.000000000045338
0.000000000051532
0.000000000058551
0.000000000066500
0.000000000075499
0.000000000085685
0.000000000097208
0.000000000110240
0.000000000124971
0.000000000141619
0.000000000160424
0.000000000181658
0.000000000205625
0.000000000232666
0.000000000263164
0.000000000297547
0.000000000336295
0.000000000379946
0.000000000429102
0.000000000484435
0.000000000546697
0.000000000616729
0.000000000695470
0.000000000783969
0.000000000883398
0.000000000995060
0.000000001120415
0.000000001261085
0.000000001418881
0.000000001595820
0.000000001794146
0.000000002016356
0.000000002265232
0.000000002543865
0.000000002855692
0.000000003204531
0.000000003594625
0.000000004030681
0.000000004517924
0.000000005062152
0.000000005669793
0.000000006347969
0.000000007104573
0.000000007948346
0.000000008888962
0.000000009937128
0.000000011104682
0.000000012404717
0.000000013851698
0.000000015461604
0.000000017252080
0.000000019242598
0.000000021454643
0.000000023911902
0.000000026640490
0.000000029669179
0.000000033029657
0.000000036756806
0.000000040889012
0.000000045468495
0.000000050541675
0.000000056159567
0.000000062378210
0.000000069259139
0.000000076869888
0.000000085284554
0.000000094584387
0.000000104858452
0.000000116204332
0.000000128728901
0.000000142549156
0.000000157793118
0.000000174600813
0.000000193125329
0.000000213533964
0.000000236009462
0.000000260751356
0.000000287977408
0.000000317925176
0.000000350853700
0.000000387045318
0.000000426807626
0.000000470475591
0.000000518413825
0.000000571019033
0.000000628722648
0.000000691993659
0.000000761341660
0.000000837320112
0.000000920529857
0.000001011622883
0.000001111306357
0.000001220346954
0.000001339575494
0.000001469891900
0.000001612270510
0.000001767765754
0.000001937518221
0.000002122761141
0.000002324827308
0.000002545156462
0.000002785303160
0.000003046945174
0.000003331892422
0.000003642096491
0.000003979660752
0.000004346851133
0.000004746107547
0.000005180056051
0.000005651521729
0.000006163542376
0.000006719382993
0.000007322551145
0.000007976813230
0.000008686211680
0.000009455083167
0.000010288077822
0.000011190179555
0.000012166727489
0.000013223438561
0.000014366431366
0.000015602251251
0.000016937896742
0.000018380847344
0.000019939092760
0.000021621163587
0.000023436163546
0.000025393803282
0.000027504435804
0.000029779093605
0.000032229527518
0.000034868247362
0.000037708564421
0.000040764635814
0.000044051510791
0.000047585179021
0.000051382620896
0.000055461859913
0.000059842017155
0.000064543367923
0.000069587400554
0.000074996877443
0.000080795898312
0.000087009965737
0.000093666052963
0.000100792674016
0.000108419956112
0.000116579714386
0.000125305528918
0.000134632824060
0.000144598950036
0.000155243266799
0.000166607230106
0.000178734479774
0.000191670930060
0.000205464862114
0.000220167018424
0.000235830699176
0.000252511860442
0.000270269214077
0.000289164329230
0.000309261735315
0.000330629026316
0.000353336966264
0.000377459595724
0.000403074339081
0.000430262112459
0.000459107432035
0.000489698522518
0.000522127425555
0.000556490107790
0.000592886568296
0.000631420945092
0.000672201620412
0.000715341324412
0.000760957236954
0.000809171087096
0.000860109249922
0.000913902840287
0.000970687803071
0.001030604999510
0.001093800289141
0.001160424606896
0.001230634034873
0.001304589868263
0.001382458674942
0.001464412348189
0.001550628151991
0.001641288758386
0.001736582276291
0.001836702271223
0.001941847775353
0.002052223287297
0.002168038761047
0.002289509583464
0.002416856539708
0.002550305766031
0.002690088689321
0.002836441952799
0.002989607327296
0.003149831607518
0.003317366492716
0.003492468451231
0.003675398568341
0.003866422376892
0.004065809670214
0.004273834296811
0.004490773936399
0.004716909856826
0.004952526651491
0.005197911956889
0.005453356149940
0.005719152024827
0.005995594449069
0.006282979998645
0.006581606571985
0.006891772982749
0.007213778531319
0.007547922555004
0.007894503957038
0.008253820714478
0.008626169365185
0.009011844474156
0.009411138079515
0.009824339118555
0.010251732834313
0.010693600163190
0.011150217104255
0.011621854070915
0.012108775225718
0.012611237799159
0.013129491393394
0.013663777271904
0.014214327636178
0.014781364890605
0.015365100896821
0.015965736218861
0.016583459360513
0.017218445996377
0.017870858198200
0.018540843658119
0.019228534910539
0.019934048554422
0.020657484477842
0.021398925086713
0.022158434539675
0.022936057991150
0.023731820844660
0.024545728018528
0.025377763226120
0.026227888272852
0.027096042372162
0.027982141482737
0.028886077669246
0.029807718488872
0.030746906405936
0.031703458236903
0.032677164628034
0.033667789567962
0.034675069937421
0.035698715098332
0.036738406524399
0.037793797475355
0.038864512716885
0.039950148288245
0.041050271319478
0.042164419900080
0.043292103000856
0.044432800450630
0.045585962969339
0.046751012258971
0.047927341153639
0.049114313829997
0.050311266079039
0.051517505640194
0.052732312598495
0.053954939845415
0.055184613603835
0.056420534017412
0.057661875804500
0.058907788976522
0.060157399620595
0.061409810745977
0.062664103193739
0.063919336608878
0.065174550473907
0.066428765202749
0.067680983293606
0.068930190539243
0.070175357292993
0.071415439788557
0.072649381511506
0.073876114620235
0.075094561413910
0.076303635844787
0.077502245072143
0.078689291054851
0.079863672179519
0.081024284920947
0.082170025531527
0.083299791756058
0.084412484568362
0.085507009925949
0.086582280538886
0.087637217648933
0.088670752814927
0.089681829700325
0.090669405858786
0.091632454513567
0.092569966326544
0.093480951152613
0.094364439775206
0.095219485618717
0.096045166433590
0.096840585949900
0.097604875495277
0.098337195573109
0.099036737396998
0.099702724377567
0.100334413557783
0.100931096993100
0.101492103072821
0.102016797779240
0.102504585881251
0.102954912059299
0.103367261958668
0.103741163168344
0.104076186122815
0.104371944924418
0.104628098084023
0.104844349178062
0.105020447420145
0.105156188145696
0.105251413208333
0.105306011286877
0.105319918102195
0.105293116543255
0.105225636702062
0.105117555817379
0.104968998127368
0.104780134631553
0.104551182762738
0.104282405969779
0.103974113212290
0.103626658368697
0.103240439559177
0.102815898385316
0.102353519088538
0.101853827629508
0.101317390691003
0.100744814606861
0.100136744219871
0.099493861671595
0.098816885127313
0.098106567439420
0.097363694752761
0.096589085055516
0.095783586679372
0.094948076752831
0.094083459611596
0.093190665170052
0.092270647257964
0.091324381926525
0.090352865727957
0.089357113972906
0.088338158969865
0.087297048250893
0.086234842787858
0.085152615203434
0.084051447981039
0.082932431677860
0.081796663145017
0.080645243758925
0.079479277667738
0.078299870056726
0.077108125436330
0.075905145956477
0.074692029750689
0.073469869313308
0.072239749913098
0.071002748046254
0.069759929931770
0.068512350051903
0.067261049740322
0.066007055820368
0.064751379295651
0.063495014095044
0.062238935873961
0.060984100873580
0.059731444839542
0.058481882001415
0.057236304114055
0.055995579561799
0.054760552526228
0.053532042218069
0.052310842173615
0.051097719615841
0.049893414880256
0.048698640905325
0.047514082787131
0.046340397397800
0.045178213067032
0.044028129325940
0.042890716712249
0.041766516635764
0.040656041302892
0.039559773698849
0.038478167626120
0.037411647797549
0.036360609982409
0.035325421203658
0.034306419984517
0.033303916642417
0.032318193628314
0.031349505909264
0.030398081392150
0.029464121386349
0.028547801103140
0.027649270189587
0.026768653294615
0.025906050665003
0.025061538768975
0.024235170945102
0.023426978074202
0.022636969271977
0.021865132600109
0.021111435793577
0.020375827002002
0.019658235542836
0.018958572664277
0.018276732315838
0.017612591924527
0.016966013174688
0.016336842789584
0.015724913312874
0.015130043888224
0.014552041035322
0.013990699420680
0.013445802621669
0.012917123882283
0.012404426859260
0.011907466357206
0.011425989051514
0.010959734197884
0.010508434327394
0.010071815926105
0.009649600098297
0.009241503212499
0.008847237529549
0.008466511812022
0.008099031914427
0.007744501353641
0.007402621859140
0.007073093902664
0.006755617206987
0.006449891233587
0.006155615649027
0.005872490769953
0.005600217986659
0.005338500165245
0.005087042028428
0.004845550515140
0.004613735119083
0.004391308206462
0.004177985313172
0.003973485421736
0.003777531218355
0.003589849330434
0.003410170545024
0.003238230008605
0.003073767408695
0.002916527137779
0.002766258440081
0.002622715541716
0.002485657764764
0.002354849625862
0.002230060919873
0.002111066789222
0.001997647779513
0.001889589882004
0.001786684563564
0.001688728784708
0.001595525006309
0.001506881185600
0.001422610762052
0.001342532633720
0.001266471124641
0.001194255943854
0.001125722136617
0.001060710028351
0.000999065161877
0.000940638228453
0.000885284993132
0.000832866214945
0.000783247562368
0.000736299524581
0.000691897318916
0.000649920794984
0.000610254335850
0.000572786756685
0.000537411201264
0.000504025036675
0.000472529746592
0.000442830823431
0.000414837659713
0.000388463438910
0.000363625026077
0.000340242858504
0.000318240836649
0.000297546215576
0.000278089497101
0.000259804322854
0.000242627368434
0.000226498238819
0.000211359365188
0.000197155903288
0.000183835633485
0.000171348862589
0.000159648327576
0.000148689101280
0.000138428500142
0.000128825994072
0.000119843118495
0.000111443388618
0.000103592215957
0.000096256827156
0.000089406185114
0.000083010912453
0.000077043217297
0.000071476821405
0.000066286890620
0.000061449967633
0.000056943907056
0.000052747812761
0.000048841977481
0.000045207824624
0.000041827852281
0.000038685579385
0.000035765493980
0.000033053003562
0.000030534387440
0.000028196751087
0.000026027982410
0.000024016709910
0.000022152262668
0.000020424632112
0.000018824435516
0.000017342881168
0.000015971735162
0.000014703289760
0.000013530333273
0.000012446121398
0.000011444349976
0.000010519129106
0.000009664958562
0.000008876704474
0.000008149577219
0.000007479110467
0.000006861141341
0.000006291791639
0.000005767450081
0.000005284755523
0.000004840581109
0.000004432019304
0.000004056367787
0.000003711116137
0.000003393933299
0.000003102655778
0.000002835276528
0.000002589934505
0.000002364904850
0.000002158589655
0.000001969509312
0.000001796294385
0.000001637677984
0.000001492488635
0.000001359643582
0.000001238142529
0.000001127061785
0.000001025548788
0.000000932816979
0.000000848141030
0.000000770852381
0.000000700335069
0.000000636021858
0.000000577390609
0.000000523960923
0.000000475290996
0.000000430974704
0.000000390638889
0.000000353940838
0.000000320565936
0.000000290225501
0.000000262654753
0.000000237610952
0.000000214871660
0.000000194233135
0.000000175508837
0.000000158528061
0.000000143134657
0.000000129185848
0.000000116551150
0.000000105111364
0.000000094757647
0.000000085390654
0.000000076919756
0.000000069262304
0.000000062342965
0.000000056093100
0.000000050450202
0.000000045357368
0.000000040762824
0.000000036619478
0.000000032884521
0.000000029519048
0.000000026487724
0.000000023758466
0.000000021302159
0.000000019092390
0.000000017105212
0.000000015318918
0.000000013713843
0.000000012272179
0.000000010977809
0.000000009816148
0.000000008774008
0.000000007839464
0.000000007001744
0.000000006251115
0.000000005578792
0.000000004976848
0.000000004438129
0.000000003956189
0.000000003525214
0.000000003139970
0.000000002795740
0.000000002488283
0.000000002213777
0.000000001968791
0.000000001750237
0.000000001555340
0.000000001381610
0.000000001226809
0.000000001088929
0.000000000966171
0.000000000856919
0.000000000759726
0.000000000673295
0.000000000596466
0.000000000528198
0.000000000467563
0.000000000413727
0.000000000365949
0.000000000323562
0.000000000285974
0.000000000252654
0.000000000223129
0.000000000196979
0.000000000173826
0.000000000153335
0.000000000135206
0.000000000119175
0.000000000105004
0.000000000092482
0.000000000081422
0.000000000071657
0.000000000063037
0.000000000055434
0.000000000048729
0.000000000042818
0.000000000037609
0.000000000033022
0.000000000028982
0.000000000025427
0.000000000022300
0.000000000019549
0.000000000017131
0.000000000015006
0.000000000013140
0.000000000011501
0.000000000010063
0.000000000008802
0.000000000007695
0.000000000006725
0.000000000005875
0.000000000005130
0.000000000004478
0.000000000003908
0.000000000003408
0.000000000002971
0.000000000002590
0.000000000002256
0.000000000001965
0.000000000001711
0.000000000001489
0.000000000001295
0.000000000001126
0.000000000000979
0.000000000000850
0.000000000000738
0.000000000000641
0.000000000000557
0.000000000000483
0.000000000000419
0.000000000000363
0.000000000000314
0.000000000000272
0.000000000000236
0.000000000000204
0.000000000000177
0.000000000000153
0.000000000000132
0.000000000000114
0.000000000000098
0.000000000000085
0.000000000000073
0.000000000000063
0.000000000000056
0.000000000000048
0.000000000000040
0.000000000000035
0.000000000000029
0.000000000000026
0.000000000000023
0.000000000000019
0.000000000000016
0.000000000000014
0.000000000000012
0.000000000000011
0.000000000000009
0.000000000000007
0.000000000000007
0.000000000000006
0.000000000000005
0.000000000000004
0.000000000000004
0.000000000000003
0.000000000000003
0.000000000000003
0.000000000000002
0.000000000000002
0.000000000000001
0.000000000000001
0.000000000000001
0.000000000000001
0.000000000000001
0.000000000000001
0.000000000000001
0.000000000000001
-0.000000000000000
0.000000000000000
0.000000000000000
-0.000000000000000
0.000000000000001
-0.000000000000000
-0.000000000000000
0.000000000000001
0.000000000000000
0.000000000000000
-0.000000000000000
-0.000000000000000
-0.000000000000000
0.000000000000000
-0.000000000000000
0.000000000000000
-0.000000000000000
0.000000000000000
0.000000000000000
-0.000000000000000
-0.000000000000000
-0.000000000000000
0.000000000000000
0.000000000000001
0.000000000000000
-0.000000000000000
-0.000000000000000
-0.000000000000000
0.000000000000001
0.000000000000000
-0.000000000000000
-0.000000000000000
-0.000000000000000
-0.000000000000000
0.000000000000001
0.000000000000000
0.000000000000000
-0.000000000000001
-0.000000000000000
0.000000000000001
0.000000000000000
-0.000000000000000
-0.000000000000000
-0.000000000000000
0.000000000000000
0.000000000000000
0.000000000000000
0.000000000000000
-0.000000000000001
-0.000000000000000
0.000000000000000
0.000000000000000
0.000000000000000
0.000000000000000
-0.000000000000000
-0.000000000000000
0.000000000000000
0.000000000000001
-0.000000000000000
-0.000000000000000
-0.000000000000001
-0.000000000000000
0.000000000000000
0.000000000000000
0.000000000000000
0.000000000000000
-0.000000000000000
-0.000000000000000
-0.000000000000000
0.000000000000000
-0.000000000000000
0.000000000000000
0.000000000000000
0.000000000000000
-0.000000000000000
0.000000000000000
-0.000000000000000
-0.000000000000000
-0.000000000000000
0.000000000000000
0.000000000000000
-0.000000000000000
-0.000000000000000
-0.000000000000000
0.000000000000000
0.000000000000000
-0.000000000000000
-0.000000000000000
0.000000000000000
-0.000000000000000
0.000000000000000
0.000000000000000
0.000000000000000
-0.000000000000000
0.000000000000000
0.000000000000000
0.000000000000000
-0.000000000000000
-0.000000000000000
0.000000000000000
-0.000000000000000
-0.000000000000000
0.000000000000001
0.000000000000001
-0.000000000000000
-0.000000000000001
-0.000000000000000
-0.000000000000000
0.000000000000001
0.000000000000000
-0.000000000000001
-0.000000000000000
-0.000000000000000
0.000000000000000
0.000000000000000
-0.000000000000000
-0.000000000000000
-0.000000000000000
-0.000000000000000
0.000000000000000
0.000000000000001
0.000000000000000
-0.000000000000000
-0.000000000000001
0.000000000000000
-0.000000000000000
-0.000000000000000
0.000000000000001
0.000000000000000
-0.000000000000001
-0.000000000000000
0.000000000000000
0.000000000000000
-0.000000000000000
-0.000000000000000
0.000000000000000
0.000000000000000
-0.000000000000000
-0.000000000000000
0.000000000000000
-0.000000000000001
0.000000000000000
-0.000000000000000
0.000000000000000
0.000000000000000
-0.000000000000000
0.000000000000000
-0.000000000000000
-0.000000000000000
0.000000000000000
-0.000000000000000
0.000000000000000
0.000000000000000
0.000000000000000
-0.000000000000001
0.000000000000000
0.000000000000000
0.000000000000000
0.000000000000000
-0.000000000000001
-0.000000000000000
0.000000000000000
0.000000000000001
-0.000000000000000
-0.000000000000001
0.000000000000000
0.000000000000000
-0.000000000000000
0.000000000000000
-0.000000000000000
-0.000000000000000
-0.000000000000000
-0.000000000000000
0.000000000000000
0.000000000000001
-0.000000000000000
-0.000000000000000
-0.000000000000001
0.000000000000001
0.000000000000000
-0.000000000000000
0.000000000000000
-0.000000000000000
-0.000000000000000
-0.000000000000000
0.000000000000000
-0.000000000000000
0.000000000000000
0.000000000000001
-0.000000000000001
-0.000000000000000
0.000000000000001
-0.000000000000000
-0.000000000000000
0.000000000000000
0.000000000000001
0.000000000000000
-0.000000000000001
-0.000000000000000
0.000000000000000
-0.000000000000000
-0.000000000000001
0.000000000000000
0.000000000000001
-0.000000000000001
-0.000000000000000
0.000000000000000
-0.000000000000000
-0.000000000000000
-0.000000000000000
0.000000000000000
-0.000000000000000
0.000000000000000
-0.000000000000000
0.000000000000000
-0.000000000000000
-0.000000000000000
-0.000000000000001
0.000000000000001
0.000000000000000
-0.000000000000000
-0.000000000000000
-0.000000000000000
0.000000000000000
0.000000000000000
0.000000000000000
-0.000000000000000
0.000000000000000
0.000000000000000
-0.000000000000000
-0.000000000000000
0.000000000000000
-0.000000000000000
0.000000000000000
-0.000000000000000
-0.000000000000000
0.000000000000000
0.000000000000000
-0.000000000000000
-0.000000000000000
0.000000000000000
0.000000000000000
0.000000000000000
-0.000000000000000
0.000000000000000
-0.000000000000001
0.000000000000001
0.000000000000000
-0.000000000000001
