-0.000000000000024
-0.000000000000049
-0.000000000000076
-0.000000000000105
-0.000000000000137
-0.000000000000171
-0.000000000000210
-0.000000000000253
-0.000000000000302
-0.000000000000356
-0.000000000000418
-0.000000000000488
-0.000000000000568
-0.000000000000660
-0.000000000000766
-0.000000000000886
-0.000000000001024
-0.000000000001182
-0.000000000001363
-0.000000000001571
-0.000000000001809
-0.000000000002083
-0.000000000002397
-0.000000000002758
-0.000000000003171
-0.000000000003646
-0.000000000004188
-0.000000000004811
-0.000000000005522
-0.000000000006336
-0.000000000007268
-0.000000000008334
-0.000000000009553
-0.000000000010946
-0.000000000012538
-0.000000000014356
-0.000000000016431
-0.000000000018799
-0.000000000021500
-0.000000000024579
-0.000000000028089
-0.000000000032088
-0.000000000036644
-0.000000000041829
-0.000000000047730
-0.000000000054443
-0.000000000062077
-0.000000000070753
-0.000000000080613
-0.000000000091812
-0.000000000104526
-0.000000000118955
-0.000000000135324
-0.000000000153886
-0.000000000174929
-0.000000000198772
-0.000000000225780
-0.000000000256359
-0.000000000290969
-0.000000000330125
-0.000000000374405
-0.000000000424464
-0.000000000481030
-0.000000000544925
-0.000000000617071
-0.000000000698499
-0.000000000790370
-0.000000000893980
-0.000000001010784
-0.000000001142410
-0.000000001290679
-0.000000001457630
-0.000000001645543
-0.000000001856965
-0.000000002094743
-0.000000002362057
-0.000000002662455
-0.000000002999899
-0.000000003378807
-0.000000003804106
-0.000000004281283
-0.000000004816455
-0.000000005416430
-0.000000006088786
-0.000000006841957
-0.000000007685316
-0.000000008629288
-0.000000009685453
-0.000000010866672
-0.000000012187224
-0.000000013662954
-0.000000015311434
-0.000000017152149
-0.000000019206692
-0.000000021498981
-0.000000024055501
-0.000000026905565
-0.000000030081599
-0.000000033619461
-0.000000037558787
-0.000000041943365
-0.000000046821554
-0.000000052246736
-0.000000058277809
-0.000000064979732
-0.000000072424116
-0.000000080689870
-0.000000089863906
-0.000000100041908
-0.000000111329171
-0.000000123841514
-0.000000137706277
-0.000000153063402
-0.000000170066614
-0.000000188884699
-0.000000209702903
-0.000000232724438
-0.000000258172129
-0.000000286290196
-0.000000317346185
-0.000000351633070
-0.000000389471516
-0.000000431212341
-0.000000477239178
-0.000000527971350
-0.000000583866986
-0.000000645426377
-0.000000713195612
-0.000000787770492
-0.000000869800760
-0.000000959994657
-0.000001059123834
-0.000001168028637
-0.000001287623802
-0.000001418904575
-0.000001562953294
-0.000001720946466
-0.000001894162356
-0.000002083989144
-0.000002291933661
-0.000002519630771
-0.000002768853404
-0.000003041523312
-0.000003339722574
-0.000003665705901
-0.000004021913783
-0.000004410986543
-0.000004835779329
-0.000005299378112
-0.000005805116743
-0.000006356595131
-0.000006957698594
-0.000007612618454
-0.000008325873941
-0.000009102335473
-0.000009947249382
-0.000010866264153
-0.000011865458265
-0.000012951369700
-0.000014131027198
-0.000015411983346
-0.000016802349580
-0.000018310833191
-0.000019946776403
-0.000021720197647
-0.000023641835076
-0.000025723192446
-0.000027976587448
-0.000030415202563
-0.000033053138569
-0.000035905470752
-0.000038988307954
-0.000042318854518
-0.000045915475243
-0.000049797763427
-0.000053986612097
-0.000058504288503
-0.000063374511962
-0.000068622535139
-0.000074275228839
-0.000080361170372
-0.000086910735573
-0.000093956194536
-0.000101531811103
-0.000109673946174
-0.000118421164872
-0.000127814347578
-0.000137896804890
-0.000148714396482
-0.000160315653883
-0.000172751907156
-0.000186077415447
-0.000200349501368
-0.000215628689148
-0.000231978846490
-0.000249467330025
-0.000268165134266
-0.000288147043922
-0.000309491789426
-0.000332282205493
-0.000356605392514
-0.000382552880559
-0.000410220795751
-0.000439710028706
-0.000471126404769
-0.000504580855683
-0.000540189592336
-0.000578074278188
-0.000618362202953
-0.000661186456061
-0.000706686099416
-0.000755006338901
-0.000806298694080
-0.000860721165472
-0.000918438398767
-0.000979621845300
-0.001044449918059
-0.001113108142483
-0.001185789301232
-0.001262693572128
-0.001344028658359
-0.001430009910065
-0.001520860436349
-0.001616811206732
-0.001718101141025
-0.001824977186591
-0.001937694381880
-0.002056515905149
-0.002181713107204
-0.002313565527002
-0.002452360888912
-0.002598395080415
-0.002751972109010
-0.002913404037061
-0.003083010893327
-0.003261120559897
-0.003448068633239
-0.003644198258094
-0.003849859932925
-0.004065411285651
-0.004291216818415
-0.004527647620141
-0.004775081045664
-0.005033900360258
-0.005304494348407
-0.005587256885704
-0.005882586472848
-0.006190885730712
-0.006512560855555
-0.006848021033517
-0.007197677813593
-0.007561944438394
-0.007941235132069
-0.008335964344885
-0.008746545954050
-0.009173392420494
-0.009616913901427
-0.010077517318657
-0.010555605382742
-0.011051575573231
-0.011565819075396
-0.012098719673992
-0.012650652604786
-0.013221983364722
-0.013813066481825
-0.014424244246071
-0.015055845402678
-0.015708183809464
-0.016381557060092
-0.017076245075265
-0.017792508664093
-0.018530588058102
-0.019290701420540
-0.020073043333858
-0.020877783268457
-0.021705064035981
-0.022555000230688
-0.023427676662589
-0.024323146786292
-0.025241431129655
-0.026182515726569
-0.027146350558374
-0.028132848008591
-0.029141881335821
-0.030173283169842
-0.031226844036076
-0.032302310913748
-0.033399385833173
-0.034517724517756
-0.035656935076356
-0.036816576751776
-0.037996158731198
-0.039195139024439
-0.040412923415947
-0.041648864496438
-0.042902260780118
-0.044172355913356
-0.045458337980661
-0.046759338913731
-0.048074434009238
-0.049402641560909
-0.050742922611310
-0.052094180828585
-0.053455262513179
-0.054824956739393
-0.056201995636357
-0.057585054812735
-0.058972753929187
-0.060363657422302
-0.061756275383363
-0.063149064594938
-0.064540429727913
-0.065928724701160
-0.067312254205580
-0.068689275393865
-0.070057999736766
-0.071416595046227
-0.072763187665194
-0.074095864823413
-0.075412677157937
-0.076711641396587
-0.077990743201958
-0.079247940173058
-0.080481165001051
-0.081688328774990
-0.082867324432863
-0.084016030352645
-0.085132314077500
-0.086214036168672
-0.087259054179028
-0.088265226739651
-0.089230417751339
-0.090152500672287
-0.091029362892739
-0.091858910186873
-0.092639071231687
-0.093367802182213
-0.094043091291925
-0.094662963566822
-0.095225485441266
-0.095728769463336
-0.096170978977118
-0.096550332789119
-0.096865109805710
-0.097113653628363
-0.097294377093251
-0.097405766741705
-0.097446387207935
-0.097414885510446
-0.097309995233552
-0.097130540585537
-0.096875440320093
-0.096543711507869
-0.096134473145187
-0.095646949587243
-0.095080473793476
-0.094434490373116
-0.093708558419378
-0.092902354121234
-0.092015673142208
-0.091048432756197
-0.090000673730933
-0.088872561950361
-0.087664389767867
-0.086376577083038
-0.085009672135391
-0.083564352009305
-0.082041422845195
-0.080441819752855
-0.078766606423739
-0.077016974439867
-0.075194242277954
-0.073299854008277
-0.071335377688777
-0.069302503455794
-0.067203041313819
-0.065038918627596
-0.062812177320862
-0.060524970786940
-0.058179560517365
-0.055778312455622
-0.053323693083977
-0.050818265252284
-0.048264683758482
-0.045665690691338
-0.043024110546787
-0.040342845129979
-0.037624868255855
-0.034873220261783
-0.032091002346373
-0.029281370749241
-0.026447530786981
-0.023592730761113
-0.020720255754226
-0.017833421330879
-0.014935567160180
-0.012030050577208
-0.009120240100662
-0.006209508924241
-0.003301228399386
-0.000398761526987
0.002494543524338
0.005375359855903
0.008240388215237
0.011086363293856
0.013910059929718
0.016708299197851
0.019477954373055
0.022215956749032
0.024919301298792
0.027585052161729
0.030210347943373
0.032792406814461
0.035328531396669
0.037816113423059
0.040252638162074
0.042635688594729
0.044962949335430
0.047232210287766
0.049441370027474
0.051588438905664
0.053671541866361
0.055688920973287
0.057638937641802
0.059520074572842
0.061330937386658
0.063070255955069
0.064736885431950
0.066329806982531
0.067848128213072
0.069291083303326
0.070658032845130
0.071948463391304
0.073161986719882
0.074298338819491
0.075357378602511
0.076339086353351
0.077243561919897
0.078071022656881
0.078821801130512
0.079496342594327
0.080095202246748
0.080619042281342
0.081068628741215
0.081444828189408
0.081748604207473
0.081981013734788
0.082143203261336
0.082236404886977
0.082261932260345
0.082221176410647
0.082115601485679
0.081946740409428
0.081716190472575
0.081425608869148
0.081076708192464
0.080671251903340
0.080211049783328
0.079697953385526
0.079133851495220
0.078520665612275
0.077860345466905
0.077154864579998
0.076406215878832
0.075616407378534
0.074787457939192
0.073921393108044
0.073020241055674
0.072086028614600
0.071120777428128
0.070126500216784
0.069105197169072
0.068058852462758
0.066989430922288
0.065898874817368
0.064789100807201
0.063661997034225
0.062519420370711
0.061363193820934
0.060195104081131
0.059016899258879
0.057830286753000
0.056636931294569
0.055438453149096
0.054236426479459
0.053032377868690
0.051827785001240
0.050624075500942
0.049422625923452
0.048224760900552
0.047031752433339
0.045844819330963
0.044665126791256
0.043493786119289
0.042331854579625
0.041180335377750
0.040040177766001
0.038912277269024
0.037797476023688
0.036696563228180
0.035610275694882
0.034539298501552
0.033484265735201
0.032445761323031
0.031424319944741
0.030420428020501
0.029434524768868
0.028467003328978
0.027518211941352
0.026588455181727
0.025677995242391
0.024787053255600
0.023915810653738
0.023064410561015
0.022232959211639
0.021421527389497
0.020630151884590
0.019858836961572
0.019107555835965
0.018376252153768
0.017664841470358
0.016973212724807
0.016301229705895
0.015648732506314
0.015015538961769
0.014401446071859
0.013806231399851
0.013229654448642
0.012671458010430
0.012131369487787
0.011609102184055
0.011104356561169
0.010616821463207
0.010146175304146
0.009692087218518
0.009254218173793
0.008832222043550
0.008425746640605
0.008034434709479
0.007657924877700
0.007295852565642
0.006947850854675
0.006613551313595
0.006292584783409
0.005984582120664
0.005689174899641
0.005405996073831
0.005134680597209
0.004874866005924
0.004626192961096
0.004388305753501
0.004160852770986
0.003943486929524
0.003735866068875
0.003537653313878
0.003348517402432
0.003168132981254
0.002996180870572
0.002832348298886
0.002676329108996
0.002527823936477
0.002386540361817
0.002252193037421
0.002124503790707
0.002003201704483
0.001888023175833
0.001778711954681
0.001675019163237
0.001576703297463
0.001483530211713
0.001395273087675
0.001311712388694
0.001232635800559
0.001157838159779
0.001087121370377
0.001020294310158
0.000957172727416
0.000897579128973
0.000841342660442
0.000788298979540
0.000738290123267
0.000691164369710
0.000646776095214
0.000604985627606
0.000565659096140
0.000528668278779
0.000493890447410
0.000461208211535
0.000430509360970
0.000401686708029
0.000374637929641
0.000349265409828
0.000325476082934
0.000303181277953
0.000282296564297
0.000262741599292
0.000244439977690
0.000227319083432
0.000211309943887
0.000196347086778
0.000182368399941
0.000169314994110
0.000157131068830
0.000145763781615
0.000135163120469
0.000125281779820
0.000116075039946
0.000107500649932
0.000099518714194
0.000092091582587
0.000085183744098
0.000078761724140
0.000072793985406
0.000067250832271
0.000062104318716
0.000057328159718
0.000052897646070
0.000048789562574
0.000044982109535
0.000041454827520
0.000038188525272
0.000035165210747
0.000032368025164
0.000029781180012
0.000027389896925
0.000025180350329
0.000023139612800
0.000021255603035
0.000019517036344
0.000017913377593
0.000016434796497
0.000015072125183
0.000013816817939
0.000012660913074
0.000011596996772
0.000010618168907
0.000009718010700
0.000008890554150
0.000008130253172
0.000007431956355
0.000006790881266
0.000006202590240
0.000005662967565
0.000005168198027
0.000004714746711
0.000004299340025
0.000003918947872
0.000003570766918
0.000003252204885
0.000002960865834
0.000002694536370
0.000002451172731
0.000002228888700
0.000002025944300
0.000001840735231
0.000001671783003
0.000001517725723
0.000001377309502
0.000001249380439
0.000001132877158
0.000001026823846
0.000000930323792
0.000000842553358
0.000000762756385
0.000000690238991
0.000000624364742
0.000000564550170
0.000000510260617
0.000000461006382
0.000000416339148
0.000000375848679
0.000000339159758
0.000000305929362
0.000000275844037
0.000000248617490
0.000000223988352
0.000000201718120
0.000000181589255
0.000000163403434
0.000000146979935
0.000000132154149
0.000000118776212
0.000000106709748
0.000000095830711
0.000000086026323
0.000000077194093
0.000000069240928
0.000000062082306
0.000000055641517
0.000000049848983
0.000000044641614
0.000000039962234
0.000000035759047
0.000000031985155
0.000000028598113
0.000000025559520
0.000000022834656
0.000000020392136
0.000000018203608
0.000000016243469
0.000000014488608
0.000000012918176
0.000000011513366
0.000000010257230
0.000000009134496
0.000000008131409
0.000000007235587
0.000000006435889
0.000000005722295
0.000000005085792
0.000000004518288
0.000000004012509
0.000000003561929
0.000000003160685
0.000000002803525
0.000000002485733
0.000000002203087
0.000000001951803
0.000000001728492
0.000000001530120
0.000000001353976
0.000000001197633
0.000000001058921
0.000000000935903
0.000000000826848
0.000000000730209
0.000000000644608
0.000000000568816
0.000000000501736
0.000000000442391
0.000000000389911
0.000000000343518
0.000000000302526
0.000000000266320
0.000000000234355
0.000000000206144
0.000000000181256
0.000000000159310
0.000000000139965
0.000000000122920
0.000000000107909
0.000000000094694
0.000000000083064
0.000000000072833
0.000000000063837
0.000000000055930
0.000000000048983
0.000000000042881
0.000000000037524
0.000000000032825
0.000000000028703
0.000000000025088
0.000000000021919
0.000000000019143
0.000000000016712
0.000000000014584
0.000000000012722
0.000000000011093
0.000000000009670
0.000000000008425
0.000000000007338
0.000000000006389
0.000000000005559
0.000000000004836
0.000000000004205
0.000000000003655
0.000000000003177
0.000000000002759
0.000000000002395
0.000000000002078
0.000000000001803
0.000000000001563
0.000000000001355
0.000000000001175
0.000000000001017
0.000000000000881
0.000000000000762
0.000000000000659
0.000000000000570
0.000000000000493
0.000000000000426
0.000000000000368
0.000000000000318
0.000000000000273
0.000000000000236
0.000000000000204
0.000000000000176
0.000000000000152
0.000000000000131
0.000000000000112
0.000000000000096
0.000000000000084
0.000000000000072
0.000000000000062
0.000000000000052
0.000000000000045
0.000000000000039
0.000000000000034
0.000000000000029
0.000000000000024
0.000000000000021
0.000000000000018
0.000000000000015
0.000000000000013
0.000000000000012
0.000000000000010
0.000000000000008
0.000000000000007
0.000000000000006
0.000000000000005
0.000000000000005
0.000000000000003
0.000000000000003
0.000000000000003
0.000000000000003
0.000000000000002
0.000000000000001
0.000000000000001
0.000000000000001
0.000000000000001
0.000000000000001
0.000000000000001
0.000000000000000
0.000000000000000
0.000000000000000
0.000000000000001
0.000000000000000
0.000000000000000
0.000000000000000
0.000000000000000
-0.000000000000000
0.000000000000000
-0.000000000000000
0.000000000000000
0.000000000000000
0.000000000000000
0.000000000000000
-0.000000000000000
-0.000000000000000
0.000000000000001
0.000000000000000
-0.000000000000000
-0.000000000000000
0.000000000000000
0.000000000000000
0.000000000000000
0.000000000000000
-0.000000000000000
0.000000000000000
0.000000000000000
-0.000000000000000
0.000000000000000
-0.000000000000000
-0.000000000000000
0.000000000000000
-0.000000000000000
0.000000000000000
-0.000000000000000
-0.000000000000000
0.000000000000000
-0.000000000000000
0.000000000000000
-0.000000000000000
0.000000000000000
0.000000000000000
-0.000000000000001
-0.000000000000000
-0.000000000000000
0.000000000000000
-0.000000000000000
0.000000000000000
0.000000000000000
-0.000000000000000
-0.000000000000000
-0.000000000000000
0.000000000000000
-0.000000000000000
-0.000000000000000
0.000000000000000
-0.000000000000000
-0.000000000000000
0.000000000000000
0.000000000000000
-0.000000000000000
-0.000000000000001
-0.000000000000000
0.000000000000001
0.000000000000001
-0.000000000000001
-0.000000000000001
0.000000000000000
-0.000000000000000
0.000000000000000
0.000000000000001
-0.000000000000000
0.000000000000000
-0.000000000000000
-0.000000000000000
0.000000000000000
0.000000000000000
-0.000000000000000
-0.000000000000000
0.000000000000000
0.000000000000000
-0.000000000000000
-0.000000000000000
-0.000000000000000
0.000000000000000
0.000000000000000
0.000000000000000
0.000000000000000
-0.000000000000000
0.000000000000000
0.000000000000000
-0.000000000000000
-0.000000000000000
0.000000000000000
0.000000000000000
-0.000000000000000
-0.000000000000000
-0.000000000000000
0.000000000000001
-0.000000000000001
0.000000000000000
-0.000000000000000
-0.000000000000000
0.000000000000000
-0.000000000000000
0.000000000000000
0.000000000000000
-0.000000000000000
0.000000000000000
-0.000000000000001
-0.000000000000000
-0.000000000000000
0.000000000000001
0.000000000000000
-0.000000000000000
0.000000000000000
-0.000000000000000
-0.000000000000000
-0.000000000000000
0.000000000000000
0.000000000000000
-0.000000000000001
0.000000000000000
0.000000000000001
-0.000000000000001
0.000000000000000
-0.000000000000000
0.000000000000000
0.000000000000000
-0.000000000000000
0.000000000000000
0.000000000000001
-0.000000000000000
-0.000000000000000
0.000000000000000
0.000000000000000
-0.000000000000000
-0.000000000000000
-0.000000000000000
0.000000000000000
0.000000000000001
-0.000000000000000
-0.000000000000000
0.000000000000000
-0.000000000000000
0.000000000000000
0.000000000000000
-0.000000000000000
-0.000000000000000
0.000000000000000
-0.000000000000000
0.000000000000000
-0.000000000000000
-0.000000000000000
-0.000000000000000
0.000000000000000
0.000000000000000
-0.000000000000000
0.000000000000000
-0.000000000000000
0.000000000000000
0.000000000000000
-0.000000000000000
-0.000000000000000
-0.000000000000000
-0.000000000000000
0.000000000000001
-0.000000000000000
-0.000000000000000
0.000000000000000
0.000000000000000
-0.000000000000000
-0.000000000000000
0.000000000000000
-0.000000000000000
0.000000000000000
-0.000000000000000
-0.000000000000000
0.000000000000000
-0.000000000000000
0.000000000000000
-0.000000000000000
-0.000000000000000
0.000000000000000
0.000000000000000
-0.000000000000000
-0.000000000000000
0.000000000000000
0.000000000000000
-0.000000000000000
-0.000000000000000
-0.000000000000000
0.000000000000000
0.000000000000001
-0.000000000000000
0.000000000000000
-0.000000000000001
0.000000000000000
-0.000000000000000
0.000000000000001
-0.000000000000000
-0.000000000000000
0.000000000000001
-0.000000000000001
0.000000000000000
-0.000000000000000
-0.000000000000000
-0.000000000000000
-0.000000000000001
0.000000000000000
0.000000000000000
0.000000000000001
-0.000000000000000
-0.000000000000001
0.000000000000000
0.000000000000001
-0.000000000000000
-0.000000000000001
0.000000000000001
-0.000000000000001
0.000000000000000
0.000000000000000
-0.000000000000000
0.000000000000000
-0.000000000000000
-0.000000000000000
-0.000000000000000
-0.000000000000001
-0.000000000000000
0.000000000000000
0.000000000000000
-0.000000000000000
0.000000000000000
-0.000000000000000
-0.000000000000000
0.000000000000000
