-0.000000000000000061
-0.000000000000000040
0.000000000000000033
-0.000000000000000195
-0.000000000000000406
-0.000000000000000497
-0.000000000000000362
-0.000000000000000221
-0.000000000000000401
-0.000000000000000434
-0.000000000000000283
-0.000000000000000208
-0.000000000000000306
-0.000000000000000617
-0.000000000000000736
-0.000000000000000621
-0.000000000000000551
-0.000000000000000687
-0.000000000000000945
-0.000000000000001034
-0.000000000000000963
-0.000000000000000514
-0.000000000000000544
-0.000000000000000352
-0.000000000000000300
-0.000000000000000216
-0.000000000000000308
-0.000000000000000560
-0.000000000000000531
-0.000000000000000392
-0.000000000000000124
-0.000000000000000047
0.000000000000000197
0.000000000000000604
0.000000000000001528
0.000000000000003326
0.000000000000006898
0.000000000000013132
0.000000000000023777
0.000000000000042555
0.000000000000074837
0.000000000000130647
0.000000000000226598
0.000000000000389818
0.000000000000665273
0.000000000001127195
0.000000000001896731
0.000000000003169365
0.000000000005257736
0.000000000008659740
0.000000000014166234
0.000000000023018162
0.000000000037147675
0.000000000059540869
0.000000000094778250
0.000000000149883966
0.000000000235502779
0.000000000367640063
0.000000000570176918
0.000000000878496303
0.000000001345080789
0.000000002046799662
0.000000003095391319
0.000000004652065596
0.000000006947832770
0.000000010314538056
0.000000015222554607
0.000000022333665851
0.000000032572128558
0.000000047220369904
0.000000068064924053
0.000000097559190557
0.000000139047594053
0.000000197056321608
0.000000277672415916
0.000000389130032182
0.000000542395273387
0.000000751965383284
0.000001036869063055
0.000001421931102493
0.000001939800555804
0.000002632680267153
0.000003554718124044
0.000004774893194892
0.000006380559775631
0.000008483549341996
0.000011224257850407
0.000014777603881431
0.000019359949915715
0.000025237381905584
0.000032741880387078
0.000042278393950327
0.000054336965688656
0.000069506235016925
0.000088489271909245
0.000112141983131352
0.000141478845304487
0.000177692097191908
0.000222172013920530
0.000276530634574629
0.000342685340730835
0.000422843445824396
0.000519522211977819
0.000635568144996469
0.000774181380847394
0.000939086521292629
0.001134442891053514
0.001364844703541582
0.001635317464280997
0.001951323971265421
0.002319099110749315
0.002745377823955611
0.003237336534880359
0.003802530006704318
0.004448851324836274
0.005185166145046516
0.006020681302470516
0.006964777743525555
0.008026848542102564
0.009216192879792249
0.010543170127478239
0.012017968575211728
0.013650290529965520
0.015449074346967994
0.017422335706216121
0.019579154745562443
0.021927573140127186
0.024474128670406815
0.027223490818018191
0.030178314541550809
0.033342429172939302
0.036717613410972794
0.040303025514381634
0.044094832342834962
0.048086183859767123
0.052271931669336871
0.056644109906186083
0.061191339384064576
0.065898551163495439
0.070747190290022577
0.075721617344409672
0.080803247901488129
0.085970000508899788
0.091196186621804981
0.096452995093816177
0.101716442549802000
0.106960276900837148
0.112155491709413219
0.117270384511398693
0.122271280472105726
0.127131581900875784
0.131823702252020114
0.136318613187122406
0.140586001230262020
0.144595106982657318
0.148324194148974159
0.151751925867217502
0.154856883149248448
0.157617716772963462
0.160013950222197054
0.162035127306895371
0.163672142354362643
0.164916687510224147
0.165761318744330061
0.166200106721573315
0.166236840257779211
0.165876844905457843
0.165126368106339128
0.163992537050905995
0.162483816240430123
0.160616881235185083
0.158409389833193998
0.155879364883955901
0.153045080767166386
0.149925357755080840
0.146544983861441019
0.142928750448307135
0.139100913488396732
0.135085074560977736
0.130904379301585105
0.126585576217107559
0.122154433488731354
0.117635342772923188
0.113051252398911672
0.108423834251666323
0.103776390784973901
0.099130583854659712
0.094506204408459374
0.089921183566739490
0.085391764272439580
0.080934506527841579
0.076564125136190583
0.072293406310656283
0.068133287818854624
0.064093040235255111
0.060181603762733973
0.056406268853660575
0.052772694130602649
0.049285025451030320
0.045946071734035143
0.042758165283834540
0.039722421158279654
0.036838805117441885
0.034106257658068150
0.031522845037199362
0.029086290099964940
0.026793590654901927
0.024641096436798075
0.022624613091089256
0.020739515613059721
0.018981058158985771
0.017344192821536656
0.015823631546639984
0.014413918607151509
0.013109503913414025
0.011904910171015007
0.010794651506430846
0.009773271955390709
0.008835386608889238
0.007975720534933669
0.007189188634156149
0.006470858181282413
0.005815965830841422
0.005219934369186338
0.004678387026633943
0.004187177752299455
0.003742370756715956
0.003340242535687589
0.002977283130309348
0.002650195780687353
0.002355901953204536
0.002091527078158696
0.001854394500791127
0.001642019007009585
0.001452099666645699
0.001282514148276540
0.001131307327484645
0.000996682416005866
0.000876992099959139
0.000770729640791396
0.000676520289031771
0.000593112144233529
0.000519367585246109
0.000454254981123679
0.000396840689039018
0.000346281148035520
0.000301815936954662
0.000262760884867286
0.000228501553341960
0.000198487097211760
0.000172224235521626
0.000149272330589451
0.000129238453302943
0.000111772794768518
0.000096564421782164
0.000083337165385949
0.000071846359385329
0.000061875593232991
0.000053233735662008
0.000045752220773203
0.000039282459379227
0.000033693805836045
0.000028871561271881
0.000024715165566283
0.000021136568555581
0.000018058699647609
0.000015414268139721
0.000013144603182982
0.000011198614589841
0.000009531866383906
0.000008105718481725
0.000006886652866098
0.000005845632064296
0.000004957529905011
0.000004200628687609
0.000003556159303988
0.000003007939224993
0.000002542032886753
0.000002146452914594
0.000001810898376194
0.000001526518186976
0.000001285724312628
0.000001082018911155
0.000000909843437340
0.000000764447439194
0.000000641771218955
0.000000538352936561
0.000000451243717016
0.000000377934072833
0.000000316290360937
0.000000264498505267
0.000000221019339081
0.000000184548259973
0.000000153980488591
0.000000128381256019
0.000000106959633712
0.000000089047726378
0.000000074082068312
0.000000061587701679
0.000000051164596895
0.000000042475823521
0.000000035238132052
0.000000029213617097
0.000000024202618855
0.000000020037699951
0.000000016578442979
0.000000013707302444
0.000000011325960961
0.000000009352246717
0.000000007717534017
0.000000006364504361
0.000000005245367940
0.000000004320310806
0.000000003556186544
0.000000002925420439
0.000000002405071750
0.000000001976084393
0.000000001622642210
0.000000001331627630
0.000000001092167622
0.000000000895248165
0.000000000733409773
0.000000000600484468
0.000000000491373532
0.000000000401864121
0.000000000328477528
0.000000000268344677
0.000000000219100218
0.000000000178795693
0.000000000145828273
0.000000000118877240
0.000000000096855563
0.000000000078871545
0.000000000064193875
0.000000000052221598
0.000000000042460680
0.000000000034507022
0.000000000028029128
0.000000000022755700
0.000000000018465169
0.000000000014976758
0.000000000012142246
0.000000000009838965
0.000000000007968725
0.000000000006451192
0.000000000005220041
0.000000000004221986
0.000000000003413071
0.000000000002758053
0.000000000002227978
0.000000000001798992
0.000000000001451699
0.000000000001170665
0.000000000000943760
0.000000000000761294
0.000000000000613377
0.000000000000493741
0.000000000000397249
0.000000000000319542
0.000000000000257113
0.000000000000207012
0.000000000000166389
0.000000000000133549
0.000000000000106955
0.000000000000085799
0.000000000000069067
0.000000000000055471
0.000000000000044491
0.000000000000035722
0.000000000000028368
0.000000000000022588
0.000000000000018371
0.000000000000014989
0.000000000000011379
0.000000000000009034
0.000000000000007896
0.000000000000006200
0.000000000000004631
0.000000000000003629
0.000000000000003140
0.000000000000002415
0.000000000000001696
0.000000000000001213
0.000000000000001691
0.000000000000001441
0.000000000000000455
0.000000000000000405
0.000000000000000674
0.000000000000000615
-0.000000000000000133
0.000000000000000183
0.000000000000000342
0.000000000000000489
0.000000000000000250
-0.000000000000000066
-0.000000000000000330
0.000000000000000039
0.000000000000000111
-0.000000000000000063
0.000000000000000089
0.000000000000000242
-0.000000000000000018
0.000000000000000069
-0.000000000000000083
-0.000000000000000078
-0.000000000000000104
0.000000000000000201
-0.000000000000000185
0.000000000000000162
0.000000000000000343
-0.000000000000000268
-0.000000000000000418
-0.000000000000000340
0.000000000000000384
0.000000000000000357
0.000000000000000014
-0.000000000000000213
-0.000000000000000171
-0.000000000000000150
-0.000000000000000052
0.000000000000000069
0.000000000000000147
0.000000000000000141
-0.000000000000000181
-0.000000000000000183
0.000000000000000124
0.000000000000000464
-0.000000000000000077
-0.000000000000000387
-0.000000000000000027
-0.000000000000000143
0.000000000000000095
0.000000000000000162
-0.000000000000000019
-0.000000000000000022
0.000000000000000163
-0.000000000000000239
-0.000000000000000349
0.000000000000000098
0.000000000000000232
0.000000000000000337
0.000000000000000280
-0.000000000000000390
-0.000000000000000335
-0.000000000000000123
-0.000000000000000017
0.000000000000000366
0.000000000000000321
0.000000000000000352
-0.000000000000000692
-0.000000000000000543
0.000000000000000769
0.000000000000000186
-0.000000000000000564
0.000000000000000203
0.000000000000000307
0.000000000000000009
0.000000000000000099
-0.000000000000000257
-0.000000000000000132
0.000000000000000033
-0.000000000000000004
-0.000000000000000069
0.000000000000000187
0.000000000000000258
-0.000000000000000260
-0.000000000000000057
-0.000000000000000162
-0.000000000000000097
-0.000000000000000234
0.000000000000000059
0.000000000000000639
0.000000000000000179
-0.000000000000000252
-0.000000000000000506
0.000000000000000028
0.000000000000000226
-0.000000000000000452
0.000000000000000187
0.000000000000000710
-0.000000000000000413
-0.000000000000000073
-0.000000000000000177
-0.000000000000000540
0.000000000000000061
0.000000000000000521
-0.000000000000000060
0.000000000000000018
-0.000000000000000044
0.000000000000000279
-0.000000000000000183
-0.000000000000001015
0.000000000000000616
0.000000000000000654
-0.000000000000000233
-0.000000000000000324
0.000000000000000304
-0.000000000000000372
-0.000000000000000332
0.000000000000000356
-0.000000000000000217
0.000000000000000084
0.000000000000000152
-0.000000000000000121
-0.000000000000000254
0.000000000000000010
0.000000000000000302
0.000000000000000234
-0.000000000000000632
0.000000000000000497
0.000000000000000089
-0.000000000000000043
0.000000000000000023
-0.000000000000000151
-0.000000000000000395
0.000000000000000615
0.000000000000000067
