0.000000000000000044
-0.000000000000000026
0.000000000000000100
0.000000000000000236
0.000000000000000188
0.000000000000000268
0.000000000000000301
0.000000000000000021
-0.000000000000000144
-0.000000000000000207
-0.000000000000000084
-0.000000000000000049
-0.000000000000000202
-0.000000000000000302
-0.000000000000000428
-0.000000000000000266
-0.000000000000000422
-0.000000000000000824
-0.000000000000000924
-0.000000000000000945
-0.000000000000001386
-0.000000000000001328
-0.000000000000000752
-0.000000000000000414
-0.000000000000000338
-0.000000000000000161
0.000000000000000112
-0.000000000000000135
-0.000000000000000083
0.000000000000000019
0.000000000000000381
0.000000000000000377
0.000000000000000195
0.000000000000001053
0.000000000000001910
0.000000000000003994
0.000000000000007685
0.000000000000014004
0.000000000000024432
0.000000000000043526
0.000000000000077148
0.000000000000134330
0.000000000000232321
0.000000000000399443
0.000000000000681855
0.000000000001155424
0.000000000001944702
0.000000000003249215
0.000000000005388985
0.000000000008873731
0.000000000014512636
0.000000000023574266
0.000000000038034936
0.000000000060947128
0.000000000096990782
0.000000000153342376
0.000000000240872954
0.000000000375925055
0.000000000582874574
0.000000000897828362
0.000000001374328700
0.000000002090773729
0.000000003161094731
0.000000004749618083
0.000000007091754506
0.000000010525585246
0.000000015530193121
0.000000022779429379
0.000000033214148854
0.000000048139451972
0.000000069373004427
0.000000099410287172
0.000000141652168423
0.000000200699975079
0.000000282740123023
0.000000396139146376
0.000000552036474286
0.000000765154515551
0.000001054812262909
0.000001446206373370
0.000001972467066705
0.000002676407696003
0.000003612944540567
0.000004852016318580
0.000006482168269497
0.000008616730144080
0.000011397940375708
0.000015002964116653
0.000019650881201350
0.000025611043588244
0.000033219430538667
0.000042885754720118
0.000055105682991013
0.000070474436413128
0.000089702737594365
0.000113655620108831
0.000143358082321586
0.000180014366398832
0.000225028309332076
0.000280027165669399
0.000346946010633296
0.000428011840152387
0.000525763534047481
0.000643071063965396
0.000783159827324833
0.000949783104668334
0.001147130813878540
0.001379829243827122
0.001652936982585545
0.001971950544942198
0.002343142275615301
0.002773284846797341
0.003269591606716117
0.003839652374057936
0.004491392645965269
0.005233713588278151
0.006075854023571920
0.007027221513958977
0.008097228750150166
0.009295186554520060
0.010631467948149637
0.012116265981421362
0.013759276418523982
0.015569417972149224
0.017554672976838073
0.019724090464363190
0.022085667363894453
0.024645880640547738
0.027409321626042867
0.030378550344699481
0.033557307355876330
0.036947267889897557
0.040547470227922273
0.044353944663395171
0.048359690250597297
0.052559422754630374
0.056945030506728181
0.061504977664569284
0.066224029041934210
0.071083457642684325
0.076067479465808524
0.081157365299835540
0.086330888466165892
0.091562216807242330
0.096822401587756304
0.102087360647027628
0.107330753782809693
0.112523496821538380
0.117633821778920969
0.122628004217160247
0.127479440349618139
0.132160555019156634
0.136642347734216463
0.140894550064938395
0.144886466821710719
0.148596463972834492
0.152003323684284014
0.155085760852958054
0.157822574396301901
0.160193450203034493
0.162188117732994519
0.163797665772577622
0.165013987448663885
0.165829844779268265
0.166239518222570631
0.166247010361971342
0.165857857941996062
0.165078515203955611
0.163916310315811720
0.162379901301154511
0.160486143969570588
0.158252864028443130
0.155698239248533571
0.152840685281651067
0.149699148933253534
0.146298521206661092
0.142663679602827359
0.138818950090723564
0.134787988464347752
0.130593978581797610
0.126263681861839061
0.121822864051156207
0.117295900736106434
0.112705711668299929
0.108073928134821348
0.103423791624093014
0.098776893385582404
0.094152946187029740
0.089569796767992108
0.085043598228691661
0.080590808476175835
0.076226037542340253
0.071961966004854688
0.067809426261132871
0.063777584353084421
0.059875271568053771
0.056109672457226582
0.052486343955804204
0.049009335070792713
0.045681362898037856
0.042504669063742104
0.039480284107036953
0.036608095958307788
0.033886974080081289
0.031314920303875476
0.028889596843821100
0.026607947650732936
0.024466275388964086
0.022460345165788501
0.020585497547551526
0.018836956393438055
0.017209649155912950
0.015698268527846452
0.014297344502481922
0.013001317195221442
0.011804702675238503
0.010702012233721503
0.009687790523302318
0.008756656295469277
0.007903340895685984
0.007122767287965802
0.006410012790842899
0.005760325782944049
0.005169142142044098
0.004632099253443713
0.004145065812026560
0.003704121381789234
0.003305558219165010
0.002945882339560100
0.002621812994512923
0.002330287466747054
0.002068446784173440
0.001833629568030178
0.001623365467067923
0.001435367924051136
0.001267528404579373
0.001117904992930517
0.000984713489468131
0.000866318526031730
0.000761224653467140
0.000668067747087705
0.000585605873927704
0.000512710732079971
0.000448359375552840
0.000391626230594696
0.000341675214475204
0.000297752813263808
0.000259181218331424
0.000225351836343248
0.000195719178892224
0.000169794866716111
0.000147142732139110
0.000127373912848469
0.000110142291794493
0.000095140280330910
0.000082094736541549
0.000070763724743079
0.000060933292360219
0.000052414516546776
0.000045040812069178
0.000038665365089751
0.000033159116137254
0.000028408780890583
0.000024315058594939
0.000020791018525658
0.000017760584792930
0.000015157347821148
0.000012923415981546
0.000011008387138397
0.000009368432004255
0.000007965445333235
0.000006766379210277
0.000005742608739437
0.000004869369333886
0.000004125259784827
0.000003491787970090
0.000002953013097856
0.000002495210281894
0.000002106575523311
0.000001776967310240
0.000001497673148323
0.000001261225166739
0.000001061229570918
0.000000892217806579
0.000000749517170145
0.000000629135130368
0.000000527667733066
0.000000442215925016
0.000000370313055127
0.000000309862272915
0.000000259081106720
0.000000216457470270
0.000000180709941113
0.000000150753558957
0.000000125670486363
0.000000104684259079
0.000000087139309529
0.000000072482669896
0.000000060248312008
0.000000050043796865
0.000000041538644275
0.000000034455075677
0.000000028559820764
0.000000023657144344
0.000000019582928346
0.000000016199564021
0.000000013391875629
0.000000011063543656
0.000000009134083894
0.000000007536286978
0.000000006214028901
0.000000005120524226
0.000000004216802113
0.000000003470424690
0.000000002854409049
0.000000002346311891
0.000000001927493534
0.000000001582486980
0.000000001298463742
0.000000001064795675
0.000000000872669765
0.000000000714798291
0.000000000585151064
0.000000000478748151
0.000000000391475797
0.000000000319934773
0.000000000261323537
0.000000000213332954
0.000000000174061893
0.000000000141943386
0.000000000115691046
0.000000000094244556
0.000000000076733503
0.000000000062444494
0.000000000050789787
0.000000000041289442
0.000000000033549021
0.000000000027246581
0.000000000022117415
0.000000000017944698
0.000000000014552404
0.000000000011795751
0.000000000009556614
0.000000000007738502
0.000000000006264039
0.000000000005068062
0.000000000004098347
0.000000000003312471
0.000000000002676520
0.000000000002161305
0.000000000001745142
0.000000000001407776
0.000000000001135457
0.000000000000915134
0.000000000000737740
0.000000000000594548
0.000000000000478492
0.000000000000384725
0.000000000000309370
0.000000000000249391
0.000000000000200454
0.000000000000161311
0.000000000000129063
0.000000000000103735
0.000000000000083106
0.000000000000066966
0.000000000000053406
0.000000000000043169
0.000000000000034460
0.000000000000027904
0.000000000000021727
0.000000000000017533
0.000000000000013879
0.000000000000011385
0.000000000000009047
0.000000000000007151
0.000000000000005738
0.000000000000005184
0.000000000000003548
0.000000000000002582
0.000000000000002150
0.000000000000002109
0.000000000000001674
0.000000000000001411
0.000000000000000606
0.000000000000000483
0.000000000000001141
0.000000000000000335
0.000000000000000091
0.000000000000000310
0.000000000000000621
0.000000000000000528
-0.000000000000000278
-0.000000000000000233
0.000000000000000350
0.000000000000000304
-0.000000000000000147
0.000000000000000073
0.000000000000000161
-0.000000000000000252
0.000000000000000266
-0.000000000000000053
-0.000000000000000023
0.000000000000000075
-0.000000000000000295
0.000000000000000342
0.000000000000000021
-0.000000000000000212
0.000000000000000132
-0.000000000000000039
0.000000000000000380
-0.000000000000000355
-0.000000000000000012
-0.000000000000000513
0.000000000000000677
-0.000000000000000159
0.000000000000000098
0.000000000000000344
-0.000000000000000733
0.000000000000000004
0.000000000000000390
0.000000000000000123
-0.000000000000000086
0.000000000000000149
-0.000000000000000503
0.000000000000000472
0.000000000000000063
-0.000000000000000719
0.000000000000000272
0.000000000000000195
-0.000000000000000102
0.000000000000000230
-0.000000000000000084
-0.000000000000000212
-0.000000000000000118
-0.000000000000000051
0.000000000000000431
0.000000000000000256
-0.000000000000000401
0.000000000000000054
0.000000000000000012
-0.000000000000000213
0.000000000000000426
-0.000000000000000655
-0.000000000000000049
0.000000000000000183
0.000000000000000207
-0.000000000000000020
-0.000000000000000049
-0.000000000000000410
-0.000000000000000218
0.000000000000000243
0.000000000000000066
0.000000000000000097
0.000000000000000279
-0.000000000000000482
0.000000000000000508
-0.000000000000000633
0.000000000000000062
0.000000000000000320
0.000000000000000041
0.000000000000000621
-0.000000000000000544
-0.000000000000000038
-0.000000000000000136
-0.000000000000000076
0.000000000000000460
-0.000000000000000195
0.000000000000000229
-0.000000000000000019
-0.000000000000000627
0.000000000000000126
0.000000000000000459
-0.000000000000000248
-0.000000000000000412
0.000000000000000322
0.000000000000000841
-0.000000000000000431
0.000000000000000100
-0.000000000000000290
0.000000000000000023
0.000000000000000120
0.000000000000000142
0.000000000000000473
-0.000000000000000344
-0.000000000000000451
0.000000000000000413
-0.000000000000000129
-0.000000000000000054
0.000000000000000394
-0.000000000000000412
0.000000000000000301
-0.000000000000000086
0.000000000000000040
-0.000000000000000465
0.000000000000000141
0.000000000000000657
0.000000000000000156
-0.000000000000000719
0.000000000000000513
-0.000000000000000522
-0.000000000000000455
0.000000000000000795
-0.000000000000000031
-0.000000000000000201
0.000000000000000071
-0.000000000000000322
-0.000000000000000491
0.000000000000000367
0.000000000000000247
-0.000000000000000064
0.000000000000000063
-0.000000000000000066
0.000000000000000243
-0.000000000000000318
-0.000000000000000193
0.000000000000000045
