0.005055191233018
0.010272549343704
0.015320117864060
0.020185592579430
0.024878074285597
0.029407180848672
0.033781666598125
0.038009405608936
0.042097462791809
0.046052163927448
0.049879159253378
0.053583480978506
0.057169595409642
0.060641450312319
0.064002518051797
0.067255834992605
0.070404037576240
0.073449395445848
0.076393841942440
0.079239002258587
0.081986219501911
0.084636578891106
0.087190930281371
0.089649909193318
0.092013956499388
0.094283336904022
0.096458156338163
0.098538378374756
0.100523839759517
0.102414265140262
0.104209281068253
0.105908429336258
0.107511179710165
0.109016942103986
0.110425078241753
0.111734912844161
0.112945744372725
0.114056855359635
0.115067522347341
0.115977025458245
0.116784657611468
0.117489733400709
0.118091597644458
0.118589633617440
0.118983270969953
0.119271993339844
0.119455345660114
0.119532941163623
0.119504468084989
0.119369696058616
0.119128482210733
0.118780776942450
0.118326629400108
0.117766192628569
0.117099728402601
0.116327611731139
0.115450335028963
0.114468511950113
0.113382880877355
0.112194308062003
0.110903790408528
0.109512457898597
0.108021575649427
0.106432545601744
0.104746907833018
0.102966341492145
0.101092665352321
0.099127837979429
0.097073957513946
0.094933261065087
0.092708123716671
0.090401057144957
0.088014707849602
0.085551854999691
0.083015407897760
0.080408403065592
0.077734000956568
0.074995482300272
0.072196244086044
0.069339795193157
0.066429751676256
0.063469831715686
0.060463850243328
0.057415713255481
0.054329411825313
0.051209015828336
0.048058667395207
0.044882574107114
0.041685001949792
0.038470268043044
0.035242733163407
0.032006794078342
0.028766875710989
0.025527423155168
0.022292893560880
0.019067747911099
0.015856442711067
0.012663421611764
0.009493106989504
0.006349891503918
0.003238129656783
0.000162129374261
-0.002873856364760
-0.005865637831625
-0.008809096759554
-0.011700194441586
-0.014534979692606
-0.017309596653571
-0.020020292416381
-0.022663424448329
-0.025235467795508
-0.027733022045195
-0.030152818027817
-0.032491724239858
-0.034746752969806
-0.036915066110094
-0.038993980638862
-0.040980973756307
-0.042873687661421
-0.044669933955907
-0.046367697663194
-0.047965140851582
-0.049460605851732
-0.050852618059883
-0.052139888319454
-0.053321314874896
-0.054395984892958
-0.055363175547816
-0.056222354667806
-0.056973180942809
-0.057615503692634
-0.058149362198079
-0.058574984597592
-0.058892786353779
-0.059103368295261
-0.059207514240604
-0.059206188212282
-0.059100531249828
-0.058891857832436
-0.058581651922453
-0.058171562642194
-0.057663399597626
-0.057059127863341
-0.056360862644257
-0.055570863630265
-0.054691529060914
-0.053725389517922
-0.052675101464019
-0.051543440547207
-0.050333294690110
-0.049047656984531
-0.047689618411753
-0.046262360409484
-0.044769147306559
-0.043213318646761
-0.041598281423207
-0.039927502244820
-0.038204499456361
-0.036432835233425
-0.034616107673640
-0.032757942905064
-0.030861987232495
-0.028931899342035
-0.026971342583842
-0.024983977352491
-0.022973453583860
-0.020943403386824
-0.018897433827402
-0.016839119882328
-0.014771997578214
-0.012699557331752
-0.010625237505507
-0.008552418193050
-0.006484415246233
-0.004424474556525
-0.002375766601343
-0.000341381265361
0.001675677054201
0.003672494050326
0.005646249809999
0.007594222813098
0.009513793621406
0.011402448253840
0.013257781244932
0.015077498384675
0.016859419138764
0.018601478749282
0.020301730016807
0.021958344765864
0.023569614996521
0.025133953725854
0.026649895523795
0.028116096748734
0.029531335489005
0.030894511217124
0.032204644164361
0.033460874423876
0.034662460791275
0.035808779352009
0.036899321825589
0.037933693677034
0.038911612006463
0.039832903228076
0.040697500550160
0.041505441268020
0.042256863882013
0.042952005053047
0.043591196408067
0.044174861208181
0.044703510892117
0.045177741507743
0.045598230044379
0.045965730678520
0.046281070945553
0.046545147849847
0.046758923925473
0.046923423259566
0.047039727490105
0.047108971789614
0.047132340845986
0.047111064851264
0.047046415508912
0.046939702069662
0.046792267405670
0.046605484132254
0.046380750786068
0.046119488068087
0.045823135159348
0.045493146116856
0.045130986356626
0.044738129230313
0.044316052701378
0.043866236126240
0.043390157145389
0.042889288688864
0.042365096100088
0.041819034381471
0.041252545564786
0.040667056208769
0.040063975025968
0.039444690640402
0.038810569477114
0.038162953784295
0.037503159788226
0.036832475980873
0.036152161539584
0.035463444877961
0.034767522326631
0.034065556942293
0.033358677443106
0.032647977268175
0.031934513758625
0.031219307457480
0.030503341525317
0.029787561268480
0.029072873776375
0.028360147664256
0.027650212917695
0.026943860834817
0.026241844062237
0.025544876720555
0.024853634615161
0.024168755528037
0.023490839586182
0.022820449702283
0.022158112083195
0.021504316801816
0.020859518427953
0.020224136713786
0.019598557329588
0.018983132645410
0.018378182554494
0.017783995334265
0.017200828540821
0.016628909932950
0.016068438421783
0.015519585042347
0.014982493943330
0.014457283391560
0.013944046787798
0.013442853690574
0.012953750844948
0.012476763213220
0.012011895004730
0.011559130702095
0.011118436081293
0.010689759223234
0.010273031514556
0.009868168635553
0.009475071533284
0.009093627378064
0.008723710501664
0.008365183315724
0.008017897208986
0.007681693422116
0.007356403899008
0.007041852113585
0.006737853871267
0.006444218084353
0.006160747520723
0.005887239525364
0.005623486714316
0.005369277640769
0.005124397433112
0.004888628404857
0.004661750636409
0.004443542528790
0.004233781329455
0.004032243630432
0.003838705839103
0.003652944621971
0.003474737321843
0.003303862348902
0.003140099546199
0.002983230530119
0.002833039006450
0.002689311062677
0.002551835437194
0.002420403766127
0.002294810808491
0.002174854650429
0.002060336889295
0.001951062798345
0.001846841472829
0.001747485958250
0.001652813361604
0.001562644946373
0.001476806212064
0.001395126959072
0.001317441339646
0.001243587895725
0.001173409584386
0.001106753791664
0.001043472335451
0.000983421458205
0.000926461810141
0.000872458423601
0.000821280679244
0.000772802264693
0.000726901126270
0.000683459414396
0.000642363423225
0.000603503525084
0.000566774100225
0.000532073462403
0.000499303780754
0.000468370998454
0.000439184748557
0.000411658267465
0.000385708306401
0.000361255041254
0.000338221981156
0.000316535876101
0.000296126623936
0.000276927176987
0.000258873448594
0.000241904219814
0.000225961046504
0.000210988167002
0.000196932410605
0.000183743107009
0.000171371996883
0.000159773143724
0.000148902847104
0.000138719557459
0.000129183792490
0.000120258055296
0.000111906754302
0.000104096125047
0.000096794153912
0.000089970503801
0.000083596441848
0.000077644769156
0.000072089752599
0.000066907058692
0.000062073689558
0.000057567920952
0.000053369242379
0.000049458299262
0.000045816837167
0.000042427648043
0.000039274518468
0.000036342179861
0.000033616260636
0.000031083240256
0.000028730405147
0.000026545806448
0.000024518219532
0.000022637105269
0.000020892572986
0.000019275345062
0.000017776723137
0.000016388555858
0.000015103208140
0.000013913531874
0.000012812838044
0.000011794870201
0.000010853779240
0.000009984099448
0.000009180725758
0.000008438892171
0.000007754151303
0.000007122354997
0.000006539635976
0.000006002390480
0.000005507261841
0.000005051124967
0.000004631071692
0.000004244396939
0.000003888585675
0.000003561300611
0.000003260370619
0.000002983779812
0.000002729657291
0.000002496267479
0.000002282001052
0.000002085366414
0.000001904981694
0.000001739567239
0.000001587938569
0.000001448999782
0.000001321737370
0.000001205214432
0.000001098565264
0.000001000990290
0.000000911751331
0.000000830167186
0.000000755609502
0.000000687498925
0.000000625301506
0.000000568525353
0.000000516717513
0.000000469461066
0.000000426372419
0.000000387098795
0.000000351315893
0.000000318725716
0.000000289054551
0.000000262051095
0.000000237484722
0.000000215143865
0.000000194834524
0.000000176378882
0.000000159614022
0.000000144390740
0.000000130572449
0.000000118034163
0.000000106661559
0.000000096350112
0.000000087004290
0.000000078536820
0.000000070868007
0.000000063925104
0.000000057641735
0.000000051957360
0.000000046816787
0.000000042169716
0.000000037970326
0.000000034176897
0.000000030751452
0.000000027659441
0.000000024869438
0.000000022352876
0.000000020083793
0.000000018038608
0.000000016195909
0.000000014536260
0.000000013042029
0.000000011697223
0.000000010487346
0.000000009399260
0.000000008421066
0.000000007541987
0.000000006752271
0.000000006043094
0.000000005406478
0.000000004835206
0.000000004322759
0.000000003863250
0.000000003451359
0.000000003082288
0.000000002751706
0.000000002455708
0.000000002190771
0.000000001953725
0.000000001741709
0.000000001552150
0.000000001382731
0.000000001231368
0.000000001096186
0.000000000975498
0.000000000867791
0.000000000771702
0.000000000686010
0.000000000609618
0.000000000541541
0.000000000480896
0.000000000426891
0.000000000378817
0.000000000336038
0.000000000297985
0.000000000264147
0.000000000234069
0.000000000207343
0.000000000183604
0.000000000162525
0.000000000143815
0.000000000127214
0.000000000112490
0.000000000099435
0.000000000087864
0.000000000077613
0.000000000068533
0.000000000060494
0.000000000053379
0.000000000047084
0.000000000041517
0.000000000036596
0.000000000032246
0.000000000028404
0.000000000025010
0.000000000022014
0.000000000019370
0.000000000017038
0.000000000014981
0.000000000013168
0.000000000011571
0.000000000010163
0.000000000008924
0.000000000007832
0.000000000006873
0.000000000006028
0.000000000005286
0.000000000004633
0.000000000004059
0.000000000003556
0.000000000003113
0.000000000002725
0.000000000002384
0.000000000002085
0.000000000001824
0.000000000001594
0.000000000001392
0.000000000001216
0.000000000001062
0.000000000000927
0.000000000000809
0.000000000000706
0.000000000000615
0.000000000000536
0.000000000000467
0.000000000000407
0.000000000000354
0.000000000000308
0.000000000000268
0.000000000000233
0.000000000000203
0.000000000000177
0.000000000000153
0.000000000000133
0.000000000000116
0.000000000000100
0.000000000000087
0.000000000000076
0.000000000000066
0.000000000000057
0.000000000000049
0.000000000000042
0.000000000000037
0.000000000000032
0.000000000000028
0.000000000000024
0.000000000000021
0.000000000000018
0.000000000000015
0.000000000000013
0.000000000000011
0.000000000000010
0.000000000000009
0.000000000000007
0.000000000000006
0.000000000000005
0.000000000000005
0.000000000000004
0.000000000000004
0.000000000000003
0.000000000000002
0.000000000000002
0.000000000000002
0.000000000000002
0.000000000000001
0.000000000000001
0.000000000000001
0.000000000000001
0.000000000000001
0.000000000000001
0.000000000000000
0.000000000000000
0.000000000000000
0.000000000000001
0.000000000000001
-0.000000000000000
0.000000000000000
0.000000000000000
0.000000000000000
0.000000000000000
0.000000000000000
0.000000000000000
0.000000000000000
-0.000000000000000
0.000000000000000
0.000000000000000
0.000000000000000
0.000000000000000
-0.000000000000000
0.000000000000000
0.000000000000000
-0.000000000000000
0.000000000000000
0.000000000000000
0.000000000000000
-0.000000000000000
-0.000000000000000
-0.000000000000000
0.000000000000000
0.000000000000000
0.000000000000000
0.000000000000000
-0.000000000000001
-0.000000000000000
0.000000000000000
0.000000000000000
0.000000000000000
-0.000000000000000
-0.000000000000000
-0.000000000000000
0.000000000000000
0.000000000000000
-0.000000000000000
0.000000000000000
0.000000000000000
-0.000000000000000
-0.000000000000000
0.000000000000000
0.000000000000000
-0.000000000000000
0.000000000000000
0.000000000000000
-0.000000000000000
0.000000000000000
-0.000000000000000
0.000000000000000
0.000000000000000
-0.000000000000000
-0.000000000000000
0.000000000000000
0.000000000000000
-0.000000000000000
0.000000000000000
-0.000000000000000
-0.000000000000000
-0.000000000000000
-0.000000000000000
0.000000000000000
-0.000000000000000
0.000000000000000
0.000000000000000
-0.000000000000000
0.000000000000000
-0.000000000000000
0.000000000000000
0.000000000000000
-0.000000000000000
-0.000000000000000
-0.000000000000000
0.000000000000000
0.000000000000000
0.000000000000000
-0.000000000000000
-0.000000000000000
-0.000000000000000
0.000000000000000
0.000000000000000
0.000000000000000
0.000000000000000
-0.000000000000000
-0.000000000000000
-0.000000000000000
0.000000000000001
0.000000000000000
0.000000000000000
0.000000000000000
-0.000000000000001
0.000000000000000
0.000000000000000
0.000000000000000
0.000000000000000
-0.000000000000000
-0.000000000000000
0.000000000000000
0.000000000000000
0.000000000000000
0.000000000000000
-0.000000000000000
0.000000000000000
-0.000000000000000
-0.000000000000000
-0.000000000000000
0.000000000000000
0.000000000000000
-0.000000000000000
-0.000000000000000
0.000000000000000
-0.000000000000000
0.000000000000000
0.000000000000000
-0.000000000000000
0.000000000000000
-0.000000000000000
0.000000000000000
-0.000000000000000
0.000000000000000
-0.000000000000000
-0.000000000000000
0.000000000000000
-0.000000000000000
-0.000000000000000
0.000000000000000
-0.000000000000000
0.000000000000000
-0.000000000000000
-0.000000000000000
-0.000000000000000
0.000000000000000
0.000000000000001
-0.000000000000000
-0.000000000000000
-0.000000000000000
0.000000000000000
-0.000000000000000
0.000000000000000
-0.000000000000000
0.000000000000000
-0.000000000000000
-0.000000000000000
0.000000000000000
-0.000000000000000
-0.000000000000000
0.000000000000000
0.000000000000000
-0.000000000000000
-0.000000000000000
-0.000000000000000
0.000000000000000
0.000000000000000
-0.000000000000000
-0.000000000000000
-0.000000000000000
0.000000000000000
0.000000000000000
-0.000000000000000
0.000000000000000
0.000000000000000
-0.000000000000000
-0.000000000000000
0.000000000000000
-0.000000000000000
0.000000000000000
-0.000000000000000
-0.000000000000000
-0.000000000000000
-0.000000000000000
0.000000000000000
0.000000000000000
-0.000000000000000
-0.000000000000000
-0.000000000000000
0.000000000000000
0.000000000000000
0.000000000000000
-0.000000000000000
0.000000000000000
-0.000000000000000
-0.000000000000000
-0.000000000000000
-0.000000000000000
0.000000000000000
-0.000000000000000
-0.000000000000000
-0.000000000000000
-0.000000000000000
0.000000000000000
0.000000000000000
-0.000000000000000
-0.000000000000000
0.000000000000000
0.000000000000000
0.000000000000000
-0.000000000000000
0.000000000000000
0.000000000000000
-0.000000000000000
-0.000000000000000
-0.000000000000000
0.000000000000000
-0.000000000000000
-0.000000000000000
-0.000000000000000
-0.000000000000000
0.000000000000000
-0.000000000000000
0.000000000000000
0.000000000000000
-0.000000000000000
-0.000000000000000
-0.000000000000000
0.000000000000000
-0.000000000000000
-0.000000000000000
0.000000000000000
-0.000000000000000
-0.000000000000000
0.000000000000000
-0.000000000000000
-0.000000000000000
0.000000000000000
0.000000000000000
-0.000000000000000
-0.000000000000000
0.000000000000000
0.000000000000000
-0.000000000000000
0.000000000000000
-0.000000000000000
0.000000000000000
-0.000000000000000
-0.000000000000000
0.000000000000000
0.000000000000000
-0.000000000000000
-0.000000000000000
-0.000000000000000
0.000000000000000
0.000000000000000
-0.000000000000000
-0.000000000000000
-0.000000000000000
0.000000000000000
0.000000000000000
0.000000000000000
-0.000000000000000
-0.000000000000000
-0.000000000000000
-0.000000000000000
0.000000000000000
0.000000000000000
0.000000000000000
-0.000000000000000
-0.000000000000001
0.000000000000001
0.000000000000000
-0.000000000000000
-0.000000000000000
0.000000000000000
-0.000000000000000
0.000000000000000
0.000000000000000
-0.000000000000000
0.000000000000000
-0.000000000000000
-0.000000000000000
0.000000000000000
0.000000000000000
0.000000000000000
-0.000000000000000
-0.000000000000000
0.000000000000000
0.000000000000000
-0.000000000000000
-0.000000000000000
0.000000000000000
-0.000000000000000
0.000000000000000
-0.000000000000000
0.000000000000000
0.000000000000000
-0.000000000000000
-0.000000000000000
0.000000000000000
0.000000000000000
-0.000000000000000
0.000000000000000
0.000000000000000
-0.000000000000000
-0.000000000000000
0.000000000000000
0.000000000000000
-0.000000000000000
-0.000000000000000
0.000000000000000
-0.000000000000000
-0.000000000000000
0.000000000000000
0.000000000000000
-0.000000000000000
-0.000000000000000
0.000000000000000
0.000000000000000
0.000000000000000
-0.000000000000000
-0.000000000000000
0.000000000000000
-0.000000000000000
-0.000000000000000
0.000000000000000
-0.000000000000000
0.000000000000000
0.000000000000000
-0.000000000000000
-0.000000000000000
0.000000000000000
-0.000000000000000
0.000000000000000
0.000000000000000
0.000000000000000
-0.000000000000000
0.000000000000000
-0.000000000000000
-0.000000000000000
0.000000000000000
0.000000000000000
-0.000000000000000
-0.000000000000000
0.000000000000000
-0.000000000000000
0.000000000000000
0.000000000000000
-0.000000000000000
-0.000000000000000
0.000000000000000
-0.000000000000000
0.000000000000000
0.000000000000000
-0.000000000000000
-0.000000000000000
0.000000000000000
0.000000000000000
-0.000000000000000
-0.000000000000000
0.000000000000000
-0.000000000000000
0.000000000000000
0.000000000000000
-0.000000000000000
-0.000000000000000
-0.000000000000000
0.000000000000000
0.000000000000000
-0.000000000000001
0.000000000000000
-0.000000000000000
0.000000000000000
0.000000000000000
-0.000000000000000
-0.000000000000000
0.000000000000000
-0.000000000000000
-0.000000000000000
0.000000000000000
0.000000000000000
-0.000000000000000
-0.000000000000000
0.000000000000000
0.000000000000000
-0.000000000000000
0.000000000000000
0.000000000000000
-0.000000000000000
-0.000000000000000
-0.000000000000000
0.000000000000001
0.000000000000000
-0.000000000000001
0.000000000000000
0.000000000000000
-0.000000000000000
0.000000000000000
0.000000000000000
-0.000000000000000
-0.000000000000000
-0.000000000000000
0.000000000000000
-0.000000000000000
0.000000000000000
-0.000000000000000
-0.000000000000000
0.000000000000000
0.000000000000000
-0.000000000000000
-0.000000000000000
0.000000000000000
-0.000000000000000
-0.000000000000000
-0.000000000000000
0.000000000000000
-0.000000000000000
-0.000000000000000
0.000000000000001
-0.000000000000000
-0.000000000000000
0.000000000000000
0.000000000000000
-0.000000000000000
-0.000000000000000
0.000000000000000
0.000000000000000
-0.000000000000000
0.000000000000000
-0.000000000000000
0.000000000000000
0.000000000000000
0.000000000000000
-0.000000000000000
-0.000000000000000
0.000000000000000
0.000000000000000
0.000000000000000
0.000000000000000
-0.000000000000000
-0.000000000000000
0.000000000000001
-0.000000000000000
0.000000000000000
0.000000000000000
-0.000000000000000
-0.000000000000000
0.000000000000000
-0.000000000000000
0.000000000000000
-0.000000000000000
-0.000000000000000
0.000000000000000
0.000000000000000
-0.000000000000000
-0.000000000000000
-0.000000000000000
0.000000000000001
-0.000000000000001
0.000000000000000
0.000000000000000
0.000000000000000
-0.000000000000000
0.000000000000000
0.000000000000000
-0.000000000000000
-0.000000000000001
0.000000000000001
-0.000000000000000
0.000000000000000
-0.000000000000000
-0.000000000000001
0.000000000000001
0.000000000000000
-0.000000000000000
-0.000000000000000
0.000000000000000
0.000000000000000
-0.000000000000000
0.000000000000000
-0.000000000000000
-0.000000000000000
0.000000000000000
-0.000000000000000
0.000000000000000
-0.000000000000000
0.000000000000001
-0.000000000000000
-0.000000000000000
-0.000000000000000
0.000000000000000
0.000000000000000
0.000000000000000
-0.000000000000000
-0.000000000000000
0.000000000000000
0.000000000000000
-0.000000000000000
0.000000000000000
0.000000000000000
0.000000000000000
-0.000000000000001
-0.000000000000000
0.000000000000000
-0.000000000000000
0.000000000000000
-0.000000000000000
-0.000000000000000
0.000000000000000
-0.000000000000000
0.000000000000000
-0.000000000000000
-0.000000000000000
0.000000000000000
0.000000000000000
-0.000000000000000
0.000000000000000
-0.000000000000000
0.000000000000000
0.000000000000000
-0.000000000000001
0.000000000000000
-0.000000000000000
-0.000000000000000
0.000000000000000
0.000000000000000
-0.000000000000000
-0.000000000000000
0.000000000000000
0.000000000000000
0.000000000000000
0.000000000000000
-0.000000000000000
-0.000000000000000
-0.000000000000000
0.000000000000000
0.000000000000000
-0.000000000000000
0.000000000000000
0.000000000000000
0.000000000000000
-0.000000000000000
-0.000000000000000
0.000000000000001
0.000000000000000
-0.000000000000001
0.000000000000000
-0.000000000000000
-0.000000000000000
0.000000000000001
0.000000000000000
-0.000000000000001
0.000000000000001
-0.000000000000000
0.000000000000000
0.000000000000000
0.000000000000000
-0.000000000000001
0.000000000000001
0.000000000000001
-0.000000000000001
0.000000000000000
0.000000000000000
0.000000000000000
-0.000000000000000
0.000000000000000
0.000000000000000
-0.000000000000000
0.000000000000000
0.000000000000000
-0.000000000000000
-0.000000000000000
-0.000000000000001
0.000000000000000
0.000000000000000
0.000000000000000
-0.000000000000001
0.000000000000000
0.000000000000000
-0.000000000000000
0.000000000000000
-0.000000000000000
-0.000000000000000
0.000000000000000
0.000000000000000
-0.000000000000001
0.000000000000000
0.000000000000000
-0.000000000000000
0.000000000000000
-0.000000000000001
0.000000000000000
-0.000000000000000
0.000000000000000
0.000000000000000
-0.000000000000000
0.000000000000000
-0.000000000000000
0.000000000000001
-0.000000000000001
0.000000000000000
-0.000000000000000
-0.000000000000000
0.000000000000000
-0.000000000000000
-0.000000000000000
-0.000000000000000
0.000000000000001
-0.000000000000001
0.000000000000001
-0.000000000000000
0.000000000000000
-0.000000000000000
0.000000000000001
-0.000000000000000
-0.000000000000000
0.000000000000001
-0.000000000000000
0.000000000000000
-0.000000000000001
0.000000000000001
-0.000000000000001
0.000000000000000
0.000000000000001
-0.000000000000001
-0.000000000000000
0.000000000000000
0.000000000000000
-0.000000000000000
0.000000000000000
0.000000000000000
-0.000000000000001
0.000000000000000
-0.000000000000000
0.000000000000000
0.000000000000001
-0.000000000000001
0.000000000000000
-0.000000000000001
0.000000000000001
-0.000000000000000
0.000000000000000
-0.000000000000000
0.000000000000000
-0.000000000000000
-0.000000000000000
