-0.001179928270849
-0.002399371685534
-0.003582490558710
-0.004727953472485
-0.005839323292497
-0.006920192064808
-0.007973868927069
-0.009003385161954
-0.010011518591505
-0.011000816701786
-0.011973617360760
-0.012932067322806
-0.013878138771550
-0.014813644126350
-0.015740249309788
-0.016659485648972
-0.017572760562305
-0.018481367165032
-0.019386492910989
-0.020289227374189
-0.021190569261846
-0.022091432739994
-0.022992653143673
-0.023894992135666
-0.024799142370748
-0.025705731716231
-0.026615327074153
-0.027528437845718
-0.028445519074313
-0.029366974299764
-0.030293158153126
-0.031224378718415
-0.032160899685088
-0.033102942312721
-0.034050687227323
-0.035004276066857
-0.035963812991893
-0.036929366075855
-0.037900968588007
-0.038878620181116
-0.039862287994677
-0.040851907683641
-0.041847384381663
-0.042848593607164
-0.043855382119744
-0.044867568733851
-0.045884945096012
-0.046907276431408
-0.047934302265047
-0.048965737122393
-0.050001271213822
-0.051040571106951
-0.052083280390495
-0.053129020332991
-0.054177390539414
-0.055227969608434
-0.056280315792778
-0.057333967664927
-0.058388444790141
-0.059443248408554
-0.060497862127918
-0.061551752628331
-0.062604370380113
-0.063655150375828
-0.064703512877244
-0.065748864177888
-0.066790597381688
-0.067828093198021
-0.068860720753393
-0.069887838419771
-0.070908794659523
-0.071922928886734
-0.072929572344587
-0.073928048998362
-0.074917676443488
-0.075897766828000
-0.076867627788617
-0.077826563399584
-0.078773875133323
-0.079708862831835
-0.080630825687734
-0.081539063233696
-0.082432876339038
-0.083311568212082
-0.084174445406868
-0.085020818832759
-0.085850004765393
-0.086661325857401
-0.087454112147276
-0.088227702064715
-0.088981443430744
-0.089714694450905
-0.090426824699740
-0.091117216094825
-0.091785263858570
-0.092430377465991
-0.093051981576683
-0.093649516949212
-0.094222441336146
-0.094770230357982
-0.095292378354230
-0.095788399209943
-0.096257827156027
-0.096700217541692
-0.097115147577424
-0.097502217046962
-0.097861048986755
-0.098191290331466
-0.098492612524137
-0.098764712089708
-0.099007311170623
-0.099220158023371
-0.099403027474841
-0.099555721337494
-0.099678068782411
-0.099769926669364
-0.099831179833163
-0.099861741325611
-0.099861552612498
-0.099830583725153
-0.099768833366197
-0.099676328969201
-0.099553126712089
-0.099399311484204
-0.099214996807079
-0.099000324709022
-0.098755465553779
-0.098480617823585
-0.098176007857055
-0.097841889542445
-0.097478543966930
-0.097086279022612
-0.096665428970115
-0.096216353960665
-0.095739439517686
-0.095235095979000
-0.094703757900833
-0.094145883424882
-0.093561953609794
-0.092952471728488
-0.092317962532808
-0.091658971487065
-0.090976063972093
-0.090269824461510
-0.089540855671903
-0.088789777688740
-0.088017227069831
-0.087223855928189
-0.086410330996237
-0.085577332673242
-0.084725554057978
-0.083855699968552
-0.082968485951426
-0.082064637281586
-0.081144887955895
-0.080209979681618
-0.079260660862096
-0.078297685581571
-0.077321812591115
-0.076333804297602
-0.075334425757636
-0.074324443678326
-0.073304625426748
-0.072275738049905
-0.071238547306946
-0.070193816715347
-0.069142306612745
-0.068084773235996
-0.067021967819029
-0.065954635710959
-0.064883515515907
-0.063809338255837
-0.062732826557731
-0.061654693866272
-0.060575643683194
-0.059496368834332
-0.058417550765358
-0.057339858867103
-0.056263949831262
-0.055190467037233
-0.054120039970735
-0.053053283674761
-0.051990798233380
-0.050933168288759
-0.049880962591742
-0.048834733586232
-0.047795017027524
-0.046762331634672
-0.045737178776893
-0.044720042193939
-0.043711387750278
-0.042711663222866
-0.041721298122221
-0.040740703546431
-0.039770272067674
-0.038810377650742
-0.037861375603051
-0.036923602555484
-0.035997376473421
-0.035082996697249
-0.034180744011549
-0.033290880742183
-0.032413650880390
-0.031549280233013
-0.030697976597920
-0.029859929963635
-0.029035312732201
-0.028224279964241
-0.027426969645161
-0.026643502971444
-0.025873984655930
-0.025118503251004
-0.024377131488559
-0.023649926635641
-0.022936930864637
-0.022238171636898
-0.021553662098663
-0.020883401488185
-0.020227375552931
-0.019585556975778
-0.018957905809104
-0.018344369915712
-0.017744885415526
-0.017159377137029
-0.016587759072429
-0.016029934835570
-0.015485798121604
-0.014955233167511
-0.014438115212547
-0.013934310957722
-0.013443679023501
-0.012966070404873
-0.012501328923025
-0.012049291672867
-0.011609789465696
-0.011182647266319
-0.010767684623991
-0.010364716096573
-0.009973551667321
-0.009593997153794
-0.009225854608375
-0.008868922709950
-0.008522997146320
-0.008187870986965
-0.007863335045807
-0.007549178233660
-0.007245187900091
-0.006951150164439
-0.006666850235795
-0.006392072721749
-0.006126601925773
-0.005870222133118
-0.005622717885144
-0.005383874242023
-0.005153477033795
-0.004931313099771
-0.004717170516322
-0.004510838813089
-0.004312109177699
-0.004120774649082
-0.003936630299510
-0.003759473405493
-0.003589103607699
-0.003425323060057
-0.003267936568258
-0.003116751717839
-0.002971578992082
-0.002832231879966
-0.002698526974410
-0.002570284061065
-0.002447326197925
-0.002329479786027
-0.002216574631519
-0.002108443999391
-0.002004924659152
-0.001905856922758
-0.001811084675082
-0.001720455397236
-0.001633820183045
-0.001551033748972
-0.001471954437806
-0.001396444216405
-0.001324368667810
-0.001255596978014
-0.001190001917680
-0.001127459819116
-0.001067850548777
-0.001011057475583
-0.000956967435333
-0.000905470691485
-0.000856460892558
-0.000809835026433
-0.000765493371789
-0.000723339446929
-0.000683279956228
-0.000645224734439
-0.000609086689076
-0.000574781741085
-0.000542228764025
-0.000511349521939
-0.000482068606111
-0.000454313370911
-0.000428013868870
-0.000403102785176
-0.000379515371737
-0.000357189380972
-0.000336064999457
-0.000316084781573
-0.000297193583278
-0.000279338496123
-0.000262468781616
-0.000246535806054
-0.000231492975906
-0.000217295673836
-0.000203901195461
-0.000191268686912
-0.000179359083268
-0.000168135047929
-0.000157560912985
-0.000147602620636
-0.000138227665699
-0.000129405039264
-0.000121105173507
-0.000113299887720
-0.000105962335559
-0.000099066953556
-0.000092589410890
-0.000086506560451
-0.000080796391192
-0.000075437981784
-0.000070411455580
-0.000065697936877
-0.000061279508484
-0.000057139170585
-0.000053260800894
-0.000049629116086
-0.000046229634491
-0.000043048640050
-0.000040073147499
-0.000037290868771
-0.000034690180598
-0.000032260093293
-0.000029990220689
-0.000027870751202
-0.000025892420018
-0.000024046482355
-0.000022324687784
-0.000020719255587
-0.000019222851126
-0.000017828563184
-0.000016529882265
-0.000015320679819
-0.000014195188368
-0.000013147982499
-0.000012173960706
-0.000011268328050
-0.000010426579603
-0.000009644484665
-0.000008918071708
-0.000008243614040
-0.000007617616151
-0.000007036800711
-0.000006498096222
-0.000005998625258
-0.000005535693308
-0.000005106778174
-0.000004709519910
-0.000004341711284
-0.000004001288730
-0.000003686323776
-0.000003395014926
-0.000003125679982
-0.000002876748768
-0.000002646756266
-0.000002434336116
-0.000002238214485
-0.000002057204274
-0.000001890199651
-0.000001736170903
-0.000001594159571
-0.000001463273881
-0.000001342684426
-0.000001231620116
-0.000001129364352
-0.000001035251447
-0.000000948663250
-0.000000869025971
-0.000000795807215
-0.000000728513187
-0.000000666686068
-0.000000609901568
-0.000000557766617
-0.000000509917213
-0.000000466016406
-0.000000425752401
-0.000000388836804
-0.000000355002957
-0.000000324004406
-0.000000295613450
-0.000000269619801
-0.000000245829324
-0.000000224062868
-0.000000204155171
-0.000000185953844
-0.000000169318421
-0.000000154119476
-0.000000140237800
-0.000000127563640
-0.000000115995983
-0.000000105441900
-0.000000095815930
-0.000000087039507
-0.000000079040436
-0.000000071752399
-0.000000065114499
-0.000000059070842
-0.000000053570141
-0.000000048565354
-0.000000044013356
-0.000000039874620
-0.000000036112933
-0.000000032695132
-0.000000029590857
-0.000000026772325
-0.000000024214122
-0.000000021893010
-0.000000019787744
-0.000000017878917
-0.000000016148797
-0.000000014581199
-0.000000013161346
-0.000000011875760
-0.000000010712148
-0.000000009659303
-0.000000008707009
-0.000000007845963
-0.000000007067689
-0.000000006364477
-0.000000005729305
-0.000000005155789
-0.000000004638123
-0.000000004171031
-0.000000003749718
-0.000000003369827
-0.000000003027406
-0.000000002718865
-0.000000002440948
-0.000000002190702
-0.000000001965450
-0.000000001762767
-0.000000001580452
-0.000000001416517
-0.000000001269159
-0.000000001136748
-0.000000001017809
-0.000000000911008
-0.000000000815140
-0.000000000729116
-0.000000000651949
-0.000000000582753
-0.000000000520727
-0.000000000465146
-0.000000000415358
-0.000000000370774
-0.000000000330864
-0.000000000295151
-0.000000000263204
-0.000000000234636
-0.000000000209097
-0.000000000186277
-0.000000000165891
-0.000000000147686
-0.000000000131435
-0.000000000116932
-0.000000000103995
-0.000000000092458
-0.000000000082173
-0.000000000073008
-0.000000000064843
-0.000000000057572
-0.000000000051098
-0.000000000045338
-0.000000000040214
-0.000000000035656
-0.000000000031605
-0.000000000028004
-0.000000000024805
-0.000000000021964
-0.000000000019443
-0.000000000017204
-0.000000000015219
-0.000000000013457
-0.000000000011896
-0.000000000010513
-0.000000000009287
-0.000000000008201
-0.000000000007240
-0.000000000006389
-0.000000000005636
-0.000000000004971
-0.000000000004382
-0.000000000003862
-0.000000000003403
-0.000000000002997
-0.000000000002638
-0.000000000002322
-0.000000000002043
-0.000000000001797
-0.000000000001580
-0.000000000001388
-0.000000000001220
-0.000000000001072
-0.000000000000941
-0.000000000000826
-0.000000000000724
-0.000000000000636
-0.000000000000557
-0.000000000000489
-0.000000000000428
-0.000000000000375
-0.000000000000328
-0.000000000000287
-0.000000000000251
-0.000000000000220
-0.000000000000193
-0.000000000000168
-0.000000000000147
-0.000000000000128
-0.000000000000112
-0.000000000000098
-0.000000000000086
-0.000000000000074
-0.000000000000065
-0.000000000000057
-0.000000000000049
-0.000000000000043
-0.000000000000037
-0.000000000000032
-0.000000000000028
-0.000000000000025
-0.000000000000022
-0.000000000000018
-0.000000000000016
-0.000000000000014
-0.000000000000013
-0.000000000000011
-0.000000000000010
-0.000000000000008
-0.000000000000007
-0.000000000000006
-0.000000000000005
-0.000000000000005
-0.000000000000004
-0.000000000000003
-0.000000000000003
-0.000000000000003
-0.000000000000002
-0.000000000000002
-0.000000000000001
-0.000000000000001
-0.000000000000001
-0.000000000000001
-0.000000000000001
-0.000000000000001
-0.000000000000000
-0.000000000000000
-0.000000000000001
-0.000000000000001
-0.000000000000000
0.000000000000000
-0.000000000000000
-0.000000000000001
-0.000000000000000
-0.000000000000000
0.000000000000000
-0.000000000000000
-0.000000000000000
-0.000000000000000
-0.000000000000000
0.000000000000000
0.000000000000000
-0.000000000000000
-0.000000000000000
0.000000000000000
0.000000000000000
0.000000000000000
-0.000000000000000
0.000000000000000
0.000000000000000
0.000000000000000
-0.000000000000000
-0.000000000000000
0.000000000000000
0.000000000000000
-0.000000000000000
-0.000000000000000
0.000000000000000
0.000000000000000
-0.000000000000000
-0.000000000000000
-0.000000000000000
-0.000000000000000
0.000000000000000
-0.000000000000000
0.000000000000000
-0.000000000000000
-0.000000000000000
-0.000000000000000
0.000000000000000
0.000000000000000
0.000000000000000
-0.000000000000000
0.000000000000000
-0.000000000000000
-0.000000000000000
0.000000000000000
0.000000000000000
-0.000000000000000
-0.000000000000000
0.000000000000000
-0.000000000000000
-0.000000000000000
-0.000000000000000
0.000000000000000
0.000000000000000
-0.000000000000000
-0.000000000000000
-0.000000000000000
0.000000000000000
0.000000000000000
0.000000000000000
-0.000000000000000
-0.000000000000000
-0.000000000000000
-0.000000000000000
0.000000000000000
0.000000000000000
-0.000000000000000
0.000000000000000
0.000000000000000
-0.000000000000000
0.000000000000000
0.000000000000000
0.000000000000000
0.000000000000000
-0.000000000000000
-0.000000000000000
-0.000000000000000
0.000000000000000
0.000000000000000
0.000000000000000
0.000000000000000
-0.000000000000000
0.000000000000000
0.000000000000000
0.000000000000000
-0.000000000000000
-0.000000000000000
-0.000000000000000
0.000000000000000
-0.000000000000000
0.000000000000000
-0.000000000000000
-0.000000000000000
0.000000000000000
0.000000000000000
0.000000000000000
-0.000000000000000
-0.000000000000000
0.000000000000000
0.000000000000000
-0.000000000000000
0.000000000000000
0.000000000000000
-0.000000000000000
-0.000000000000000
0.000000000000000
0.000000000000000
-0.000000000000000
-0.000000000000000
-0.000000000000000
-0.000000000000000
0.000000000000000
0.000000000000000
0.000000000000000
-0.000000000000000
0.000000000000000
-0.000000000000000
-0.000000000000000
-0.000000000000000
0.000000000000000
-0.000000000000000
-0.000000000000000
0.000000000000000
-0.000000000000000
-0.000000000000000
0.000000000000000
0.000000000000000
0.000000000000000
0.000000000000000
-0.000000000000000
-0.000000000000000
-0.000000000000000
-0.000000000000000
0.000000000000000
0.000000000000000
-0.000000000000000
-0.000000000000000
0.000000000000000
0.000000000000000
0.000000000000000
0.000000000000000
0.000000000000000
-0.000000000000001
-0.000000000000000
0.000000000000000
0.000000000000000
0.000000000000000
-0.000000000000000
-0.000000000000000
-0.000000000000000
0.000000000000000
0.000000000000001
-0.000000000000000
-0.000000000000000
0.000000000000000
-0.000000000000000
0.000000000000000
0.000000000000000
0.000000000000000
-0.000000000000000
-0.000000000000000
-0.000000000000000
0.000000000000000
-0.000000000000000
0.000000000000000
0.000000000000000
-0.000000000000000
-0.000000000000000
0.000000000000000
0.000000000000000
0.000000000000000
-0.000000000000000
-0.000000000000000
-0.000000000000000
-0.000000000000000
0.000000000000000
0.000000000000001
-0.000000000000000
-0.000000000000000
-0.000000000000000
0.000000000000000
0.000000000000000
0.000000000000000
-0.000000000000000
-0.000000000000000
0.000000000000000
-0.000000000000000
-0.000000000000000
0.000000000000000
0.000000000000000
-0.000000000000000
-0.000000000000000
-0.000000000000001
0.000000000000001
0.000000000000000
0.000000000000001
-0.000000000000000
-0.000000000000000
-0.000000000000000
0.000000000000000
0.000000000000000
0.000000000000000
-0.000000000000000
-0.000000000000000
-0.000000000000000
0.000000000000001
0.000000000000000
0.000000000000000
-0.000000000000000
-0.000000000000000
-0.000000000000000
0.000000000000001
0.000000000000001
-0.000000000000000
-0.000000000000001
-0.000000000000000
0.000000000000000
0.000000000000000
-0.000000000000000
-0.000000000000000
0.000000000000000
-0.000000000000000
0.000000000000000
0.000000000000000
0.000000000000000
-0.000000000000000
0.000000000000000
-0.000000000000000
0.000000000000000
0.000000000000000
0.000000000000000
-0.000000000000000
0.000000000000000
0.000000000000000
0.000000000000000
0.000000000000000
0.000000000000000
-0.000000000000000
-0.000000000000000
0.000000000000000
0.000000000000000
0.000000000000000
0.000000000000000
-0.000000000000000
-0.000000000000000
-0.000000000000000
0.000000000000000
0.000000000000000
-0.000000000000000
-0.000000000000000
-0.000000000000000
0.000000000000000
0.000000000000000
-0.000000000000000
-0.000000000000000
0.000000000000000
0.000000000000000
0.000000000000000
-0.000000000000000
0.000000000000000
-0.000000000000000
-0.000000000000000
-0.000000000000000
0.000000000000000
0.000000000000000
0.000000000000000
-0.000000000000000
-0.000000000000000
0.000000000000000
0.000000000000001
0.000000000000000
-0.000000000000000
-0.000000000000000
0.000000000000000
0.000000000000000
-0.000000000000000
-0.000000000000000
-0.000000000000000
0.000000000000000
0.000000000000000
0.000000000000000
-0.000000000000000
-0.000000000000000
0.000000000000000
0.000000000000000
-0.000000000000000
-0.000000000000000
-0.000000000000000
0.000000000000000
0.000000000000000
-0.000000000000000
0.000000000000000
-0.000000000000000
-0.000000000000000
0.000000000000000
0.000000000000000
-0.000000000000000
-0.000000000000000
-0.000000000000000
0.000000000000000
-0.000000000000000
0.000000000000000
-0.000000000000000
0.000000000000000
-0.000000000000000
0.000000000000000
-0.000000000000000
-0.000000000000000
-0.000000000000000
0.000000000000000
0.000000000000000
-0.000000000000001
0.000000000000000
0.000000000000000
0.000000000000000
-0.000000000000000
0.000000000000000
-0.000000000000000
0.000000000000000
0.000000000000000
0.000000000000000
-0.000000000000000
0.000000000000001
-0.000000000000000
0.000000000000000
-0.000000000000001
0.000000000000000
0.000000000000000
-0.000000000000000
-0.000000000000000
0.000000000000001
-0.000000000000001
0.000000000000000
0.000000000000000
0.000000000000000
0.000000000000000
-0.000000000000000
-0.000000000000000
0.000000000000000
0.000000000000000
0.000000000000000
0.000000000000000
-0.000000000000001
-0.000000000000000
0.000000000000000
0.000000000000000
0.000000000000000
-0.000000000000000
-0.000000000000001
0.000000000000000
0.000000000000000
0.000000000000000
-0.000000000000000
-0.000000000000000
-0.000000000000000
0.000000000000000
0.000000000000001
-0.000000000000000
-0.000000000000000
-0.000000000000000
-0.000000000000000
-0.000000000000000
0.000000000000000
-0.000000000000000
-0.000000000000001
0.000000000000000
0.000000000000000
0.000000000000000
-0.000000000000000
-0.000000000000000
0.000000000000000
-0.000000000000000
0.000000000000000
0.000000000000000
-0.000000000000000
-0.000000000000000
0.000000000000000
-0.000000000000000
0.000000000000000
-0.000000000000000
0.000000000000000
-0.000000000000000
0.000000000000000
0.000000000000000
-0.000000000000000
-0.000000000000000
-0.000000000000000
0.000000000000000
-0.000000000000000
-0.000000000000000
0.000000000000000
-0.000000000000000
-0.000000000000000
-0.000000000000000
0.000000000000000
-0.000000000000000
-0.000000000000000
-0.000000000000000
0.000000000000000
-0.000000000000000
0.000000000000000
-0.000000000000000
-0.000000000000000
-0.000000000000000
0.000000000000000
0.000000000000000
-0.000000000000001
0.000000000000000
0.000000000000000
-0.000000000000000
0.000000000000000
0.000000000000000
-0.000000000000000
0.000000000000000
0.000000000000000
-0.000000000000000
-0.000000000000000
0.000000000000000
-0.000000000000000
0.000000000000001
-0.000000000000001
-0.000000000000000
-0.000000000000000
0.000000000000001
0.000000000000000
-0.000000000000000
-0.000000000000000
0.000000000000000
0.000000000000000
-0.000000000000000
0.000000000000000
-0.000000000000000
0.000000000000000
-0.000000000000000
0.000000000000000
0.000000000000000
0.000000000000000
-0.000000000000001
0.000000000000000
0.000000000000000
-0.000000000000000
-0.000000000000000
0.000000000000001
-0.000000000000000
-0.000000000000000
-0.000000000000000
0.000000000000001
0.000000000000000
-0.000000000000001
0.000000000000000
0.000000000000000
0.000000000000000
0.000000000000000
-0.000000000000000
-0.000000000000000
0.000000000000000
-0.000000000000000
-0.000000000000000
-0.000000000000000
0.000000000000000
-0.000000000000000
-0.000000000000000
0.000000000000000
0.000000000000000
-0.000000000000000
0.000000000000000
0.000000000000001
-0.000000000000000
-0.000000000000000
-0.000000000000000
0.000000000000000
-0.000000000000000
0.000000000000000
-0.000000000000000
-0.000000000000000
-0.000000000000001
0.000000000000001
-0.000000000000001
0.000000000000000
-0.000000000000000
0.000000000000000
-0.000000000000000
-0.000000000000000
0.000000000000000
-0.000000000000000
-0.000000000000000
0.000000000000000
-0.000000000000000
0.000000000000000
0.000000000000001
-0.000000000000000
-0.000000000000000
0.000000000000000
0.000000000000000
-0.000000000000000
0.000000000000000
0.000000000000000
-0.000000000000000
-0.000000000000000
0.000000000000001
-0.000000000000000
0.000000000000000
-0.000000000000000
-0.000000000000000
-0.000000000000000
0.000000000000000
0.000000000000000
-0.000000000000000
-0.000000000000000
-0.000000000000000
-0.000000000000000
0.000000000000001
-0.000000000000000
-0.000000000000000
-0.000000000000000
0.000000000000000
0.000000000000000
-0.000000000000000
0.000000000000000
-0.000000000000000
0.000000000000000
-0.000000000000000
-0.000000000000000
0.000000000000000
-0.000000000000000
0.000000000000001
-0.000000000000000
-0.000000000000000
0.000000000000000
0.000000000000000
-0.000000000000000
-0.000000000000000
-0.000000000000000
0.000000000000000
0.000000000000000
-0.000000000000001
-0.000000000000000
0.000000000000000
-0.000000000000000
-0.000000000000001
0.000000000000001
-0.000000000000000
0.000000000000001
-0.000000000000001
0.000000000000000
0.000000000000000
-0.000000000000000
-0.000000000000000
0.000000000000001
-0.000000000000001
0.000000000000000
-0.000000000000000
0.000000000000000
-0.000000000000000
0.000000000000000
0.000000000000001
-0.000000000000001
0.000000000000000
0.000000000000000
0.000000000000000
-0.000000000000000
0.000000000000001
-0.000000000000001
0.000000000000000
0.000000000000000
-0.000000000000000
-0.000000000000000
0.000000000000000
0.000000000000000
-0.000000000000000
-0.000000000000000
0.000000000000001
-0.000000000000001
-0.000000000000000
0.000000000000001
-0.000000000000000
-0.000000000000000
-0.000000000000001
0.000000000000000
0.000000000000000
-0.000000000000000
-0.000000000000000
-0.000000000000000
0.000000000000000
0.000000000000000
-0.000000000000000
-0.000000000000000
0.000000000000000
0.000000000000000
0.000000000000000
0.000000000000001
-0.000000000000001
0.000000000000000
0.000000000000000
-0.000000000000000
-0.000000000000000
0.000000000000000
0.000000000000000
-0.000000000000000
0.000000000000001
-0.000000000000000
-0.000000000000000
0.000000000000000
0.000000000000000
-0.000000000000001
0.000000000000000
0.000000000000000
-0.000000000000000
-0.000000000000000
0.000000000000000
0.000000000000000
-0.000000000000001
0.000000000000000
-0.000000000000000
0.000000000000000
-0.000000000000000
-0.000000000000000
0.000000000000000
0.000000000000001
-0.000000000000001
0.000000000000000
-0.000000000000000
-0.000000000000000
0.000000000000000
-0.000000000000000
-0.000000000000000
-0.000000000000000
-0.000000000000000
0.000000000000000
-0.000000000000000
0.000000000000000
-0.000000000000000
0.000000000000000
0.000000000000000
-0.000000000000000
0.000000000000001
-0.000000000000000
-0.000000000000000
-0.000000000000000
0.000000000000000
-0.000000000000000
-0.000000000000000
-0.000000000000000
0.000000000000001
0.000000000000000
-0.000000000000001
0.000000000000001
-0.000000000000000
0.000000000000000
0.000000000000000
-0.000000000000001
-0.000000000000000
0.000000000000001
-0.000000000000000
-0.000000000000001
0.000000000000000
0.000000000000000
0.000000000000000
-0.000000000000000
0.000000000000000
-0.000000000000000
0.000000000000000
-0.000000000000000
-0.000000000000000
