-0.007048482693035
-0.014317574929293
-0.021339011504541
-0.028090579220823
-0.034580280370874
-0.040817183623280
-0.046809473754031
-0.052564406214963
-0.058088387228840
-0.063387055152657
-0.068465355255229
-0.073327608135271
-0.077977572472784
-0.082418502751174
-0.086653202507275
-0.090684073595019
-0.094513161886193
-0.098142199777769
-0.101572645828196
-0.104805721803981
-0.107842447381980
-0.110683672721355
-0.113330109091517
-0.115782357718097
-0.118040936987619
-0.120106308132675
-0.121978899502805
-0.123659129511578
-0.125147428337421
-0.126444258444285
-0.127550133978143
-0.128465639086377
-0.129191445199321
-0.129728327306265
-0.130077179252265
-0.130239028076820
-0.130215047410907
-0.130006569944985
-0.129615098977220
-0.129042319048359
-0.128290105667416
-0.127360534130368
-0.126255887432704
-0.124978663275457
-0.123531580163724
-0.121917582596202
-0.120139845344167
-0.118201776818488
-0.116107021523697
-0.113859461598780
-0.111463217445244
-0.108922647444070
-0.106242346764459
-0.103427145268680
-0.100482104518929
-0.097412513893813
-0.094223885823948
-0.090921950158078
-0.087512647673187
-0.084002122744187
-0.080396715190986
-0.076702951322919
-0.072927534202859
-0.069077333155603
-0.065159372547409
-0.061180819865911
-0.057148973131877
-0.053071247676562
-0.048955162320583
-0.044808324992441
-0.040638417826836
-0.036453181784974
-0.032260400840945
-0.028067885780048
-0.023883457656643
-0.019714930960652
-0.015570096543253
-0.011456704353614
-0.007382446039583
-0.003354937466266
0.000618298792815
0.004529850936693
0.008372435334294
0.012138913782190
0.015822310566715
0.019415829274582
0.022912869296466
0.026307041968551
0.029592186297809
0.032762384217728
0.035811975322327
0.038735571027669
0.041528068111619
0.044184661584334
0.046700856843863
0.049072481073390
0.051295693838885
0.053366996848407
0.055283242836877
0.057041643542936
0.058639776747378
0.060075592345674
0.061347417430271
0.062453960361611
0.063394313810141
0.064167956755065
0.064774755429071
0.065214963201847
0.065489219398793
0.065598547055003
0.065544349608216
0.065328406538097
0.064952867962850
0.064420248207770
0.063733418363899
0.062895597858466
0.061910345062204
0.060781546962002
0.059513407930580
0.058110437627993
0.056577438072805
0.054919489923593
0.053141938014183
0.051250376188563
0.049250631483777
0.047148747711324
0.044950968489552
0.042663719781389
0.040293591993298
0.037847321692780
0.035331773002842
0.032753918732900
0.030120821306184
0.027439613544288
0.024717479369747
0.021961634487535
0.019179307106196
0.016377718758906
0.013564065284086
0.010745498024352
0.007929105301447
0.005121894223566
0.002330772879930
-0.000437467024215
-0.003176167040890
-0.005878818311744
-0.008539077312535
-0.011150780965138
-0.013707961075087
-0.016204858055300
-0.018635933899505
-0.020995884371767
-0.023279650381564
-0.025482428516993
-0.027599680711861
-0.029627143025660
-0.031560833518744
-0.033397059208351
-0.035132422094443
-0.036763824247712
-0.038288471955442
-0.039703878924212
-0.041007868541752
-0.042198575203460
-0.043274444712292
-0.044234233763812
-0.045077008531227
-0.045802142368139
-0.046409312649535
-0.046898496774283
-0.047269967354897
-0.047524286622834
-0.047662300079817
-0.047685129427843
-0.047594164812517
-0.047391056416141
-0.047077705438671
-0.046656254506104
-0.046129077547180
-0.045498769180389
-0.044768133654241
-0.043940173384500
-0.043018077132698
-0.042005207870626
-0.040905090375749
-0.039721398602549
-0.038457942874679
-0.037118656942534
-0.035707584950392
-0.034228868356701
-0.032686732850291
-0.031085475304437
-0.029429450809608
-0.027723059824624
-0.025970735484577
-0.024176931102525
-0.022346107900392
-0.020482723002929
-0.018591217726853
-0.016676006195487
-0.014741464307388
-0.012791919085484
-0.010831638431289
-0.008864821306734
-0.006895588364068
-0.004927973042249
-0.002965913146086
-0.001013242922330
0.000926314355212
0.002849153281573
0.004751792689621
0.006630881486287
0.008483203952229
0.010305684503030
0.012095391912027
0.013849542996692
0.015565505772318
0.017240802078502
0.018873109685583
0.020460263889795
0.022000258607412
0.023491246979576
0.024931541500861
0.026319613685857
0.027654093289227
0.028933767095762
0.030157577297894
0.031324619479039
0.032434140221876
0.033485534361379
0.034478341902945
0.035412244626519
0.036287062397924
0.037102749208947
0.037859388967921
0.038557191062655
0.039196485717600
0.039777719167054
0.040301448666112
0.040768337360832
0.041179149038784
0.041534742780843
0.041836067534606
0.042084156629376
0.042280122252098
0.042425149903022
0.042520492849277
0.042567466593794
0.042567443376336
0.042521846722627
0.042432146056755
0.042299851391259
0.042126508108409
0.041913691845408
0.041663003495301
0.041376064334562
0.041054511287416
0.040699992336063
0.040314162085134
0.039898677487770
0.039455193739905
0.038985360348447
0.038490817378225
0.037973191881745
0.037434094515003
0.036875116341810
0.036297825828361
0.035703766029011
0.035094451963575
0.034471368185745
0.033835966541640
0.033189664116855
0.032533841369827
0.031869840448805
0.031198963689204
0.030522472287642
0.029841585148577
0.029157477899006
0.028471282066386
0.027784084414571
0.027096926432303
0.026410803968529
0.025726667008577
0.025045419585079
0.024367919817343
0.023694980072742
0.023027367243651
0.022365803133314
0.021710964944067
0.021063485861270
0.020423955726364
0.019792921792463
0.019170889555985
0.018558323657895
0.017955648848225
0.017363251007666
0.016781478220171
0.016210641890626
0.015651017901857
0.015102847805367
0.014566340040435
0.014041671176363
0.013528987172895
0.013028404654026
0.012540012190638
0.012063871587648
0.011600019171537
0.011148467074398
0.010709204510846
0.010282199044381
0.009867397840005
0.009464728900143
0.009074102281131
0.008695411287761
0.008328533643592
0.007973332634954
0.007629658226765
0.007297348148514
0.006976228948939
0.006666117018116
0.006366819575888
0.006078135625698
0.005799856873111
0.005531768608419
0.005273650552920
0.005025277668575
0.004786420930924
0.004556848065222
0.004336324245928
0.004124612759758
0.003921475632632
0.003726674220956
0.003539969767736
0.003361123924140
0.003189899237184
0.003026059604270
0.002869370695391
0.002719600343870
0.002576518906505
0.002439899594102
0.002309518773348
0.002185156241046
0.002066595471738
0.001953623839767
0.001846032816836
0.001743618146144
0.001646179994151
0.001553523081077
0.001465456791172
0.001381795263839
0.001302357466658
0.001226967251335
0.001155453393608
0.001087649618104
0.001023394609128
0.000962532008335
0.000904910400221
0.000850383286336
0.000798809049073
0.000750050905922
0.000703976854956
0.000660459612370
0.000619376542806
0.000580609583193
0.000544045160791
0.000509574106101
0.000477091561252
0.000446496884473
0.000417693551209
0.000390589052403
0.000365094790453
0.000341125973311
0.000318601507163
0.000297443888098
0.000277579093155
0.000258936471101
0.000241448633266
0.000225051344740
0.000209683416216
0.000195286596727
0.000181805467510
0.000169187337214
0.000157382138628
0.000146342327118
0.000136022780905
0.000126380703331
0.000117375527217
0.000108968821426
0.000101124199706
0.000093807231885
0.000086985357485
0.000080627801785
0.000074705494385
0.000069190990276
0.000064058393443
0.000059283283001
0.000054842641858
0.000050714787894
0.000046879307647
0.000043316992457
0.000040009777068
0.000036940680631
0.000034093750077
0.000031454005811
0.000029007389682
0.000026740715182
0.000024641619812
0.000022698519567
0.000020900565479
0.000019237602162
0.000017700128297
0.000016279258995
0.000014966689984
0.000013754663543
0.000012635936144
0.000011603747725
0.000010651792526
0.000009774191457
0.000008965465905
0.000008220512941
0.000007534581861
0.000006903252018
0.000006322411866
0.000005788239176
0.000005297182381
0.000004845942978
0.000004431458942
0.000004050889123
0.000003701598549
0.000003381144606
0.000003087264064
0.000002817860867
0.000002570994696
0.000002344870222
0.000002137827041
0.000001948330237
0.000001774961551
0.000001616411111
0.000001471469702
0.000001339021534
0.000001218037496
0.000001107568844
0.000001006741327
0.000000914749690
0.000000830852568
0.000000754367719
0.000000684667589
0.000000621175185
0.000000563360235
0.000000510735623
0.000000462854072
0.000000419305064
0.000000379711991
0.000000343729498
0.000000311041031
0.000000281356565
0.000000254410488
0.000000229959659
0.000000207781600
0.000000187672826
0.000000169447309
0.000000152935049
0.000000137980762
0.000000124442666
0.000000112191362
0.000000101108802
0.000000091087344
0.000000082028868
0.000000073843980
0.000000066451266
0.000000059776613
0.000000053752577
0.000000048317820
0.000000043416567
0.000000038998135
0.000000035016479
0.000000031429790
0.000000028200118
0.000000025293033
0.000000022677307
0.000000020324635
0.000000018209363
0.000000016308258
0.000000014600285
0.000000013066403
0.000000011689389
0.000000010453669
0.000000009345162
0.000000008351148
0.000000007460138
0.000000006661760
0.000000005946652
0.000000005306372
0.000000004733305
0.000000004220587
0.000000003762037
0.000000003352085
0.000000002985719
0.000000002658427
0.000000002366151
0.000000002105244
0.000000001872425
0.000000001664749
0.000000001479569
0.000000001314510
0.000000001167441
0.000000001036451
0.000000000919825
0.000000000816025
0.000000000723677
0.000000000641547
0.000000000568532
0.000000000503645
0.000000000446002
0.000000000394814
0.000000000349374
0.000000000309052
0.000000000273285
0.000000000241570
0.000000000213458
0.000000000188551
0.000000000166489
0.000000000146955
0.000000000129667
0.000000000114371
0.000000000100843
0.000000000088884
0.000000000078314
0.000000000068976
0.000000000060730
0.000000000053451
0.000000000047027
0.000000000041360
0.000000000036363
0.000000000031958
0.000000000028077
0.000000000024659
0.000000000021649
0.000000000018999
0.000000000016668
0.000000000014617
0.000000000012814
0.000000000011230
0.000000000009838
0.000000000008615
0.000000000007542
0.000000000006599
0.000000000005773
0.000000000005049
0.000000000004413
0.000000000003856
0.000000000003369
0.000000000002942
0.000000000002568
0.000000000002241
0.000000000001955
0.000000000001704
0.000000000001486
0.000000000001295
0.000000000001127
0.000000000000982
0.000000000000855
0.000000000000744
0.000000000000647
0.000000000000562
0.000000000000489
0.000000000000424
0.000000000000369
0.000000000000320
0.000000000000279
0.000000000000241
0.000000000000209
0.000000000000181
0.000000000000157
0.000000000000136
0.000000000000118
0.000000000000102
0.000000000000088
0.000000000000077
0.000000000000066
0.000000000000057
0.000000000000050
0.000000000000043
0.000000000000036
0.000000000000031
0.000000000000028
0.000000000000024
0.000000000000020
0.000000000000018
0.000000000000015
0.000000000000013
0.000000000000011
0.000000000000010
0.000000000000009
0.000000000000007
0.000000000000006
0.000000000000005
0.000000000000005
0.000000000000004
0.000000000000003
0.000000000000003
0.000000000000003
0.000000000000002
0.000000000000002
0.000000000000002
0.000000000000001
0.000000000000001
0.000000000000001
0.000000000000001
0.000000000000001
0.000000000000001
0.000000000000001
0.000000000000000
0.000000000000000
0.000000000000001
0.000000000000000
0.000000000000000
0.000000000000000
0.000000000000000
0.000000000000000
-0.000000000000000
0.000000000000000
0.000000000000000
0.000000000000000
0.000000000000000
-0.000000000000000
-0.000000000000000
-0.000000000000000
0.000000000000000
0.000000000000000
-0.000000000000000
0.000000000000000
-0.000000000000000
0.000000000000000
0.000000000000000
-0.000000000000000
-0.000000000000000
0.000000000000000
0.000000000000000
-0.000000000000000
-0.000000000000000
0.000000000000000
-0.000000000000000
0.000000000000000
-0.000000000000000
-0.000000000000000
-0.000000000000000
0.000000000000000
0.000000000000000
-0.000000000000000
-0.000000000000000
-0.000000000000000
0.000000000000000
0.000000000000000
-0.000000000000000
-0.000000000000000
0.000000000000000
-0.000000000000000
-0.000000000000000
0.000000000000000
0.000000000000000
-0.000000000000000
0.000000000000000
-0.000000000000000
0.000000000000000
-0.000000000000000
-0.000000000000000
0.000000000000000
0.000000000000000
-0.000000000000000
-0.000000000000000
-0.000000000000000
0.000000000000000
0.000000000000000
0.000000000000000
-0.000000000000000
-0.000000000000000
0.000000000000000
0.000000000000000
-0.000000000000000
0.000000000000000
-0.000000000000000
-0.000000000000000
-0.000000000000000
0.000000000000000
0.000000000000000
0.000000000000000
0.000000000000000
-0.000000000000000
0.000000000000000
-0.000000000000000
-0.000000000000000
0.000000000000000
-0.000000000000000
-0.000000000000000
-0.000000000000000
-0.000000000000000
0.000000000000000
0.000000000000000
0.000000000000000
0.000000000000000
-0.000000000000000
-0.000000000000000
0.000000000000000
-0.000000000000000
0.000000000000000
0.000000000000000
-0.000000000000000
-0.000000000000000
-0.000000000000000
0.000000000000000
0.000000000000000
0.000000000000000
0.000000000000000
-0.000000000000000
-0.000000000000000
-0.000000000000000
0.000000000000000
0.000000000000001
0.000000000000000
0.000000000000000
-0.000000000000000
-0.000000000000000
0.000000000000000
0.000000000000000
-0.000000000000000
0.000000000000000
-0.000000000000000
-0.000000000000000
0.000000000000000
0.000000000000000
-0.000000000000000
0.000000000000000
-0.000000000000000
-0.000000000000000
0.000000000000000
-0.000000000000000
-0.000000000000000
0.000000000000000
0.000000000000000
0.000000000000000
-0.000000000000000
0.000000000000000
-0.000000000000000
0.000000000000000
0.000000000000000
0.000000000000000
-0.000000000000000
-0.000000000000000
-0.000000000000000
-0.000000000000000
0.000000000000000
0.000000000000000
-0.000000000000000
0.000000000000000
-0.000000000000000
-0.000000000000000
0.000000000000000
0.000000000000000
-0.000000000000000
-0.000000000000000
0.000000000000000
-0.000000000000000
-0.000000000000000
0.000000000000000
0.000000000000000
0.000000000000000
-0.000000000000000
-0.000000000000001
-0.000000000000000
0.000000000000000
0.000000000000000
-0.000000000000000
-0.000000000000000
-0.000000000000000
-0.000000000000000
0.000000000000000
0.000000000000000
-0.000000000000000
-0.000000000000000
-0.000000000000000
-0.000000000000000
0.000000000000000
-0.000000000000000
0.000000000000000
0.000000000000000
-0.000000000000000
-0.000000000000000
0.000000000000000
0.000000000000000
0.000000000000000
-0.000000000000000
-0.000000000000000
0.000000000000000
0.000000000000000
-0.000000000000000
-0.000000000000000
0.000000000000000
-0.000000000000000
0.000000000000000
0.000000000000000
-0.000000000000000
-0.000000000000000
0.000000000000000
0.000000000000000
0.000000000000000
-0.000000000000000
-0.000000000000000
0.000000000000000
0.000000000000000
0.000000000000000
-0.000000000000000
-0.000000000000000
0.000000000000000
0.000000000000000
0.000000000000000
-0.000000000000000
-0.000000000000001
0.000000000000000
0.000000000000000
0.000000000000000
0.000000000000000
-0.000000000000000
-0.000000000000000
0.000000000000000
0.000000000000000
0.000000000000000
0.000000000000000
0.000000000000000
-0.000000000000000
0.000000000000000
0.000000000000000
-0.000000000000000
-0.000000000000000
0.000000000000000
0.000000000000000
-0.000000000000000
-0.000000000000000
-0.000000000000000
0.000000000000000
0.000000000000000
0.000000000000000
-0.000000000000000
-0.000000000000000
-0.000000000000000
0.000000000000000
0.000000000000000
-0.000000000000000
-0.000000000000000
-0.000000000000000
-0.000000000000000
0.000000000000000
0.000000000000001
0.000000000000000
-0.000000000000000
-0.000000000000000
0.000000000000000
0.000000000000000
0.000000000000000
-0.000000000000000
-0.000000000000000
0.000000000000000
0.000000000000000
0.000000000000000
0.000000000000000
-0.000000000000000
-0.000000000000000
-0.000000000000000
-0.000000000000000
0.000000000000000
0.000000000000000
-0.000000000000000
-0.000000000000000
-0.000000000000000
0.000000000000000
0.000000000000000
0.000000000000000
-0.000000000000000
-0.000000000000000
0.000000000000000
-0.000000000000000
0.000000000000000
-0.000000000000000
0.000000000000000
-0.000000000000000
0.000000000000000
0.000000000000000
-0.000000000000000
-0.000000000000000
-0.000000000000000
0.000000000000000
0.000000000000000
-0.000000000000000
-0.000000000000000
0.000000000000000
0.000000000000000
-0.000000000000000
0.000000000000000
-0.000000000000000
-0.000000000000000
0.000000000000000
0.000000000000000
-0.000000000000000
-0.000000000000000
0.000000000000000
0.000000000000000
0.000000000000000
-0.000000000000000
-0.000000000000000
-0.000000000000000
0.000000000000000
-0.000000000000000
0.000000000000000
0.000000000000000
-0.000000000000000
-0.000000000000000
0.000000000000000
-0.000000000000000
0.000000000000001
0.000000000000000
-0.000000000000000
-0.000000000000000
-0.000000000000000
0.000000000000000
-0.000000000000000
0.000000000000000
-0.000000000000000
-0.000000000000000
-0.000000000000000
0.000000000000000
0.000000000000001
-0.000000000000000
-0.000000000000000
-0.000000000000000
0.000000000000001
-0.000000000000000
-0.000000000000000
0.000000000000000
0.000000000000000
0.000000000000000
-0.000000000000000
0.000000000000000
-0.000000000000000
-0.000000000000000
0.000000000000000
-0.000000000000000
-0.000000000000001
0.000000000000001
-0.000000000000000
-0.000000000000001
0.000000000000001
-0.000000000000000
-0.000000000000000
-0.000000000000000
0.000000000000000
0.000000000000000
-0.000000000000000
-0.000000000000000
0.000000000000001
-0.000000000000000
-0.000000000000000
0.000000000000000
-0.000000000000000
0.000000000000000
-0.000000000000000
-0.000000000000000
-0.000000000000000
0.000000000000000
0.000000000000000
-0.000000000000000
-0.000000000000000
0.000000000000000
0.000000000000000
-0.000000000000000
0.000000000000000
-0.000000000000000
0.000000000000000
-0.000000000000000
0.000000000000000
0.000000000000000
-0.000000000000000
-0.000000000000000
0.000000000000001
0.000000000000000
-0.000000000000000
0.000000000000000
-0.000000000000000
0.000000000000000
-0.000000000000000
0.000000000000000
0.000000000000000
-0.000000000000000
0.000000000000000
-0.000000000000000
0.000000000000000
0.000000000000000
-0.000000000000000
-0.000000000000000
0.000000000000000
0.000000000000000
-0.000000000000000
-0.000000000000000
-0.000000000000000
0.000000000000000
0.000000000000000
-0.000000000000000
-0.000000000000000
-0.000000000000000
0.000000000000000
0.000000000000000
-0.000000000000000
-0.000000000000000
0.000000000000000
0.000000000000000
-0.000000000000000
0.000000000000000
0.000000000000000
-0.000000000000000
0.000000000000000
0.000000000000000
-0.000000000000000
-0.000000000000000
0.000000000000001
-0.000000000000000
0.000000000000000
-0.000000000000000
-0.000000000000000
0.000000000000000
0.000000000000000
-0.000000000000000
-0.000000000000000
0.000000000000000
-0.000000000000001
0.000000000000000
0.000000000000000
0.000000000000000
-0.000000000000001
0.000000000000000
0.000000000000000
0.000000000000000
-0.000000000000000
0.000000000000000
0.000000000000000
-0.000000000000000
-0.000000000000000
0.000000000000000
-0.000000000000000
0.000000000000000
-0.000000000000000
-0.000000000000000
0.000000000000000
0.000000000000001
-0.000000000000000
-0.000000000000000
0.000000000000000
0.000000000000000
-0.000000000000000
-0.000000000000000
-0.000000000000000
0.000000000000000
0.000000000000000
-0.000000000000000
0.000000000000000
-0.000000000000000
0.000000000000000
0.000000000000000
0.000000000000000
-0.000000000000000
-0.000000000000000
-0.000000000000000
0.000000000000000
0.000000000000000
-0.000000000000000
0.000000000000000
0.000000000000000
-0.000000000000000
-0.000000000000000
0.000000000000000
0.000000000000001
-0.000000000000000
-0.000000000000000
-0.000000000000000
0.000000000000000
0.000000000000000
-0.000000000000000
0.000000000000000
0.000000000000000
-0.000000000000000
0.000000000000000
-0.000000000000000
0.000000000000000
0.000000000000000
-0.000000000000000
0.000000000000000
0.000000000000000
-0.000000000000000
0.000000000000000
-0.000000000000000
0.000000000000000
-0.000000000000000
0.000000000000000
0.000000000000000
0.000000000000000
-0.000000000000000
-0.000000000000000
0.000000000000001
-0.000000000000000
-0.000000000000001
0.000000000000000
0.000000000000000
-0.000000000000000
-0.000000000000000
0.000000000000000
-0.000000000000000
-0.000000000000000
0.000000000000000
0.000000000000000
-0.000000000000000
-0.000000000000000
-0.000000000000000
0.000000000000000
0.000000000000000
-0.000000000000000
-0.000000000000000
-0.000000000000000
0.000000000000000
0.000000000000000
-0.000000000000000
-0.000000000000000
0.000000000000000
0.000000000000000
0.000000000000000
-0.000000000000001
0.000000000000000
0.000000000000000
-0.000000000000000
-0.000000000000000
0.000000000000001
-0.000000000000001
0.000000000000000
0.000000000000001
-0.000000000000001
-0.000000000000000
0.000000000000000
-0.000000000000000
-0.000000000000000
0.000000000000001
-0.000000000000000
-0.000000000000001
0.000000000000001
-0.000000000000000
0.000000000000000
0.000000000000000
-0.000000000000000
-0.000000000000000
-0.000000000000000
0.000000000000001
0.000000000000000
-0.000000000000000
-0.000000000000000
-0.000000000000000
0.000000000000001
-0.000000000000000
-0.000000000000000
0.000000000000000
0.000000000000000
-0.000000000000001
-0.000000000000000
0.000000000000001
-0.000000000000000
0.000000000000000
-0.000000000000000
-0.000000000000000
-0.000000000000000
0.000000000000001
0.000000000000000
-0.000000000000000
0.000000000000000
0.000000000000000
0.000000000000000
-0.000000000000000
0.000000000000000
0.000000000000000
-0.000000000000000
0.000000000000000
-0.000000000000000
-0.000000000000000
-0.000000000000000
0.000000000000001
-0.000000000000000
0.000000000000000
0.000000000000000
-0.000000000000001
0.000000000000000
0.000000000000001
-0.000000000000001
-0.000000000000001
0.000000000000001
-0.000000000000000
0.000000000000000
0.000000000000000
-0.000000000000000
-0.000000000000001
0.000000000000000
0.000000000000001
-0.000000000000001
0.000000000000000
-0.000000000000001
0.000000000000001
-0.000000000000000
0.000000000000001
-0.000000000000001
-0.000000000000000
0.000000000000000
-0.000000000000000
-0.000000000000000
-0.000000000000000
0.000000000000000
-0.000000000000000
-0.000000000000000
0.000000000000000
-0.000000000000001
0.000000000000001
0.000000000000000
-0.000000000000001
0.000000000000001
-0.000000000000001
0.000000000000001
-0.000000000000000
0.000000000000000
-0.000000000000000
0.000000000000001
-0.000000000000000
-0.000000000000000
0.000000000000000
