0.002979529923517
0.006056798617252
0.009038278684410
0.011918711264315
0.014705317402968
0.017405498955617
0.020026036988948
0.022573092592218
0.025052258024170
0.027468605978604
0.029826733939334
0.032130803975650
0.034384578494848
0.036591452417652
0.038754482185089
0.040876411955032
0.042959697303064
0.045006526704575
0.047018841042254
0.048998351354629
0.050946555016460
0.052864750520107
0.054754051007955
0.056615396689348
0.058449566260804
0.060257187435402
0.062038746675819
0.063794598215465
0.065524972443210
0.067229983719308
0.068909637683073
0.070563838106593
0.072192393343160
0.073795022414111
0.075371360773261
0.076920965784079
0.078443321941147
0.079937845864174
0.081403891089843
0.082840752684153
0.084247671695442
0.085623839466105
0.086968401818991
0.088280463132657
0.089559090317950
0.090803316706893
0.092012145863417
0.093184555324205
0.094319500276713
0.095415917180374
0.096472727335933
0.097488840406965
0.098463157896776
0.099394576583060
0.100281991911977
0.101124301352643
0.101920407712371
0.102669222412468
0.103369668723822
0.104020684961043
0.104621227633489
0.105170274551069
0.105666827882359
0.106109917162255
0.106498602246033
0.106831976206464
0.107109168170367
0.107329346090797
0.107491719450855
0.107595541895000
0.107640113783591
0.107624784666304
0.107548955670020
0.107412081796707
0.107213674126837
0.106953301923876
0.106630594635418
0.106245243786614
0.105797004761591
0.105285698468708
0.104711212885597
0.104073504480080
0.103372599503253
0.102608595151171
0.101781660591833
0.100892037854335
0.099940042577349
0.098926064614308
0.097850568492995
0.096714093727466
0.095517254980603
0.094260742075854
0.092945319857079
0.091571827895731
0.090141180044978
0.088654363840687
0.087112439749564
0.085516540265133
0.083867868852560
0.082167698743722
0.080417371584309
0.078618295935073
0.076771945629755
0.074879857992552
0.072943631918377
0.070964925819495
0.068945455442495
0.066886991559888
0.064791357540949
0.062660426806763
0.060496120174735
0.058300403098118
0.056075282806413
0.053822805352767
0.051545052574735
0.049244138975022
0.046922208529043
0.044581431426340
0.042224000753074
0.039852129122987
0.037468045264348
0.035073990570564
0.032672215622172
0.030264976688074
0.027854532213896
0.025443139305383
0.023033050214789
0.020626508838161
0.018225747231419
0.015832982153078
0.013450411641343
0.011080211633251
0.008724532633383
0.006385496439548
0.004065192932625
0.001765676937649
-0.000511034837060
-0.002762966776122
-0.004988187242282
-0.007184811364487
-0.009351003722999
-0.011484980926029
-0.013585014072657
-0.015649431097135
-0.017676618989998
-0.019665025891758
-0.021613163055297
-0.023519606673474
-0.025382999568777
-0.027202052742290
-0.028975546779572
-0.030702333111483
-0.032381335128342
-0.034011549146221
-0.035592045224546
-0.037121967834595
-0.038600536378853
-0.040027045561558
-0.041400865611191
-0.042721442355986
-0.043988297153956
-0.045201026679232
-0.046359302566917
-0.047462870918957
-0.048511551673875
-0.049505237843540
-0.050443894620397
-0.051327558358955
-0.052156335435515
-0.052930400990442
-0.053649997557505
-0.054315433585018
-0.054927081853766
-0.055485377796845
-0.055990817726747
-0.056443956975180
-0.056845407951223
-0.057195838123553
-0.057495967932594
-0.057746568638487
-0.057948460110870
-0.058102508566488
-0.058209624260682
-0.058270759138813
-0.058286904453675
-0.058259088354906
-0.058188373456391
-0.058075854387552
-0.057922655334377
-0.057729927575935
-0.057498847022014
-0.057230611757396
-0.056926439598166
-0.056587565665280
-0.056215239980477
-0.055810725089438
-0.055375293716922
-0.054910226458412
-0.054416809512600
-0.053896332458856
-0.053350086083575
-0.052779360259107
-0.052185441878729
-0.051569612850905
-0.050933148155818
-0.050277313966959
-0.049603365840267
-0.048912546973145
-0.048206086535349
-0.047485198073597
-0.046751077991424
-0.046004904105637
-0.045247834280443
-0.044481005140122
-0.043705530860875
-0.042922502042251
-0.042132984658364
-0.041338019088859
-0.040538619229426
-0.039735771681418
-0.038930435019978
-0.038123539139869
-0.037315984678034
-0.036508642511745
-0.035702353331048
-0.034897927284041
-0.034096143693411
-0.033297750842494
-0.032503465829015
-0.031713974484555
-0.030929931357678
-0.030151959758561
-0.029380651862886
-0.028616568872681
-0.027860241231717
-0.027112168893036
-0.026372821636111
-0.025642639431113
-0.024922032847738
-0.024211383505998
-0.023511044566409
-0.022821341256958
-0.022142571434268
-0.021475006176375
-0.020818890404547
-0.020174443531602
-0.019541860134218
-0.018921310646755
-0.018312942074154
-0.017716878721536
-0.017133222938152
-0.016562055873426
-0.016003438242855
-0.015457411101647
-0.014923996623988
-0.014403198885949
-0.013895004650097
-0.013399384149949
-0.012916291872503
-0.012445667337153
-0.011987435869363
-0.011541509367602
-0.011107787062060
-0.010686156263828
-0.010276493103239
-0.009878663256209
-0.009492522657455
-0.009117918199590
-0.008754688417153
-0.008402664154729
-0.008061669218374
-0.007731521009682
-0.007412031141847
-0.007103006037208
-0.006804247505805
-0.006515553304546
-0.006236717676676
-0.005967531871280
-0.005707784642635
-0.005457262729283
-0.005215751312741
-0.004983034455847
-0.004758895520779
-0.004543117566823
-0.004335483728048
-0.004135777571051
-0.003943783433013
-0.003759286740319
-0.003582074308036
-0.003411934620611
-0.003248658094121
-0.003092037320486
-0.002941867294068
-0.002797945621083
-0.002660072712303
-0.002528051959519
-0.002401689896267
-0.002280796343328
-0.002165184539515
-0.002054671258280
-0.001949076910693
-0.001848225635308
-0.001751945375479
-0.001660067944675
-0.001572429080322
-0.001488868486742
-0.001409229867702
-0.001333360949136
-0.001261113492551
-0.001192343299652
-0.001126910208687
-0.001064678083039
-0.001005514792537
-0.000949292187994
-0.000895886069415
-0.000845176148371
-0.000797046004953
-0.000751383039763
-0.000708078421347
-0.000667027029486
-0.000628127394725
-0.000591281634530
-0.000556395386418
-0.000523377738418
-0.000492141157188
-0.000462601414109
-0.000434677509641
-0.000408291596256
-0.000383368900183
-0.000359837642255
-0.000337628958066
-0.000316676817701
-0.000296917945220
-0.000278291738119
-0.000260740186941
-0.000244207795217
-0.000228641499891
-0.000213990592396
-0.000200206640491
-0.000187243411005
-0.000175056793592
-0.000163604725615
-0.000152847118228
-0.000142745783765
-0.000133264364503
-0.000124368262853
-0.000116024573054
-0.000108202014414
-0.000100870866132
-0.000094002903742
-0.000087571337219
-0.000081550750744
-0.000075917044164
-0.000070647376150
-0.000065720109059
-0.000061114755499
-0.000056811926599
-0.000052793281965
-0.000049041481317
-0.000045540137801
-0.000042273772931
-0.000039227773169
-0.000036388348101
-0.000033742490182
-0.000031277936038
-0.000028983129274
-0.000026847184773
-0.000024859854434
-0.000023011494340
-0.000021293033294
-0.000019695942711
-0.000018212207801
-0.000016834300040
-0.000015555150854
-0.000014368126518
-0.000013267004187
-0.000012245949066
-0.000011299492646
-0.000010422511991
-0.000009610210020
-0.000008858096770
-0.000008161971580
-0.000007517906178
-0.000006922228622
-0.000006371508076
-0.000005862540370
-0.000005392334324
-0.000004958098802
-0.000004557230451
-0.000004187302116
-0.000003846051889
-0.000003531372756
-0.000003241302831
-0.000002974016140
-0.000002727813924
-0.000002501116448
-0.000002292455286
-0.000002100466047
-0.000001923881547
-0.000001761525374
-0.000001612305840
-0.000001475210310
-0.000001349299865
-0.000001233704301
-0.000001127617433
-0.000001030292697
-0.000000941039027
-0.000000859216993
-0.000000784235189
-0.000000715546847
-0.000000652646681
-0.000000595067927
-0.000000542379584
-0.000000494183840
-0.000000450113660
-0.000000409830548
-0.000000373022452
-0.000000339401817
-0.000000308703766
-0.000000280684415
-0.000000255119296
-0.000000231801895
-0.000000210542296
-0.000000191165913
-0.000000173512316
-0.000000157434151
-0.000000142796117
-0.000000129474037
-0.000000117353988
-0.000000106331492
-0.000000096310779
-0.000000087204084
-0.000000078931024
-0.000000071417994
-0.000000064597631
-0.000000058408303
-0.000000052793649
-0.000000047702140
-0.000000043086695
-0.000000038904304
-0.000000035115698
-0.000000031685033
-0.000000028579607
-0.000000025769595
-0.000000023227806
-0.000000020929464
-0.000000018851996
-0.000000016974849
-0.000000015279314
-0.000000013748369
-0.000000012366532
-0.000000011119726
-0.000000009995159
-0.000000008981209
-0.000000008067322
-0.000000007243918
-0.000000006502302
-0.000000005834590
-0.000000005233631
-0.000000004692945
-0.000000004206661
-0.000000003769460
-0.000000003376528
-0.000000003023509
-0.000000002706462
-0.000000002421823
-0.000000002166369
-0.000000001937190
-0.000000001731657
-0.000000001547395
-0.000000001382262
-0.000000001234325
-0.000000001101839
-0.000000000983234
-0.000000000877093
-0.000000000782139
-0.000000000697224
-0.000000000621313
-0.000000000553476
-0.000000000492876
-0.000000000438758
-0.000000000390448
-0.000000000347337
-0.000000000308880
-0.000000000274586
-0.000000000244015
-0.000000000216772
-0.000000000192505
-0.000000000170896
-0.000000000151659
-0.000000000134542
-0.000000000119316
-0.000000000105775
-0.000000000093740
-0.000000000083045
-0.000000000073545
-0.000000000065110
-0.000000000057622
-0.000000000050977
-0.000000000045083
-0.000000000039857
-0.000000000035225
-0.000000000031120
-0.000000000027484
-0.000000000024264
-0.000000000021414
-0.000000000018893
-0.000000000016663
-0.000000000014691
-0.000000000012948
-0.000000000011407
-0.000000000010047
-0.000000000008845
-0.000000000007785
-0.000000000006849
-0.000000000006025
-0.000000000005296
-0.000000000004655
-0.000000000004090
-0.000000000003592
-0.000000000003154
-0.000000000002768
-0.000000000002429
-0.000000000002131
-0.000000000001868
-0.000000000001637
-0.000000000001435
-0.000000000001256
-0.000000000001100
-0.000000000000963
-0.000000000000843
-0.000000000000737
-0.000000000000644
-0.000000000000563
-0.000000000000492
-0.000000000000430
-0.000000000000375
-0.000000000000328
-0.000000000000286
-0.000000000000249
-0.000000000000217
-0.000000000000190
-0.000000000000165
-0.000000000000144
-0.000000000000125
-0.000000000000109
-0.000000000000095
-0.000000000000083
-0.000000000000072
-0.000000000000062
-0.000000000000054
-0.000000000000047
-0.000000000000041
-0.000000000000036
-0.000000000000031
-0.000000000000027
-0.000000000000023
-0.000000000000020
-0.000000000000017
-0.000000000000015
-0.000000000000013
-0.000000000000012
-0.000000000000010
-0.000000000000008
-0.000000000000007
-0.000000000000006
-0.000000000000006
-0.000000000000005
-0.000000000000004
-0.000000000000004
-0.000000000000003
-0.000000000000002
-0.000000000000002
-0.000000000000002
-0.000000000000002
-0.000000000000002
-0.000000000000001
-0.000000000000001
-0.000000000000001
-0.000000000000001
-0.000000000000001
-0.000000000000001
-0.000000000000001
-0.000000000000000
-0.000000000000000
-0.000000000000000
-0.000000000000000
-0.000000000000000
-0.000000000000000
-0.000000000000000
-0.000000000000000
0.000000000000000
-0.000000000000000
-0.000000000000000
0.000000000000001
-0.000000000000000
-0.000000000000000
-0.000000000000000
0.000000000000000
0.000000000000000
0.000000000000000
-0.000000000000000
-0.000000000000000
0.000000000000000
-0.000000000000000
0.000000000000000
0.000000000000000
0.000000000000000
-0.000000000000000
-0.000000000000000
0.000000000000000
-0.000000000000000
0.000000000000000
0.000000000000000
-0.000000000000000
0.000000000000000
-0.000000000000000
-0.000000000000000
0.000000000000000
0.000000000000000
0.000000000000000
-0.000000000000000
-0.000000000000000
0.000000000000000
0.000000000000000
-0.000000000000000
0.000000000000000
0.000000000000000
-0.000000000000000
-0.000000000000000
0.000000000000000
0.000000000000000
0.000000000000000
-0.000000000000000
-0.000000000000000
0.000000000000000
0.000000000000000
0.000000000000000
-0.000000000000000
-0.000000000000000
0.000000000000000
0.000000000000000
0.000000000000000
0.000000000000000
-0.000000000000000
-0.000000000000000
0.000000000000000
-0.000000000000000
-0.000000000000000
0.000000000000000
0.000000000000000
-0.000000000000000
-0.000000000000000
-0.000000000000000
0.000000000000000
0.000000000000000
0.000000000000000
-0.000000000000000
-0.000000000000000
-0.000000000000000
0.000000000000000
0.000000000000000
-0.000000000000000
-0.000000000000000
0.000000000000000
0.000000000000000
0.000000000000000
-0.000000000000000
0.000000000000000
0.000000000000000
0.000000000000000
0.000000000000000
-0.000000000000000
0.000000000000000
0.000000000000000
0.000000000000000
0.000000000000000
-0.000000000000000
0.000000000000000
0.000000000000000
-0.000000000000000
-0.000000000000000
-0.000000000000000
0.000000000000000
0.000000000000000
-0.000000000000000
-0.000000000000000
-0.000000000000000
0.000000000000000
0.000000000000001
0.000000000000000
-0.000000000000000
-0.000000000000000
-0.000000000000000
0.000000000000000
0.000000000000000
0.000000000000000
-0.000000000000000
-0.000000000000000
0.000000000000000
0.000000000000000
0.000000000000000
-0.000000000000000
0.000000000000000
-0.000000000000000
0.000000000000000
-0.000000000000000
0.000000000000000
0.000000000000000
0.000000000000000
-0.000000000000000
-0.000000000000000
-0.000000000000000
0.000000000000000
0.000000000000000
0.000000000000000
-0.000000000000000
-0.000000000000000
-0.000000000000001
0.000000000000000
0.000000000000000
-0.000000000000000
-0.000000000000001
0.000000000000000
0.000000000000000
0.000000000000000
0.000000000000000
-0.000000000000000
-0.000000000000000
-0.000000000000000
0.000000000000000
0.000000000000000
-0.000000000000000
0.000000000000000
0.000000000000000
-0.000000000000000
0.000000000000000
0.000000000000000
0.000000000000000
-0.000000000000000
-0.000000000000000
0.000000000000000
0.000000000000000
-0.000000000000000
0.000000000000000
0.000000000000000
-0.000000000000000
-0.000000000000000
0.000000000000000
0.000000000000000
0.000000000000000
-0.000000000000001
-0.000000000000000
0.000000000000000
0.000000000000000
0.000000000000000
-0.000000000000000
-0.000000000000000
0.000000000000000
-0.000000000000000
0.000000000000000
0.000000000000000
-0.000000000000000
0.000000000000000
-0.000000000000000
-0.000000000000000
-0.000000000000000
0.000000000000000
0.000000000000000
0.000000000000000
-0.000000000000000
-0.000000000000000
-0.000000000000000
0.000000000000000
0.000000000000000
-0.000000000000000
-0.000000000000001
-0.000000000000000
0.000000000000000
0.000000000000000
0.000000000000000
0.000000000000000
-0.000000000000000
-0.000000000000000
0.000000000000000
0.000000000000000
0.000000000000000
-0.000000000000000
-0.000000000000000
0.000000000000000
0.000000000000000
-0.000000000000000
0.000000000000000
-0.000000000000000
-0.000000000000000
0.000000000000000
0.000000000000000
0.000000000000000
-0.000000000000000
0.000000000000000
-0.000000000000000
-0.000000000000000
0.000000000000000
-0.000000000000000
0.000000000000000
-0.000000000000000
-0.000000000000000
0.000000000000000
0.000000000000000
-0.000000000000000
-0.000000000000000
0.000000000000000
0.000000000000000
-0.000000000000000
-0.000000000000000
-0.000000000000000
0.000000000000000
0.000000000000000
-0.000000000000000
0.000000000000000
-0.000000000000000
0.000000000000000
0.000000000000000
-0.000000000000000
-0.000000000000000
0.000000000000000
0.000000000000000
-0.000000000000000
-0.000000000000000
0.000000000000000
0.000000000000000
0.000000000000000
0.000000000000000
-0.000000000000000
-0.000000000000000
-0.000000000000000
0.000000000000000
-0.000000000000000
0.000000000000000
-0.000000000000000
-0.000000000000000
0.000000000000000
0.000000000000000
-0.000000000000000
-0.000000000000000
-0.000000000000000
-0.000000000000000
0.000000000000000
-0.000000000000000
-0.000000000000000
-0.000000000000000
0.000000000000000
0.000000000000000
-0.000000000000000
-0.000000000000000
-0.000000000000000
0.000000000000000
0.000000000000000
-0.000000000000000
0.000000000000000
-0.000000000000000
0.000000000000000
-0.000000000000000
0.000000000000000
-0.000000000000000
0.000000000000000
-0.000000000000000
0.000000000000000
0.000000000000000
-0.000000000000000
-0.000000000000000
0.000000000000000
0.000000000000000
0.000000000000000
-0.000000000000000
-0.000000000000000
0.000000000000000
-0.000000000000000
-0.000000000000000
0.000000000000000
0.000000000000000
-0.000000000000000
0.000000000000000
-0.000000000000000
0.000000000000000
0.000000000000000
0.000000000000000
-0.000000000000000
-0.000000000000000
0.000000000000000
0.000000000000000
-0.000000000000000
0.000000000000000
-0.000000000000000
0.000000000000000
0.000000000000000
0.000000000000000
-0.000000000000000
-0.000000000000000
0.000000000000000
0.000000000000000
-0.000000000000000
0.000000000000000
0.000000000000000
-0.000000000000000
0.000000000000000
0.000000000000000
0.000000000000000
-0.000000000000000
-0.000000000000000
-0.000000000000000
0.000000000000000
-0.000000000000000
-0.000000000000000
-0.000000000000000
-0.000000000000000
0.000000000000001
-0.000000000000000
-0.000000000000000
-0.000000000000000
0.000000000000000
-0.000000000000000
0.000000000000000
-0.000000000000000
0.000000000000000
-0.000000000000000
0.000000000000000
-0.000000000000000
-0.000000000000000
-0.000000000000000
0.000000000000000
-0.000000000000000
0.000000000000000
0.000000000000000
-0.000000000000001
-0.000000000000000
0.000000000000000
0.000000000000000
0.000000000000000
-0.000000000000000
-0.000000000000000
0.000000000000000
0.000000000000000
0.000000000000000
-0.000000000000000
0.000000000000000
0.000000000000000
-0.000000000000000
0.000000000000000
0.000000000000000
-0.000000000000000
0.000000000000000
0.000000000000000
-0.000000000000000
-0.000000000000000
0.000000000000000
0.000000000000000
-0.000000000000000
0.000000000000000
0.000000000000000
-0.000000000000000
-0.000000000000000
0.000000000000000
0.000000000000000
-0.000000000000000
-0.000000000000000
-0.000000000000000
-0.000000000000000
0.000000000000000
0.000000000000000
0.000000000000000
-0.000000000000000
0.000000000000000
-0.000000000000000
-0.000000000000000
0.000000000000000
0.000000000000000
0.000000000000000
-0.000000000000001
-0.000000000000000
0.000000000000001
0.000000000000000
-0.000000000000001
0.000000000000000
0.000000000000000
-0.000000000000001
-0.000000000000000
0.000000000000001
-0.000000000000000
-0.000000000000000
-0.000000000000001
0.000000000000001
-0.000000000000000
0.000000000000000
-0.000000000000000
-0.000000000000000
0.000000000000000
0.000000000000001
-0.000000000000000
-0.000000000000001
0.000000000000000
0.000000000000001
0.000000000000000
-0.000000000000001
0.000000000000000
0.000000000000000
-0.000000000000000
0.000000000000000
0.000000000000000
-0.000000000000000
0.000000000000000
0.000000000000000
0.000000000000000
-0.000000000000000
0.000000000000000
0.000000000000000
-0.000000000000000
0.000000000000000
0.000000000000000
0.000000000000000
-0.000000000000000
-0.000000000000000
0.000000000000000
-0.000000000000000
0.000000000000000
0.000000000000000
-0.000000000000000
0.000000000000000
-0.000000000000000
0.000000000000000
0.000000000000000
-0.000000000000000
-0.000000000000000
-0.000000000000000
0.000000000000000
0.000000000000000
0.000000000000000
-0.000000000000000
-0.000000000000000
0.000000000000000
0.000000000000000
0.000000000000000
0.000000000000000
-0.000000000000000
0.000000000000000
0.000000000000000
0.000000000000001
-0.000000000000000
0.000000000000000
-0.000000000000000
0.000000000000000
-0.000000000000000
0.000000000000000
0.000000000000001
-0.000000000000000
-0.000000000000001
0.000000000000001
0.000000000000000
-0.000000000000000
-0.000000000000000
-0.000000000000000
0.000000000000000
0.000000000000000
-0.000000000000000
0.000000000000000
0.000000000000000
-0.000000000000000
-0.000000000000000
0.000000000000000
-0.000000000000000
0.000000000000000
0.000000000000000
-0.000000000000001
0.000000000000000
0.000000000000000
-0.000000000000000
0.000000000000000
0.000000000000000
-0.000000000000001
0.000000000000000
0.000000000000000
0.000000000000000
-0.000000000000000
-0.000000000000000
0.000000000000000
0.000000000000000
-0.000000000000000
0.000000000000000
0.000000000000000
-0.000000000000000
-0.000000000000000
0.000000000000000
0.000000000000000
-0.000000000000000
0.000000000000000
0.000000000000000
-0.000000000000001
0.000000000000000
-0.000000000000000
0.000000000000000
-0.000000000000001
0.000000000000000
0.000000000000000
0.000000000000000
-0.000000000000001
0.000000000000000
0.000000000000000
0.000000000000000
-0.000000000000001
-0.000000000000000
0.000000000000000
0.000000000000000
-0.000000000000000
0.000000000000000
0.000000000000001
-0.000000000000001
-0.000000000000000
0.000000000000001
0.000000000000000
-0.000000000000000
0.000000000000000
-0.000000000000000
0.000000000000000
-0.000000000000000
-0.000000000000000
0.000000000000000
-0.000000000000000
0.000000000000000
-0.000000000000000
0.000000000000000
-0.000000000000001
-0.000000000000000
0.000000000000000
0.000000000000000
-0.000000000000001
-0.000000000000000
0.000000000000000
0.000000000000000
0.000000000000000
-0.000000000000000
-0.000000000000001
0.000000000000000
-0.000000000000000
0.000000000000001
-0.000000000000000
-0.000000000000000
0.000000000000000
0.000000000000000
0.000000000000001
-0.000000000000000
-0.000000000000000
-0.000000000000000
0.000000000000000
0.000000000000000
0.000000000000000
-0.000000000000001
-0.000000000000000
0.000000000000001
-0.000000000000000
0.000000000000000
-0.000000000000000
-0.000000000000001
0.000000000000000
0.000000000000000
-0.000000000000000
-0.000000000000000
-0.000000000000000
0.000000000000000
-0.000000000000000
0.000000000000000
-0.000000000000000
-0.000000000000000
0.000000000000000
0.000000000000000
-0.000000000000001
0.000000000000001
0.000000000000000
-0.000000000000000
0.000000000000000
-0.000000000000000
0.000000000000000
-0.000000000000000
0.000000000000001
-0.000000000000000
-0.000000000000000
0.000000000000000
-0.000000000000000
0.000000000000001
-0.000000000000000
-0.000000000000000
0.000000000000000
0.000000000000000
-0.000000000000000
-0.000000000000000
0.000000000000000
-0.000000000000000
0.000000000000000
-0.000000000000000
-0.000000000000000
-0.000000000000000
0.000000000000001
-0.000000000000001
0.000000000000001
-0.000000000000000
-0.000000000000000
0.000000000000001
-0.000000000000001
0.000000000000000
-0.000000000000000
0.000000000000000
-0.000000000000000
-0.000000000000000
0.000000000000001
0.000000000000000
-0.000000000000001
0.000000000000000
0.000000000000000
-0.000000000000000
0.000000000000000
0.000000000000000
-0.000000000000000
-0.000000000000000
0.000000000000000
-0.000000000000001
0.000000000000000
-0.000000000000000
0.000000000000000
-0.000000000000001
0.000000000000001
-0.000000000000000
-0.000000000000000
0.000000000000000
0.000000000000001
-0.000000000000001
-0.000000000000000
