0.000000000000002683
0.000000000000008082
0.000000000000020669
0.000000000000049724
0.000000000000117849
0.000000000000275891
0.000000000000633653
0.000000000001430468
0.000000000003172173
0.000000000006908615
0.000000000014808061
0.000000000031241852
0.000000000064863199
0.000000000132488854
0.000000000266224284
0.000000000527089089
0.000000001028452407
0.000000001977302640
0.000000003744901477
0.000000006986275192
0.000000012855538308
0.000000023338772753
0.000000041797397632
0.000000073824635551
0.000000128583279994
0.000000221118274766
0.000000375519522859
0.000000629742191250
0.000001042608742297
0.000001703931508477
0.000002751769688595
0.000004392535978096
0.000006929942219447
0.000010803631265158
0.000016640850443023
0.000025347858156977
0.000038192757591337
0.000056921181814223
0.000083896437358670
0.000122272022509017
0.000176344609674984
0.000251744190691551
0.000355719181109749
0.000497436138034799
0.000688311892999728
0.000943055087448944
0.001279666749041383
0.001719727701158110
0.002288568249863932
0.003015391135444938
0.003935843002101289
0.005090268546640114
0.006523047811066306
0.008281522080608835
0.010414807053881729
0.012979807092338458
0.016034008519932461
0.019632224780635383
0.023822845439161477
0.028644456864525589
0.034139816362067324
0.040338241815011160
0.047249357956016501
0.054857266478603416
0.063116807372514822
0.071983183846833138
0.081381101874099304
0.091198590765814033
0.101283416210519173
0.111444159865932549
0.121501657537635199
0.131246714533606396
0.140438728177456340
0.148809026878773204
0.156070339052441026
0.161984945571306077
0.166316183797775546
0.168832210160477170
0.169314722680614038
0.167572468563446847
0.163505643519172711
0.157057231244246143
0.148215558717406465
0.137020062294927192
0.123568591907953870
0.108053842449595164
0.090721795885695039
0.071866868660734828
0.051828358102662390
0.030986008549575235
0.009759855087718924
-0.011415059256579889
-0.032098807728231538
-0.051856093521432382
-0.070266839340493534
-0.086949346488213758
-0.101562741387460048
-0.113813577675689323
-0.123461842936166438
-0.130327157993128606
-0.134312308462469304
-0.135385820641450688
-0.133579273066303156
-0.128984519638125406
-0.121750816927732861
-0.112094947442041196
-0.100276721509742733
-0.086589870208356845
-0.071353855099635363
-0.054906089189196247
-0.037599310842752538
-0.019784227344064865
-0.001801501465313753
0.016024787478615160
0.033392885513651840
0.050030890230599548
0.065700360598032553
0.080198431357084168
0.093358869718148524
0.105052636614585818
0.115194226146367373
0.123734292649839955
0.130656569342576773
0.135974693685467829
0.139729221785682783
0.141991381165732455
0.142851867210494227
0.142416217441079546
0.140800851278873013
0.138129781041037625
0.134536977914942096
0.130157119481943251
0.125122370912724407
0.119560026688198234
0.113590861025030007
0.107331257159139826
0.100887981636653565
0.094357149585630684
0.087823821692192314
0.081362055010991391
0.075037001012507987
0.068902998454565614
0.063003993028920152
0.057374251201731938
0.052039239600370865
0.047017379416246910
0.042319871896377086
0.037951555384731744
0.033911817653834699
0.030195497558080087
0.026794048595256220
0.023695873086159995
0.020886999948092306
0.018351717976729919
0.016073142315349627
0.014033803514104642
0.012215923748480248
0.010601757312624796
0.009173876565251532
0.007915401402002236
0.006810195773807890
0.005842969074687193
0.004999364617592417
0.004266015364584017
0.003630570516796784
0.003081696329894878
0.002609062117482115
0.002203308572360691
0.001856004502617056
0.001559595051356252
0.001307339914364158
0.001093259943954666
0.000912075751171456
0.000759146149107616
0.000630407851769388
0.000522314478287319
0.000431786476870554
0.000356159860210224
0.000293138421423297
0.000240749746889523
0.000197303592618526
0.000161358120561553
0.000131687416969035
0.000107252382138162
0.000087174871043668
0.000070714212087524
0.000057248273043222
0.000046255999542132
0.000037302185969347
0.000030024285236786
0.000024120784467122
0.000019341879798063
0.000015481146067196
0.000012368423616235
0.000009863779182303
0.000007852307475715
0.000006239983299455
0.000004950049397416
0.000003919985648823
0.000003098978504540
0.000002445784621243
0.000001927036012838
0.000001515795025705
0.000001190360029288
0.000000933282553139
0.000000730551183464
0.000000570948029647
0.000000445509877224
0.000000347088728252
0.000000269994757283
0.000000209704116387
0.000000162629953034
0.000000125933683923
0.000000097372902921
0.000000075179240489
0.000000057959684574
0.000000044619736439
0.000000034300956295
0.000000026331176391
0.000000020184939225
0.000000015451903758
0.000000011812399228
0.000000009017802091
0.000000006875049894
0.000000005234456140
0.000000003980078715
0.000000003022316430
0.000000002292032524
0.000000001735962017
0.000000001313123748
0.000000000992019783
0.000000000748493781
0.000000000564044124
0.000000000424522348
0.000000000319122749
0.000000000239600305
0.000000000179677369
0.000000000134579973
0.000000000100681481
0.000000000075233917
0.000000000056153183
0.000000000041862474
0.000000000031172976
0.000000000023186984
0.000000000017227720
0.000000000012785563
0.000000000009477748
0.000000000007018351
0.000000000005191772
0.000000000003836437
0.000000000002831364
0.000000000002087470
0.000000000001537847
0.000000000001131434
0.000000000000831500
0.000000000000610612
0.000000000000447833
0.000000000000328366
0.000000000000240219
0.000000000000175492
0.000000000000128623
0.000000000000093445
0.000000000000068226
0.000000000000049894
0.000000000000036186
0.000000000000026662
0.000000000000018621
0.000000000000013752
0.000000000000010460
0.000000000000007203
0.000000000000005360
0.000000000000003840
0.000000000000002472
0.000000000000001965
0.000000000000001635
0.000000000000001229
0.000000000000000689
0.000000000000000452
0.000000000000000216
0.000000000000000420
0.000000000000000169
0.000000000000000306
0.000000000000000110
-0.000000000000000281
0.000000000000000227
0.000000000000000202
-0.000000000000000046
-0.000000000000000020
0.000000000000000014
0.000000000000000008
-0.000000000000000008
0.000000000000000196
-0.000000000000000206
-0.000000000000000070
0.000000000000000153
0.000000000000000107
0.000000000000000014
-0.000000000000000363
0.000000000000000035
0.000000000000000143
0.000000000000000222
-0.000000000000000321
0.000000000000000216
-0.000000000000000299
-0.000000000000000009
0.000000000000000527
-0.000000000000000063
-0.000000000000000048
-0.000000000000000668
0.000000000000000014
0.000000000000000447
0.000000000000000444
-0.000000000000000423
-0.000000000000000560
-0.000000000000000127
0.000000000000000476
0.000000000000000651
-0.000000000000000462
-0.000000000000000091
-0.000000000000000396
0.000000000000000325
0.000000000000000361
-0.000000000000000018
-0.000000000000000483
-0.000000000000000237
0.000000000000000211
0.000000000000000412
0.000000000000000190
-0.000000000000000591
-0.000000000000000096
0.000000000000000027
0.000000000000000454
0.000000000000000195
-0.000000000000000690
0.000000000000000011
0.000000000000000048
0.000000000000000518
-0.000000000000000082
-0.000000000000000208
-0.000000000000000272
0.000000000000000156
0.000000000000000284
0.000000000000000095
-0.000000000000000470
-0.000000000000000000
0.000000000000000436
-0.000000000000000150
-0.000000000000000107
0.000000000000000026
0.000000000000000160
-0.000000000000000203
0.000000000000000068
0.000000000000000280
-0.000000000000000222
-0.000000000000000288
0.000000000000000279
0.000000000000000300
-0.000000000000000156
-0.000000000000000228
0.000000000000000126
-0.000000000000000058
0.000000000000000307
-0.000000000000000114
-0.000000000000000226
0.000000000000000097
0.000000000000000005
0.000000000000000298
-0.000000000000000086
-0.000000000000000362
0.000000000000000033
0.000000000000000300
-0.000000000000000149
-0.000000000000000150
0.000000000000000004
0.000000000000000332
-0.000000000000000218
0.000000000000000218
-0.000000000000000413
0.000000000000000107
0.000000000000000438
-0.000000000000000568
0.000000000000000139
-0.000000000000000159
0.000000000000000229
-0.000000000000000412
0.000000000000000343
-0.000000000000000131
0.000000000000000161
-0.000000000000000274
-0.000000000000000073
0.000000000000000325
0.000000000000000131
-0.000000000000000449
0.000000000000000187
0.000000000000000029
0.000000000000000180
-0.000000000000000117
-0.000000000000000115
0.000000000000000160
-0.000000000000000460
0.000000000000000507
-0.000000000000000350
0.000000000000000295
-0.000000000000000419
0.000000000000000208
-0.000000000000000022
0.000000000000000114
0.000000000000000187
-0.000000000000000440
-0.000000000000000017
0.000000000000000246
0.000000000000000236
-0.000000000000000467
0.000000000000000049
0.000000000000000180
0.000000000000000051
-0.000000000000000148
0.000000000000000103
-0.000000000000000241
-0.000000000000000100
0.000000000000000792
-0.000000000000000780
0.000000000000000178
0.000000000000000422
-0.000000000000000401
-0.000000000000000131
0.000000000000000487
0.000000000000000152
-0.000000000000000812
0.000000000000000312
0.000000000000000259
-0.000000000000000144
-0.000000000000000268
0.000000000000000181
-0.000000000000000067
-0.000000000000000032
0.000000000000000247
-0.000000000000000305
0.000000000000000011
0.000000000000000210
-0.000000000000000045
-0.000000000000000178
0.000000000000000218
-0.000000000000000281
0.000000000000000327
-0.000000000000000460
0.000000000000000352
-0.000000000000000350
0.000000000000000338
-0.000000000000000008
-0.000000000000000356
0.000000000000000281
0.000000000000000135
-0.000000000000000270
0.000000000000000015
0.000000000000000319
-0.000000000000000312
0.000000000000000340
-0.000000000000000201
-0.000000000000000081
0.000000000000000212
-0.000000000000000097
0.000000000000000047
0.000000000000000004
0.000000000000000096
0.000000000000000151
-0.000000000000000304
0.000000000000000214
-0.000000000000000198
0.000000000000000316
-0.000000000000000014
-0.000000000000000578
0.000000000000000301
0.000000000000000443
-0.000000000000000361
-0.000000000000000143
0.000000000000000331
0.000000000000000134
-0.000000000000000274
0.000000000000000042
0.000000000000000073
0.000000000000000168
-0.000000000000000208
0.000000000000000014
-0.000000000000000212
0.000000000000000338
-0.000000000000000135
-0.000000000000000063
0.000000000000000162
-0.000000000000000204
0.000000000000000229
-0.000000000000000386
0.000000000000000144
0.000000000000000059
0.000000000000000062
-0.000000000000000275
0.000000000000000147
0.000000000000000261
-0.000000000000000121
-0.000000000000000167
-0.000000000000000288
0.000000000000000559
-0.000000000000000295
0.000000000000000064
0.000000000000000095
-0.000000000000000323
0.000000000000000096
0.000000000000000002
0.000000000000000021
-0.000000000000000018
-0.000000000000000288
-0.000000000000000093
0.000000000000000507
-0.000000000000000528
-0.000000000000000136
-0.000000000000000074
0.000000000000000204
