-0.000000000000000570
-0.000000000000001854
-0.000000000000005119
-0.000000000000013195
-0.000000000000032395
-0.000000000000076605
-0.000000000000176772
-0.000000000000400440
-0.000000000000892093
-0.000000000001953466
-0.000000000004210564
-0.000000000008933605
-0.000000000018653674
-0.000000000038323605
-0.000000000077465974
-0.000000000154305088
-0.000000000302947068
-0.000000000586134454
-0.000000001117287918
-0.000000002098138732
-0.000000003886918195
-0.000000007105301628
-0.000000012814685600
-0.000000022797262500
-0.000000040000145449
-0.000000069305984293
-0.000000118609929620
-0.000000200479245219
-0.000000334599893434
-0.000000551365115519
-0.000000897982867270
-0.000001445861403671
-0.000002301364804464
-0.000003620460935222
-0.000005628694546352
-0.000008655926567835
-0.000013170329325379
-0.000019826186598659
-0.000029523658738269
-0.000043484453657006
-0.000063397478885680
-0.000091515975505428
-0.000130798043459782
-0.000185064525709979
-0.000259183355288532
-0.000359537900107411
-0.000494133056555311
-0.000672830007549680
-0.000907560792297260
-0.001212551745595763
-0.001605558940321607
-0.002107437137985843
-0.002742153418818298
-0.003536646689104340
-0.004520649031659847
-0.005729628367796112
-0.007202122827195237
-0.008978679829871487
-0.011100484891826159
-0.013608050554723654
-0.016547996108893199
-0.019965071867895007
-0.023899108641827208
-0.028381823403934556
-0.033434321811129881
-0.039081846990354371
-0.045337108967798252
-0.052195552716453195
-0.059631369661429026
-0.067595601199126984
-0.076044182477886788
-0.084910830013998642
-0.094102731609958329
-0.103498466573039613
-0.112949657260798933
-0.122324843417824888
-0.131472932456572100
-0.140221480308676788
-0.148378480697682891
-0.155738685703480484
-0.162138185721346528
-0.167411787057240025
-0.171393524030073657
-0.173920972990896761
-0.174843442445691111
-0.174074395071854543
-0.171547846075229243
-0.167218258019935589
-0.161063584311349484
-0.153090602987377117
-0.143371508170369227
-0.132005906033220904
-0.119117938880954705
-0.104855610798735913
-0.089390946024540605
-0.072934686044686031
-0.055710658418700147
-0.037951203099125502
-0.019894007853047908
-0.001778978827083041
0.016155045949428321
0.033679603142367620
0.050579717806955721
0.066656305794953019
0.081728896741824347
0.095647797194331266
0.108288471084196411
0.119551143052067863
0.129360448122437521
0.137665685672672039
0.144453997457794636
0.149735915974168854
0.153542124118573903
0.155920959110355611
0.156936785566806070
0.156680530877251978
0.155253683101488210
0.152764481342381492
0.149325222619082459
0.145050522061652365
0.140064839675806879
0.134489926789858188
0.128442304074994018
0.122031803189795229
0.115360893323414426
0.108529984917294334
0.101629862103459173
0.094740907986122475
0.087933064368520650
0.081266264668377206
0.074794164991341491
0.068560638751416117
0.062600165525870777
0.056938585063574861
0.051594035301688081
0.046579434775493450
0.041901323913847086
0.037560611010694724
0.033553426366979083
0.029871986527632750
0.026506055000821430
0.023442746240364465
0.020667120221990985
0.018162766671948147
0.015912338161095503
0.013898260018019285
0.012102759455527981
0.010508168068096220
0.009097187702318746
0.007853108153455307
0.006760056604891867
0.005802999898960273
0.004967822930474025
0.004241381777203460
0.003611530743999763
0.003067148036810808
0.002598087753761816
0.002195148657157539
0.001850033730924802
0.001555301818420947
0.001304317447973789
0.001091187552460508
0.000910702327145853
0.000758276398265464
0.000629891106738375
0.000522038517954937
0.000431668936248516
0.000356141139870549
0.000293176074559039
0.000240814145237629
0.000197375497112107
0.000161425744171737
0.000131744142071575
0.000107295063851188
0.000087202616099605
0.000070727776460659
0.000057249343035405
0.000046246681962129
0.000037284672726853
0.000030000649958848
0.000024092942728012
0.000019311505335331
0.000015449631888584
0.000012336877423928
0.000009833041418078
0.000007823000458163
0.000006212537946410
0.000004924734182005
0.000003896936217203
0.000003078226091035
0.000002427286418834
0.000001910695158381
0.000001501477309572
0.000001177907730540
0.000000922525600742
0.000000721316964025
0.000000563067336996
0.000000438821100219
0.000000341440668684
0.000000265248357360
0.000000205733585112
0.000000159322842993
0.000000123190500096
0.000000095106417504
0.000000073313611343
0.000000056429527436
0.000000043369062633
0.000000033282117037
0.000000025503853616
0.000000019515200934
0.000000014911350879
0.000000011377374403
0.000000008668684473
0.000000006595636905
0.000000005011419211
0.000000003802499454
0.000000002881283558
0.000000002180297611
0.000000001647648139
0.000000001243482865
0.000000000937228344
0.000000000705480400
0.000000000530350260
0.000000000398184376
0.000000000298577009
0.000000000223605806
0.000000000167250585
0.000000000124943832
0.000000000093223996
0.000000000069472999
0.000000000051710615
0.000000000038443525
0.000000000028546201
0.000000000021172302
0.000000000015685181
0.000000000011606503
0.000000000008578264
0.000000000006332744
0.000000000004670329
0.000000000003440482
0.000000000002531434
0.000000000001860228
0.000000000001366076
0.000000000001001663
0.000000000000733872
0.000000000000537129
0.000000000000392646
0.000000000000286824
0.000000000000209111
0.000000000000152354
0.000000000000110973
0.000000000000080815
0.000000000000058593
0.000000000000042524
0.000000000000030954
0.000000000000022343
0.000000000000016107
0.000000000000011744
0.000000000000008455
0.000000000000006125
0.000000000000004276
0.000000000000003216
0.000000000000002362
0.000000000000001692
0.000000000000001038
0.000000000000000716
0.000000000000000715
0.000000000000000598
0.000000000000000274
0.000000000000000180
0.000000000000000115
-0.000000000000000110
0.000000000000000288
0.000000000000000266
-0.000000000000000114
-0.000000000000000146
-0.000000000000000106
0.000000000000000062
0.000000000000000329
-0.000000000000000007
-0.000000000000000144
-0.000000000000000186
0.000000000000000090
0.000000000000000364
-0.000000000000000060
-0.000000000000000140
-0.000000000000000167
0.000000000000000111
0.000000000000000280
-0.000000000000000102
-0.000000000000000020
-0.000000000000000177
0.000000000000000044
0.000000000000000174
0.000000000000000137
-0.000000000000000253
-0.000000000000000095
0.000000000000000184
-0.000000000000000050
0.000000000000000145
-0.000000000000000148
0.000000000000000170
-0.000000000000000343
0.000000000000000387
-0.000000000000000017
-0.000000000000000027
-0.000000000000000299
0.000000000000000189
0.000000000000000059
0.000000000000000214
-0.000000000000000265
0.000000000000000014
-0.000000000000000041
0.000000000000000050
0.000000000000000248
-0.000000000000000201
-0.000000000000000191
0.000000000000000138
0.000000000000000035
0.000000000000000139
-0.000000000000000258
-0.000000000000000049
0.000000000000000145
0.000000000000000010
0.000000000000000035
-0.000000000000000016
-0.000000000000000043
-0.000000000000000126
0.000000000000000110
0.000000000000000083
-0.000000000000000013
-0.000000000000000110
0.000000000000000004
0.000000000000000136
0.000000000000000115
-0.000000000000000039
-0.000000000000000191
0.000000000000000141
0.000000000000000051
-0.000000000000000069
-0.000000000000000068
-0.000000000000000025
0.000000000000000230
-0.000000000000000048
-0.000000000000000154
-0.000000000000000083
0.000000000000000258
-0.000000000000000044
-0.000000000000000119
0.000000000000000067
0.000000000000000042
0.000000000000000032
-0.000000000000000020
-0.000000000000000028
-0.000000000000000007
0.000000000000000060
-0.000000000000000039
-0.000000000000000044
-0.000000000000000032
0.000000000000000004
-0.000000000000000066
0.000000000000000101
0.000000000000000100
-0.000000000000000283
0.000000000000000039
0.000000000000000057
0.000000000000000046
-0.000000000000000029
0.000000000000000036
-0.000000000000000118
0.000000000000000108
0.000000000000000105
-0.000000000000000046
-0.000000000000000030
-0.000000000000000013
0.000000000000000090
-0.000000000000000109
0.000000000000000072
0.000000000000000010
-0.000000000000000218
0.000000000000000298
0.000000000000000105
-0.000000000000000108
-0.000000000000000158
0.000000000000000243
-0.000000000000000071
0.000000000000000145
-0.000000000000000211
-0.000000000000000082
0.000000000000000245
0.000000000000000121
-0.000000000000000219
-0.000000000000000072
0.000000000000000174
0.000000000000000131
-0.000000000000000026
-0.000000000000000235
-0.000000000000000008
0.000000000000000366
-0.000000000000000049
-0.000000000000000396
0.000000000000000132
0.000000000000000097
0.000000000000000155
-0.000000000000000280
-0.000000000000000024
0.000000000000000078
0.000000000000000121
0.000000000000000083
-0.000000000000000192
0.000000000000000056
0.000000000000000056
0.000000000000000018
-0.000000000000000141
0.000000000000000091
0.000000000000000127
-0.000000000000000012
-0.000000000000000168
0.000000000000000171
0.000000000000000096
-0.000000000000000256
0.000000000000000083
0.000000000000000068
-0.000000000000000105
0.000000000000000062
0.000000000000000055
-0.000000000000000046
-0.000000000000000026
0.000000000000000099
-0.000000000000000043
0.000000000000000000
0.000000000000000039
0.000000000000000095
0.000000000000000038
-0.000000000000000138
0.000000000000000010
0.000000000000000098
0.000000000000000063
0.000000000000000037
-0.000000000000000201
0.000000000000000065
0.000000000000000331
-0.000000000000000233
-0.000000000000000313
0.000000000000000138
0.000000000000000302
-0.000000000000000161
-0.000000000000000295
0.000000000000000110
0.000000000000000251
-0.000000000000000045
-0.000000000000000302
0.000000000000000005
0.000000000000000394
-0.000000000000000182
-0.000000000000000333
0.000000000000000336
-0.000000000000000008
-0.000000000000000090
-0.000000000000000036
-0.000000000000000186
0.000000000000000263
0.000000000000000069
-0.000000000000000275
0.000000000000000069
0.000000000000000124
-0.000000000000000030
-0.000000000000000041
0.000000000000000062
-0.000000000000000130
-0.000000000000000028
0.000000000000000208
-0.000000000000000248
-0.000000000000000075
0.000000000000000194
-0.000000000000000143
-0.000000000000000206
0.000000000000000061
0.000000000000000116
0.000000000000000011
-0.000000000000000045
-0.000000000000000085
-0.000000000000000028
0.000000000000000207
-0.000000000000000016
-0.000000000000000297
-0.000000000000000156
0.000000000000000283
0.000000000000000213
-0.000000000000000298
-0.000000000000000327
0.000000000000000338
0.000000000000000179
-0.000000000000000096
-0.000000000000000351
0.000000000000000106
0.000000000000000313
-0.000000000000000204
-0.000000000000000201
0.000000000000000309
0.000000000000000173
-0.000000000000000276
0.000000000000000009
0.000000000000000226
-0.000000000000000041
-0.000000000000000399
0.000000000000000221
0.000000000000000138
0.000000000000000092
-0.000000000000000391
0.000000000000000052
0.000000000000000291
0.000000000000000060
-0.000000000000000341
-0.000000000000000005
0.000000000000000134
0.000000000000000019
