0.000000000000000142
0.000000000000000644
0.000000000000001322
0.000000000000002623
0.000000000000006263
0.000000000000015093
0.000000000000035060
0.000000000000079298
0.000000000000177194
0.000000000000390755
0.000000000000847865
0.000000000001809483
0.000000000003800958
0.000000000007856288
0.000000000015979119
0.000000000032031385
0.000000000063294641
0.000000000123269775
0.000000000236560284
0.000000000447292892
0.000000000834462455
0.000000001536346933
0.000000002791158039
0.000000005002613754
0.000000008844761571
0.000000015444652246
0.000000026643037066
0.000000045400643588
0.000000076405894764
0.000000126979163150
0.000000208611324422
0.000000338889335049
0.000000544333745698
0.000000864338260249
0.000001356640983651
0.000002106722702114
0.000003237627768872
0.000004923893370040
0.000007409458398146
0.000011030913629932
0.000016260281345911
0.000023738350889347
0.000034322178259786
0.000049141107019677
0.000069664748365468
0.000097853308769220
0.000136220678818795
0.000187940630026086
0.000256958009493583
0.000348114557934693
0.000467578630997719
0.000622823696701268
0.000822746574432652
0.001077755984490401
0.001399865611649855
0.001803767925023696
0.002306229752735623
0.002925973360618520
0.003683455660986407
0.004600659176766659
0.005703598738087191
0.007019953392769041
0.008578244994706819
0.010406882162965989
0.012533362322343495
0.014989819501746840
0.017807037201366088
0.021012558332296209
0.024628838920802015
0.028672013901794163
0.033163099681072936
0.038116390391092519
0.043536700397869436
0.049417169926285913
0.055738473565299200
0.062488537200145050
0.069643959489092425
0.077167173132530173
0.085004939430608134
0.093089125166658349
0.101366187197672555
0.109771440194877556
0.118226832868376208
0.126640788511377222
0.134910910712619125
0.142961202432637546
0.150710363550406734
0.158070109239209222
0.164945988782845998
0.171241145998134753
0.176896171108499312
0.181853973518315809
0.186057957321300621
0.189452791051704122
0.191987788020731298
0.193653520101361665
0.194446886093769311
0.194368676064756385
0.193423580669252526
0.191622315676401117
0.189010980500761011
0.185640153971539185
0.181562133821094179
0.176830319535894787
0.171500216118814802
0.165650456138545427
0.159358717971904679
0.152699402933327955
0.145743038624333132
0.138556849126127063
0.131218580331989965
0.123800121254870998
0.116366188802531231
0.108974248795161113
0.101675189878538227
0.094521906746619255
0.087559658254185505
0.080825772759305831
0.074350110992568080
0.068155933267351226
0.062265004628613535
0.056692722124641715
0.051448438469696864
0.046536164307010366
0.041955428114158894
0.037704160429389455
0.033776591210538449
0.030163731479556002
0.026853995554198241
0.023833845788315287
0.021089290001687317
0.018605094446445987
0.016365144485719491
0.014352832206124700
0.012551417786608553
0.010944703354533094
0.009516748064106965
0.008252038297834120
0.007135649248542297
0.006153378283017744
0.005291977152544299
0.004539018956128175
0.003882927482202201
0.003312996711966340
0.002819394918769293
0.002393196950275223
0.002026293744109911
0.001711355687890748
0.001441792962827411
0.001211711785730120
0.001015879874625781
0.000849658363618468
0.000708951880782116
0.000590160366337874
0.000490132454082653
0.000406123738762623
0.000335749880118898
0.000276946896514140
0.000227934608983461
0.000187183067984285
0.000153382387135416
0.000125414287551992
0.000102327145322211
0.000083313728024417
0.000067691408677732
0.000054884645499750
0.000044409660406993
0.000035860990029328
0.000028899773182944
0.000023243594433478
0.000018657650876680
0.000014947326438491
0.000011951742010782
0.000009538249869666
0.000007597754048480
0.000006040711936398
0.000004793852454693
0.000003797365890724
0.000003002546210087
0.000002369820949481
0.000001867095559027
0.000001468416720737
0.000001152844871500
0.000000903522568837
0.000000706907586585
0.000000552138151224
0.000000430526924093
0.000000335140407215
0.000000260456131287
0.000000202084220671
0.000000156540123293
0.000000121065334382
0.000000093480448506
0.000000072066862610
0.000000055471865974
0.000000042632146958
0.000000032714013475
0.000000025065026668
0.000000019175507322
0.000000014647993710
0.000000011172915958
0.000000008509743251
0.000000006471919524
0.000000004914991285
0.000000003727291204
0.000000002822597310
0.000000002134488072
0.000000001611879082
0.000000001215544794
0.000000000915412823
0.000000000688453443
0.000000000517067683
0.000000000387828019
0.000000000290506480
0.000000000217322865
0.000000000162364900
0.000000000121148201
0.000000000090278997
0.000000000067189491
0.000000000049943093
0.000000000037077376
0.000000000027491886
0.000000000020359685
0.000000000015058799
0.000000000011125024
0.000000000008209540
0.000000000006050310
0.000000000004453773
0.000000000003274691
0.000000000002405532
0.000000000001764706
0.000000000001292809
0.000000000000945969
0.000000000000691727
0.000000000000505676
0.000000000000368709
0.000000000000268690
0.000000000000195404
0.000000000000141874
0.000000000000103334
0.000000000000074992
0.000000000000054466
0.000000000000039407
0.000000000000028203
0.000000000000020399
0.000000000000014900
0.000000000000010694
0.000000000000007764
0.000000000000005713
0.000000000000003795
0.000000000000002675
0.000000000000001889
0.000000000000001652
0.000000000000001271
0.000000000000000980
0.000000000000000280
0.000000000000000151
0.000000000000000265
0.000000000000000385
0.000000000000000275
0.000000000000000027
-0.000000000000000005
-0.000000000000000359
0.000000000000000215
0.000000000000000240
0.000000000000000421
-0.000000000000000571
-0.000000000000000264
0.000000000000000068
0.000000000000000081
0.000000000000000558
-0.000000000000000391
-0.000000000000000091
-0.000000000000000096
0.000000000000000096
0.000000000000000267
-0.000000000000000201
-0.000000000000000037
0.000000000000000030
-0.000000000000000053
-0.000000000000000029
0.000000000000000245
-0.000000000000000001
-0.000000000000000077
-0.000000000000000052
0.000000000000000016
0.000000000000000173
-0.000000000000000080
-0.000000000000000042
-0.000000000000000010
-0.000000000000000260
0.000000000000000253
-0.000000000000000032
-0.000000000000000329
0.000000000000000187
-0.000000000000000078
0.000000000000000032
-0.000000000000000063
0.000000000000000183
-0.000000000000000106
-0.000000000000000092
0.000000000000000003
0.000000000000000200
0.000000000000000055
-0.000000000000000270
-0.000000000000000038
0.000000000000000125
0.000000000000000369
-0.000000000000000409
0.000000000000000108
0.000000000000000071
-0.000000000000000159
0.000000000000000090
0.000000000000000221
-0.000000000000000133
-0.000000000000000215
0.000000000000000136
0.000000000000000035
0.000000000000000223
-0.000000000000000375
0.000000000000000007
0.000000000000000245
-0.000000000000000161
0.000000000000000085
-0.000000000000000182
0.000000000000000171
-0.000000000000000134
0.000000000000000034
-0.000000000000000138
0.000000000000000265
-0.000000000000000123
0.000000000000000110
-0.000000000000000261
0.000000000000000317
-0.000000000000000138
0.000000000000000064
-0.000000000000000195
0.000000000000000184
-0.000000000000000196
0.000000000000000242
-0.000000000000000050
-0.000000000000000231
0.000000000000000052
0.000000000000000084
-0.000000000000000156
-0.000000000000000041
0.000000000000000141
-0.000000000000000143
0.000000000000000103
0.000000000000000002
0.000000000000000057
0.000000000000000039
-0.000000000000000016
0.000000000000000188
-0.000000000000000045
-0.000000000000000130
-0.000000000000000271
0.000000000000000661
-0.000000000000000316
-0.000000000000000312
0.000000000000000068
0.000000000000000296
-0.000000000000000323
0.000000000000000279
-0.000000000000000189
-0.000000000000000175
0.000000000000000327
0.000000000000000004
-0.000000000000000089
0.000000000000000074
-0.000000000000000030
-0.000000000000000031
0.000000000000000182
-0.000000000000000018
-0.000000000000000438
0.000000000000000441
-0.000000000000000090
-0.000000000000000076
0.000000000000000196
-0.000000000000000350
0.000000000000000205
0.000000000000000121
-0.000000000000000109
-0.000000000000000143
0.000000000000000059
0.000000000000000250
-0.000000000000000381
0.000000000000000163
0.000000000000000143
0.000000000000000152
-0.000000000000000458
0.000000000000000022
0.000000000000000593
-0.000000000000000248
-0.000000000000000106
0.000000000000000205
-0.000000000000000163
-0.000000000000000030
0.000000000000000141
0.000000000000000077
-0.000000000000000423
0.000000000000000318
0.000000000000000089
-0.000000000000000295
0.000000000000000207
-0.000000000000000154
-0.000000000000000002
0.000000000000000139
-0.000000000000000258
-0.000000000000000030
0.000000000000000439
-0.000000000000000211
-0.000000000000000284
0.000000000000000002
0.000000000000000386
-0.000000000000000268
-0.000000000000000136
0.000000000000000126
-0.000000000000000066
-0.000000000000000028
-0.000000000000000131
0.000000000000000394
-0.000000000000000144
-0.000000000000000513
0.000000000000000663
-0.000000000000000189
-0.000000000000000504
0.000000000000000299
0.000000000000000056
-0.000000000000000038
-0.000000000000000347
0.000000000000000670
-0.000000000000000780
0.000000000000000544
0.000000000000000032
-0.000000000000000093
0.000000000000000233
0.000000000000000144
-0.000000000000000473
0.000000000000000145
0.000000000000000278
-0.000000000000000342
0.000000000000000258
-0.000000000000000385
0.000000000000000467
-0.000000000000000162
0.000000000000000417
-0.000000000000000877
0.000000000000000497
-0.000000000000000010
0.000000000000000030
0.000000000000000185
-0.000000000000000313
0.000000000000000427
0.000000000000000021
-0.000000000000000206
0.000000000000000379
-0.000000000000000063
-0.000000000000000045
-0.000000000000000005
0.000000000000000028
0.000000000000000165
-0.000000000000000323
0.000000000000000419
-0.000000000000000345
0.000000000000000306
-0.000000000000000410
0.000000000000000568
-0.000000000000000385
-0.000000000000000199
0.000000000000000144
0.000000000000000101
0.000000000000000101
-0.000000000000000342
-0.000000000000000152
0.000000000000000698
-0.000000000000000549
-0.000000000000000252
0.000000000000000396
0.000000000000000240
-0.000000000000000219
-0.000000000000000472
0.000000000000000361
0.000000000000000280
-0.000000000000000107
-0.000000000000000636
0.000000000000000053
0.000000000000000792
-0.000000000000000323
-0.000000000000000801
0.000000000000000591
0.000000000000000115
-0.000000000000000300
0.000000000000000149
0.000000000000000025
0.000000000000000349
-0.000000000000000000
-0.000000000000000417
0.000000000000000336
0.000000000000000226
-0.000000000000000401
0.000000000000000283
-0.000000000000000201
0.000000000000000274
-0.000000000000000348
-0.000000000000000037
0.000000000000000341
-0.000000000000000227
-0.000000000000000377
0.000000000000000733
-0.000000000000000114
-0.000000000000000153
0.000000000000000458
-0.000000000000000756
0.000000000000000430
0.000000000000000261
-0.000000000000000435
