0.000000000000000785
0.000000000000001832
0.000000000000004779
0.000000000000012659
0.000000000000030878
0.000000000000072366
0.000000000000167080
0.000000000000379377
0.000000000000845900
0.000000000001853191
0.000000000003997402
0.000000000008487788
0.000000000017736492
0.000000000036467809
0.000000000073771445
0.000000000147056278
0.000000000288930329
0.000000000559430203
0.000000001067172000
0.000000002005497919
0.000000003718002929
0.000000006801436724
0.000000012275452573
0.000000021853525207
0.000000038371411250
0.000000066530744590
0.000000113939958418
0.000000192719544114
0.000000321870855937
0.000000530753817343
0.000000865004329156
0.000001393707252215
0.000002219848534132
0.000003494565745326
0.000005436598514976
0.000008366081750494
0.000012737750775709
0.000019187637526011
0.000028591535562557
0.000042139107799401
0.000061476106347247
0.000088800060433487
0.000126998479378501
0.000179804456464760
0.000251978613410631
0.000349767853581674
0.000481013238513390
0.000655383723723153
0.000884591156402100
0.001182614838527060
0.001566913952028394
0.002058017247660562
0.002679546305270808
0.003458088431398245
0.004423032118017953
0.005609455744009497
0.007055533422500085
0.008801506205892672
0.010888345812161299
0.013356473264390030
0.016252413708994818
0.019620976373474774
0.023502253838672348
0.027928469878892165
0.032921503020055969
0.038507381484912145
0.044699858202065776
0.051495712559329547
0.058870769690662933
0.066777972252806114
0.075175019562685033
0.083997556593934000
0.093154847881694966
0.102527643780570971
0.111969735873606341
0.121351367066513074
0.130522986074997793
0.139313479397619816
0.147531880782605207
0.154973591373105679
0.161474634690907032
0.166869288434177976
0.170990578154773337
0.173674562152961898
0.174768502024676309
0.174183268054292489
0.171849881336589905
0.167719456339755491
0.161766297058574454
0.153993308388185673
0.144468870387776005
0.133288803951466001
0.120573566049900896
0.106467655142484727
0.091139870058279490
0.074798408765369251
0.057665015622167755
0.039970426431792570
0.021951231321239141
0.003846784234973584
-0.014103761875079217
-0.031671100714472364
-0.048638944946524140
-0.064806473825236646
-0.079991092340359657
-0.094040434966517969
-0.106827067835836273
-0.118248181737545741
-0.128225312241292771
-0.136704652798633558
-0.143670197641814296
-0.149129485521561023
-0.153110417016093292
-0.155658797552152811
-0.156836739189194052
-0.156733209614985936
-0.155448076634071869
-0.153088300071118538
-0.149765229946162093
-0.145592853650017812
-0.140695338847495605
-0.135194429253305909
-0.129206888081608573
-0.122843004965783043
-0.116205890321922287
-0.109396789322032437
-0.102507436572450816
-0.095619243881498964
-0.088803228292706343
-0.082120419226248603
-0.075625600384958594
-0.069363744750212786
-0.063370382366762651
-0.057672339754114538
-0.052288668647147145
-0.047233143011642907
-0.042513070389298614
-0.038130034149118794
-0.034080748060023251
-0.030357923852413808
-0.026951747536960887
-0.023849674906260464
-0.021037031541674894
-0.018497604045379611
-0.016214180878326712
-0.014169274832815205
-0.012345153202082616
-0.010724147097007631
-0.009288924178496041
-0.008022712878590956
-0.006909559571225327
-0.005934333653231432
-0.005082810489432757
-0.004341728650531832
-0.003698820518015486
-0.003142841483121845
-0.002663523625127481
-0.002251546420068085
-0.001898497850959428
-0.001596827222832590
-0.001339795931684597
-0.001121414582611134
-0.000936384149518892
-0.000780037254440508
-0.000648280399146505
-0.000537537785595735
-0.000444698566205163
-0.000367066730120749
-0.000302314398465704
-0.000248438686327282
-0.000203721517677000
-0.000166694942596536
-0.000136108873625338
-0.000110902138542165
-0.000090176693798773
-0.000073174369764072
-0.000059257492524666
-0.000047891310007108
-0.000038628643319892
-0.000031096562507799
-0.000024984680121912
-0.000020035580658284
-0.000016036346962861
-0.000012811315094159
-0.000010215912074343
-0.000008131358606393
-0.000006460393439050
-0.000005123568436130
-0.000004056136557139
-0.000003205449964783
-0.000002528764751267
-0.000001991486777704
-0.000001565680453634
-0.000001228835298070
-0.000000962849934710
-0.000000753188747535
-0.000000588213844580
-0.000000458626743750
-0.000000357012835530
-0.000000277471090455
-0.000000215311108928
-0.000000166815056717
-0.000000129041717296
-0.000000099668568398
-0.000000076864933591
-0.000000059189553992
-0.000000045510695937
-0.000000034941291030
-0.000000026787252041
-0.000000020506404206
-0.000000015675715706
-0.000000011965920569
-0.000000009121174908
-0.000000006943007382
-0.000000005277700080
-0.000000004006323535
-0.000000003037074861
-0.000000002299205516
-0.000000001738276246
-0.000000001312460840
-0.000000000989655336
-0.000000000745272336
-0.000000000560510923
-0.000000000421014647
-0.000000000315835363
-0.000000000236634917
-0.000000000177073736
-0.000000000132339916
-0.000000000098786247
-0.000000000073650012
-0.000000000054843643
-0.000000000040790525
-0.000000000030302890
-0.000000000022484824
-0.000000000016664102
-0.000000000012336446
-0.000000000009122030
-0.000000000006737256
-0.000000000004970697
-0.000000000003663425
-0.000000000002696045
-0.000000000001982606
-0.000000000001456603
-0.000000000001068203
-0.000000000000782945
-0.000000000000573852
-0.000000000000419569
-0.000000000000305856
-0.000000000000223450
-0.000000000000163201
-0.000000000000118847
-0.000000000000086297
-0.000000000000062969
-0.000000000000045629
-0.000000000000032930
-0.000000000000023815
-0.000000000000017408
-0.000000000000012871
-0.000000000000008776
-0.000000000000006520
-0.000000000000004775
-0.000000000000003201
-0.000000000000002695
-0.000000000000001795
-0.000000000000001306
-0.000000000000000630
-0.000000000000000830
-0.000000000000000226
-0.000000000000000630
-0.000000000000000208
-0.000000000000000142
-0.000000000000000095
-0.000000000000000268
0.000000000000000207
-0.000000000000000060
-0.000000000000000412
0.000000000000000195
0.000000000000000089
-0.000000000000000220
-0.000000000000000063
0.000000000000000344
-0.000000000000000033
-0.000000000000000285
0.000000000000000030
0.000000000000000256
0.000000000000000091
-0.000000000000000088
-0.000000000000000193
0.000000000000000034
0.000000000000000101
0.000000000000000051
-0.000000000000000066
0.000000000000000045
-0.000000000000000363
0.000000000000000191
0.000000000000000256
0.000000000000000004
-0.000000000000000202
-0.000000000000000035
0.000000000000000074
0.000000000000000067
0.000000000000000246
-0.000000000000000465
0.000000000000000017
0.000000000000000254
-0.000000000000000080
0.000000000000000011
0.000000000000000061
-0.000000000000000244
-0.000000000000000205
0.000000000000000200
0.000000000000000333
-0.000000000000000154
-0.000000000000000202
0.000000000000000053
0.000000000000000174
0.000000000000000185
-0.000000000000000319
0.000000000000000206
-0.000000000000000220
0.000000000000000208
0.000000000000000163
-0.000000000000000161
0.000000000000000033
-0.000000000000000128
0.000000000000000091
0.000000000000000142
0.000000000000000287
-0.000000000000000444
0.000000000000000023
0.000000000000000317
-0.000000000000000102
0.000000000000000052
-0.000000000000000312
0.000000000000000122
0.000000000000000230
0.000000000000000032
0.000000000000000135
-0.000000000000000275
-0.000000000000000187
0.000000000000000168
0.000000000000000223
0.000000000000000097
-0.000000000000000333
-0.000000000000000006
0.000000000000000260
0.000000000000000052
0.000000000000000093
-0.000000000000000100
-0.000000000000000328
0.000000000000000309
0.000000000000000301
-0.000000000000000327
-0.000000000000000210
0.000000000000000367
0.000000000000000238
-0.000000000000000421
-0.000000000000000101
0.000000000000000206
0.000000000000000223
-0.000000000000000118
-0.000000000000000487
-0.000000000000000097
0.000000000000000600
-0.000000000000000083
-0.000000000000000049
-0.000000000000000459
0.000000000000000445
-0.000000000000000194
0.000000000000000357
-0.000000000000000431
-0.000000000000000099
0.000000000000000247
0.000000000000000007
-0.000000000000000094
0.000000000000000241
0.000000000000000040
0.000000000000000022
-0.000000000000000214
0.000000000000000266
0.000000000000000219
-0.000000000000000144
0.000000000000000412
-0.000000000000000657
0.000000000000000560
-0.000000000000000182
0.000000000000000083
-0.000000000000000477
0.000000000000000451
-0.000000000000000124
-0.000000000000000232
0.000000000000000275
-0.000000000000000114
0.000000000000000111
-0.000000000000000333
0.000000000000000300
-0.000000000000000156
0.000000000000000257
-0.000000000000000173
0.000000000000000278
0.000000000000000091
-0.000000000000000437
0.000000000000000510
-0.000000000000000253
0.000000000000000162
-0.000000000000000557
0.000000000000000521
0.000000000000000059
0.000000000000000200
-0.000000000000000728
0.000000000000000257
0.000000000000000198
-0.000000000000000171
-0.000000000000000217
0.000000000000000104
0.000000000000000341
-0.000000000000000699
0.000000000000000651
0.000000000000000087
-0.000000000000000169
-0.000000000000000450
0.000000000000000403
0.000000000000000327
-0.000000000000000637
0.000000000000000247
-0.000000000000000436
0.000000000000000428
0.000000000000000205
-0.000000000000000019
-0.000000000000000441
-0.000000000000000109
0.000000000000000703
-0.000000000000000273
-0.000000000000000199
-0.000000000000000111
0.000000000000000301
0.000000000000000072
-0.000000000000000076
-0.000000000000000345
0.000000000000000173
0.000000000000000118
-0.000000000000000041
-0.000000000000000142
-0.000000000000000072
0.000000000000000135
0.000000000000000032
-0.000000000000000077
-0.000000000000000076
0.000000000000000141
-0.000000000000000150
0.000000000000000148
-0.000000000000000234
0.000000000000000099
0.000000000000000051
-0.000000000000000132
-0.000000000000000246
0.000000000000000225
-0.000000000000000141
0.000000000000000172
-0.000000000000000011
0.000000000000000049
-0.000000000000000308
0.000000000000000234
0.000000000000000193
-0.000000000000000399
0.000000000000000232
-0.000000000000000124
0.000000000000000226
-0.000000000000000458
0.000000000000000122
0.000000000000000025
0.000000000000000095
-0.000000000000000264
0.000000000000000227
-0.000000000000000423
0.000000000000000231
0.000000000000000143
-0.000000000000000529
0.000000000000000290
-0.000000000000000020
0.000000000000000284
-0.000000000000000460
0.000000000000000051
0.000000000000000208
-0.000000000000000292
0.000000000000000290
0.000000000000000221
-0.000000000000000690
0.000000000000000559
-0.000000000000000522
0.000000000000000431
0.000000000000000038
-0.000000000000000698
0.000000000000000296
0.000000000000000003
0.000000000000000443
-0.000000000000000442
0.000000000000000069
-0.000000000000000174
0.000000000000000171
0.000000000000000130
-0.000000000000000138
-0.000000000000000371
0.000000000000000729
-0.000000000000000136
-0.000000000000000395
0.000000000000000499
-0.000000000000000464
0.000000000000000353
0.000000000000000053
-0.000000000000000515
-0.000000000000000065
0.000000000000000786
-0.000000000000000827
0.000000000000000179
-0.000000000000000153
-0.000000000000000070
