-0.000000000000000068
0.000000000000000090
0.000000000000000850
0.000000000000002701
0.000000000000006493
0.000000000000014743
0.000000000000033414
0.000000000000075537
0.000000000000169358
0.000000000000374158
0.000000000000812374
0.000000000001734447
0.000000000003644306
0.000000000007536438
0.000000000015338138
0.000000000030765766
0.000000000060831432
0.000000000118544709
0.000000000227629630
0.000000000430663217
0.000000000803914363
0.000000001480976291
0.000000002692135671
0.000000004827930893
0.000000008540826948
0.000000014922439275
0.000000025756769574
0.000000043915088334
0.000000073947070818
0.000000122961008184
0.000000202121311485
0.000000328525979571
0.000000527974574216
0.000000838814436609
0.000001317286299088
0.000002046700695531
0.000003147053537512
0.000004788667093115
0.000007209745083794
0.000010739181735882
0.000015838455684758
0.000023134446234792
0.000033466161059937
0.000047939916403262
0.000067996355907570
0.000095558045777749
0.000133092269654648
0.000183716162639351
0.000251307041494953
0.000340627373037108
0.000457747459925819
0.000610027400359056
0.000806236020238751
0.001056641051939170
0.001373104033706845
0.001770137424615218
0.002264317014991247
0.002874169944171293
0.003619962360687800
0.004523498165680808
0.005610587216383893
0.006908723028546540
0.008446278047614792
0.010251564304833436
0.012352047583582521
0.014779813054053874
0.017565667748898835
0.020737273148711398
0.024317316418636103
0.028322281885252387
0.032773503644557583
0.037685700237900521
0.043064234447878838
0.048902923885574726
0.055183235452907015
0.061893780640840772
0.069011916038762389
0.076500908553242916
0.084308416619771412
0.092367232884782699
0.100624511882917281
0.109016238922974587
0.117465002858188242
0.125879816039392217
0.134158783537744603
0.142226097071776914
0.150000529255287701
0.157393755594154000
0.164311163701453961
0.170655596140176252
0.176367066737991546
0.181387792732318337
0.185660387135470034
0.189128636531683797
0.191740887542277583
0.193486628023070539
0.194361647448925950
0.194365621691161977
0.193502137509841854
0.191780833220271063
0.189246797059018562
0.185949676284551613
0.181940925699037692
0.177273197671286908
0.172001355434585224
0.166203562388619358
0.159957150699680722
0.153336290486303650
0.146411387019655115
0.139249648444991547
0.131928974087273554
0.124521496979466198
0.117092250711945831
0.109699077219662183
0.102393292124185964
0.095228315538129035
0.088249955194245194
0.081496095119884801
0.074997147516579751
0.068776913518149768
0.062857721858044099
0.057255503091818059
0.051980104473353640
0.047035988168135319
0.042423090419796715
0.038139729288634489
0.034180472898270191
0.030536620029834819
0.027196824194694116
0.024147741934835362
0.021375546392814068
0.018865128099816990
0.016600458621208743
0.014564982361474767
0.012741982615391830
0.011115265613953561
0.009668872075990723
0.008387250870693010
0.007255424299269207
0.006259125035734898
0.005385033880750760
0.004620646245489405
0.003954303754865660
0.003375215883082272
0.002873465922682544
0.002440045663336439
0.002066764921718161
0.001746215818146719
0.001471733878895336
0.001237354848559724
0.001037780808238751
0.000868311919897977
0.000724796582199829
0.000603583243715348
0.000501473697790174
0.000415681263400584
0.000343783577969683
0.000283682643589777
0.000233568005760108
0.000191882901729422
0.000157293821844442
0.000128661753503704
0.000105016952600021
0.000085536416126171
0.000069523846156726
0.000056391894746228
0.000045646627122315
0.000036873873839448
0.000029727337206926
0.000023918271194490
0.000019206499456552
0.000015392861936152
0.000012312649159792
0.000009829994466499
0.000007833104791828
0.000006230183028986
0.000004946080301748
0.000003919427308209
0.000003100226250769
0.000002447837567165
0.000001929286973362
0.000001517898339911
0.000001192139755439
0.000000934669554693
0.000000731550623982
0.000000571599722632
0.000000445868652017
0.000000347212736732
0.000000269938939948
0.000000209519919507
0.000000162360511976
0.000000125613477638
0.000000097028379817
0.000000074829878730
0.000000057620033201
0.000000044299528426
0.000000034006095379
0.000000026064657496
0.000000019947639778
0.000000015243457026
0.000000011631410551
0.000000008862224347
0.000000006742480198
0.000000005122352740
0.000000003885976251
0.000000002943850162
0.000000002226999973
0.000000001682358890
0.000000001269161483
0.000000000956141847
0.000000000719348174
0.000000000540469211
0.000000000405529124
0.000000000303877115
0.000000000227408362
0.000000000169961689
0.000000000126863028
0.000000000094571872
0.000000000070410453
0.000000000052356437
0.000000000038883304
0.000000000028840996
0.000000000021366307
0.000000000015809758
0.000000000011684325
0.000000000008624621
0.000000000006358399
0.000000000004682475
0.000000000003444511
0.000000000002530765
0.000000000001857307
0.000000000001360959
0.000000000000996274
0.000000000000728974
0.000000000000533084
0.000000000000388801
0.000000000000282831
0.000000000000206194
0.000000000000150138
0.000000000000108888
0.000000000000079269
0.000000000000057656
0.000000000000041280
0.000000000000029711
0.000000000000021822
0.000000000000015850
0.000000000000011571
0.000000000000007914
0.000000000000005474
0.000000000000004497
0.000000000000003485
0.000000000000001886
0.000000000000001273
0.000000000000001299
0.000000000000000953
0.000000000000000472
0.000000000000000393
0.000000000000000085
0.000000000000000269
0.000000000000000366
0.000000000000000120
0.000000000000000067
-0.000000000000000223
0.000000000000000022
0.000000000000000270
0.000000000000000181
-0.000000000000000138
0.000000000000000008
-0.000000000000000069
0.000000000000000006
0.000000000000000109
-0.000000000000000062
-0.000000000000000070
0.000000000000000139
0.000000000000000011
-0.000000000000000203
0.000000000000000080
0.000000000000000145
0.000000000000000192
-0.000000000000000028
-0.000000000000000264
-0.000000000000000172
0.000000000000000328
-0.000000000000000018
0.000000000000000012
0.000000000000000097
0.000000000000000016
-0.000000000000000224
0.000000000000000132
0.000000000000000165
-0.000000000000000086
-0.000000000000000070
-0.000000000000000114
0.000000000000000018
-0.000000000000000066
0.000000000000000398
-0.000000000000000107
0.000000000000000014
-0.000000000000000139
-0.000000000000000232
0.000000000000000478
0.000000000000000262
-0.000000000000000134
-0.000000000000000456
0.000000000000000034
0.000000000000000379
0.000000000000000182
-0.000000000000000187
-0.000000000000000194
-0.000000000000000112
0.000000000000000090
0.000000000000000256
0.000000000000000042
-0.000000000000000187
-0.000000000000000155
0.000000000000000139
-0.000000000000000063
0.000000000000000227
-0.000000000000000031
-0.000000000000000258
-0.000000000000000057
0.000000000000000176
0.000000000000000160
-0.000000000000000038
-0.000000000000000170
-0.000000000000000021
-0.000000000000000012
0.000000000000000345
-0.000000000000000083
-0.000000000000000158
-0.000000000000000259
0.000000000000000245
0.000000000000000205
0.000000000000000104
-0.000000000000000391
-0.000000000000000151
0.000000000000000274
0.000000000000000288
-0.000000000000000213
-0.000000000000000472
0.000000000000000072
0.000000000000000397
0.000000000000000126
-0.000000000000000465
-0.000000000000000035
0.000000000000000370
-0.000000000000000098
-0.000000000000000189
0.000000000000000258
-0.000000000000000203
-0.000000000000000009
0.000000000000000217
-0.000000000000000264
-0.000000000000000127
0.000000000000000275
0.000000000000000033
-0.000000000000000326
0.000000000000000061
0.000000000000000399
-0.000000000000000085
-0.000000000000000432
0.000000000000000061
0.000000000000000351
-0.000000000000000077
-0.000000000000000215
0.000000000000000021
0.000000000000000155
0.000000000000000143
-0.000000000000000188
-0.000000000000000142
0.000000000000000236
0.000000000000000009
-0.000000000000000293
0.000000000000000122
0.000000000000000296
-0.000000000000000029
-0.000000000000000235
-0.000000000000000045
0.000000000000000176
0.000000000000000005
0.000000000000000118
-0.000000000000000376
-0.000000000000000063
0.000000000000000294
0.000000000000000427
-0.000000000000000614
-0.000000000000000488
0.000000000000000575
0.000000000000000265
-0.000000000000000393
-0.000000000000000145
0.000000000000000148
0.000000000000000168
-0.000000000000000155
0.000000000000000003
0.000000000000000108
-0.000000000000000006
-0.000000000000000204
0.000000000000000081
0.000000000000000228
-0.000000000000000184
-0.000000000000000212
0.000000000000000210
0.000000000000000042
0.000000000000000199
-0.000000000000000135
-0.000000000000000236
0.000000000000000225
0.000000000000000365
-0.000000000000000167
-0.000000000000000354
0.000000000000000281
0.000000000000000169
0.000000000000000112
-0.000000000000000318
-0.000000000000000058
0.000000000000000353
0.000000000000000189
-0.000000000000000478
-0.000000000000000049
0.000000000000000362
-0.000000000000000009
-0.000000000000000158
-0.000000000000000010
-0.000000000000000068
0.000000000000000095
0.000000000000000247
-0.000000000000000197
-0.000000000000000076
0.000000000000000187
0.000000000000000248
-0.000000000000000046
-0.000000000000000424
0.000000000000000172
0.000000000000000307
-0.000000000000000180
-0.000000000000000244
0.000000000000000090
-0.000000000000000030
0.000000000000000143
-0.000000000000000027
-0.000000000000000304
0.000000000000000085
0.000000000000000293
-0.000000000000000152
-0.000000000000000164
0.000000000000000034
0.000000000000000089
0.000000000000000116
-0.000000000000000241
0.000000000000000016
0.000000000000000054
0.000000000000000075
-0.000000000000000153
-0.000000000000000188
0.000000000000000192
0.000000000000000095
-0.000000000000000279
0.000000000000000113
0.000000000000000030
0.000000000000000112
-0.000000000000000340
0.000000000000000330
-0.000000000000000386
0.000000000000000142
-0.000000000000000170
-0.000000000000000044
0.000000000000000198
-0.000000000000000110
-0.000000000000000499
0.000000000000000600
-0.000000000000000101
-0.000000000000000520
0.000000000000000048
0.000000000000000462
-0.000000000000000173
-0.000000000000000429
0.000000000000000370
0.000000000000000095
-0.000000000000000372
0.000000000000000168
-0.000000000000000032
-0.000000000000000082
0.000000000000000187
-0.000000000000000204
0.000000000000000333
0.000000000000000092
-0.000000000000000150
0.000000000000000028
-0.000000000000000119
0.000000000000000232
0.000000000000000019
-0.000000000000000208
0.000000000000000250
0.000000000000000037
-0.000000000000000146
-0.000000000000000068
0.000000000000000280
-0.000000000000000154
0.000000000000000108
0.000000000000000014
0.000000000000000013
-0.000000000000000194
0.000000000000000291
0.000000000000000015
-0.000000000000000296
0.000000000000000373
-0.000000000000000063
-0.000000000000000097
0.000000000000000067
0.000000000000000063
0.000000000000000161
-0.000000000000000018
-0.000000000000000023
0.000000000000000134
-0.000000000000000069
0.000000000000000080
