0.000000000000000556
0.000000000000001270
0.000000000000002047
0.000000000000003160
0.000000000000006168
0.000000000000014316
0.000000000000033817
0.000000000000077518
0.000000000000174109
0.000000000000384310
0.000000000000833623
0.000000000001778933
0.000000000003737170
0.000000000007726615
0.000000000015719551
0.000000000031518890
0.000000000062297703
0.000000000121358299
0.000000000232948231
0.000000000440567065
0.000000000822108328
0.000000001513958424
0.000000002751127737
0.000000004932009694
0.000000008721936873
0.000000015233654355
0.000000026285007109
0.000000044800621028
0.000000075412936791
0.000000125356772040
0.000000205991330287
0.000000334706396506
0.000000537731841835
0.000000854039598798
0.000001340764333812
0.000002082512377660
0.000003201100032107
0.000004869366881374
0.000007328942419931
0.000010913318916380
0.000016090274687172
0.000023495001306257
0.000033977293298831
0.000048657231733205
0.000068992778770943
0.000096929006771899
0.000134961071499521
0.000186239983990411
0.000254683460560688
0.000345101402545330
0.000463622790199342
0.000617675578880666
0.000816105222011160
0.001069263880961121
0.001389104231660347
0.001790246571172791
0.002289381168814941
0.002905152138418429
0.003657940046229736
0.004569656001417795
0.005666232883752544
0.006975275655292912
0.008525246645251321
0.010344516205606630
0.012460569607249533
0.014905521834050335
0.017710166417838950
0.020902094446772202
0.024503855278522963
0.028531724583023145
0.033006846718074072
0.037943686497591105
0.043347278600045322
0.049211035146485914
0.055515948538510371
0.062250219527142110
0.069390750441365501
0.076900308014848359
0.084726012570859072
0.092800101185461809
0.101069309398424026
0.109469219518979199
0.117922035469052167
0.126336415089147114
0.134610161260979549
0.142667350966498019
0.150426711559203785
0.157799940617744772
0.164692520954493632
0.171007474051122710
0.176685157873687382
0.181668203349315743
0.185899696646003088
0.189323952174960092
0.191889895419824930
0.193587663874887239
0.194413712086818208
0.194368384165162195
0.193455929172770075
0.191686632113439170
0.189106188526306590
0.185764805420268853
0.181714444339375142
0.177008207053771099
0.171701343112105109
0.165872298844329552
0.159598615610133499
0.152954603711029286
0.146010743249986502
0.138834253310910816
0.131502942485239971
0.124088798601094771
0.116656666310619661
0.109264162805676940
0.101962348296872785
0.094804328260104001
0.087835581554999875
0.081093659107843954
0.074608642395578184
0.068404008086485987
0.062501746589115795
0.056917468137625646
0.051660722958602988
0.046735701931502477
0.042142096213635724
0.037877990865822088
0.033937750602482317
0.030312501031376487
0.026990751633806466
0.023959041938071433
0.021203445398650312
0.018708777514682778
0.016458957701740825
0.014437398584869279
0.012627369241776079
0.011012673126881161
0.009577361748925234
0.008305906256270182
0.007183360496725052
0.006195495809061510
0.005329035443511389
0.004571521335132121
0.003911344346905231
0.003337764622350525
0.002840916429095724
0.002411841394482234
0.002042398025968610
0.001725225434934857
0.001453703981007908
0.001221911739703927
0.001024590226262321
0.000857076241261940
0.000715251978119900
0.000595496837925599
0.000494640775123071
0.000409922529211871
0.000338942603870716
0.000279623461119070
0.000230172858893935
0.000189050166203707
0.000154936087770683
0.000126704088230607
0.000103395329247643
0.000084196300574797
0.000068418934158971
0.000055482990131624
0.000044900649384781
0.000036262985245804
0.000029228178743863
0.000023511296922389
0.000018875400329172
0.000015124066423884
0.000012094893564464
0.000009653954724870
0.000007691082189089
0.000006115837608704
0.000004854203942543
0.000003845752015257
0.000003041262782688
0.000002400740053926
0.000001891740002619
0.000001488022376597
0.000001168412499274
0.000000915860758920
0.000000716668236984
0.000000559845616645
0.000000436602076124
0.000000339920355430
0.000000264210339625
0.000000205027643188
0.000000158843856366
0.000000122865297857
0.000000094884405947
0.000000073160093207
0.000000056321723304
0.000000043291718767
0.000000033225066866
0.000000025460361802
0.000000019480835397
0.000000014883433188
0.000000011354177873
0.000000008649077074
0.000000006578858563
0.000000004996941046
0.000000003789996158
0.000000002870504969
0.000000002171035524
0.000000001639718953
0.000000001236721542
0.000000000931497913
0.000000000700652308
0.000000000526306253
0.000000000394815624
0.000000000295783792
0.000000000221303466
0.000000000165363159
0.000000000123402574
0.000000000091971453
0.000000000068459922
0.000000000050895328
0.000000000037789728
0.000000000028023766
0.000000000020755901
0.000000000015354528
0.000000000011345630
0.000000000008373031
0.000000000006171884
0.000000000004543937
0.000000000003341338
0.000000000002454553
0.000000000001800724
0.000000000001319850
0.000000000000966298
0.000000000000706535
0.000000000000516015
0.000000000000376045
0.000000000000274209
0.000000000000200114
0.000000000000145571
0.000000000000105278
0.000000000000076283
0.000000000000055608
0.000000000000040217
0.000000000000029258
0.000000000000021021
0.000000000000014999
0.000000000000011042
0.000000000000007852
0.000000000000005728
0.000000000000004044
0.000000000000002952
0.000000000000002250
0.000000000000001426
0.000000000000000868
0.000000000000000974
0.000000000000000474
0.000000000000000378
0.000000000000000311
0.000000000000000046
0.000000000000000111
0.000000000000000173
0.000000000000000026
-0.000000000000000015
0.000000000000000051
0.000000000000000124
0.000000000000000085
-0.000000000000000112
-0.000000000000000254
-0.000000000000000121
0.000000000000000604
0.000000000000000047
-0.000000000000000141
-0.000000000000000416
-0.000000000000000105
0.000000000000000411
0.000000000000000208
-0.000000000000000004
-0.000000000000000321
-0.000000000000000150
0.000000000000000107
0.000000000000000266
0.000000000000000106
-0.000000000000000075
-0.000000000000000353
-0.000000000000000135
0.000000000000000410
0.000000000000000195
-0.000000000000000184
-0.000000000000000239
-0.000000000000000026
0.000000000000000174
0.000000000000000257
-0.000000000000000272
-0.000000000000000100
0.000000000000000081
0.000000000000000337
-0.000000000000000165
-0.000000000000000322
0.000000000000000276
0.000000000000000311
-0.000000000000000035
-0.000000000000000424
0.000000000000000160
-0.000000000000000075
0.000000000000000294
-0.000000000000000034
-0.000000000000000502
0.000000000000000172
0.000000000000000221
-0.000000000000000069
-0.000000000000000190
0.000000000000000061
0.000000000000000056
0.000000000000000052
-0.000000000000000165
0.000000000000000135
0.000000000000000116
-0.000000000000000179
0.000000000000000097
-0.000000000000000163
0.000000000000000222
-0.000000000000000094
-0.000000000000000319
0.000000000000000211
0.000000000000000175
-0.000000000000000347
-0.000000000000000169
0.000000000000000199
0.000000000000000094
-0.000000000000000228
0.000000000000000015
-0.000000000000000097
0.000000000000000224
-0.000000000000000162
0.000000000000000025
0.000000000000000268
-0.000000000000000164
-0.000000000000000333
0.000000000000000305
-0.000000000000000053
-0.000000000000000186
0.000000000000000005
0.000000000000000072
-0.000000000000000038
-0.000000000000000111
0.000000000000000389
-0.000000000000000277
-0.000000000000000327
0.000000000000000366
0.000000000000000243
-0.000000000000000479
-0.000000000000000029
0.000000000000000283
0.000000000000000045
-0.000000000000000162
-0.000000000000000127
0.000000000000000287
-0.000000000000000135
-0.000000000000000158
0.000000000000000245
-0.000000000000000089
-0.000000000000000054
-0.000000000000000021
-0.000000000000000015
0.000000000000000381
-0.000000000000000201
-0.000000000000000225
0.000000000000000167
0.000000000000000167
-0.000000000000000217
-0.000000000000000097
0.000000000000000079
0.000000000000000040
-0.000000000000000184
0.000000000000000361
-0.000000000000000019
-0.000000000000000496
0.000000000000000357
0.000000000000000078
-0.000000000000000082
-0.000000000000000032
-0.000000000000000155
0.000000000000000389
-0.000000000000000292
0.000000000000000091
0.000000000000000324
-0.000000000000000230
-0.000000000000000289
0.000000000000000275
0.000000000000000357
-0.000000000000000285
-0.000000000000000238
0.000000000000000190
0.000000000000000153
-0.000000000000000023
-0.000000000000000077
-0.000000000000000099
0.000000000000000058
-0.000000000000000185
0.000000000000000222
-0.000000000000000062
-0.000000000000000290
0.000000000000000023
0.000000000000000343
-0.000000000000000222
-0.000000000000000100
0.000000000000000086
0.000000000000000141
0.000000000000000107
-0.000000000000000190
-0.000000000000000306
0.000000000000000459
0.000000000000000067
-0.000000000000000163
-0.000000000000000097
0.000000000000000163
-0.000000000000000242
0.000000000000000404
-0.000000000000000375
-0.000000000000000132
0.000000000000000510
0.000000000000000081
-0.000000000000000590
0.000000000000000255
0.000000000000000488
-0.000000000000000545
0.000000000000000057
-0.000000000000000219
0.000000000000000362
0.000000000000000137
-0.000000000000000539
-0.000000000000000032
0.000000000000000624
-0.000000000000000142
-0.000000000000000694
0.000000000000000240
0.000000000000000459
0.000000000000000010
-0.000000000000000438
-0.000000000000000113
0.000000000000000387
0.000000000000000167
-0.000000000000000398
-0.000000000000000078
0.000000000000000526
0.000000000000000048
-0.000000000000000480
-0.000000000000000122
0.000000000000000425
0.000000000000000103
-0.000000000000000206
-0.000000000000000304
0.000000000000000394
0.000000000000000359
-0.000000000000000349
-0.000000000000000456
0.000000000000000399
0.000000000000000061
-0.000000000000000161
0.000000000000000059
-0.000000000000000232
0.000000000000000252
0.000000000000000213
-0.000000000000000345
0.000000000000000058
-0.000000000000000020
0.000000000000000065
0.000000000000000029
0.000000000000000098
-0.000000000000000150
0.000000000000000160
-0.000000000000000019
0.000000000000000107
0.000000000000000008
-0.000000000000000260
0.000000000000000436
0.000000000000000045
-0.000000000000000389
0.000000000000000323
0.000000000000000168
-0.000000000000000303
0.000000000000000296
-0.000000000000000048
-0.000000000000000212
0.000000000000000737
-0.000000000000000693
0.000000000000000012
0.000000000000000562
-0.000000000000000642
0.000000000000000331
0.000000000000000253
-0.000000000000000282
-0.000000000000000039
0.000000000000000350
0.000000000000000064
-0.000000000000000598
-0.000000000000000051
0.000000000000000523
-0.000000000000000491
0.000000000000000205
-0.000000000000000021
-0.000000000000000021
0.000000000000000551
-0.000000000000000468
-0.000000000000000238
0.000000000000001075
-0.000000000000000735
-0.000000000000000416
0.000000000000000768
-0.000000000000000093
-0.000000000000000555
0.000000000000000535
-0.000000000000000192
-0.000000000000000036
0.000000000000000384
-0.000000000000000624
0.000000000000000658
