0.000000000000002
0.000000000000004
0.000000000000007
0.000000000000010
0.000000000000012
0.000000000000015
0.000000000000018
0.000000000000023
0.000000000000027
0.000000000000033
0.000000000000040
0.000000000000049
0.000000000000060
0.000000000000073
0.000000000000090
0.000000000000110
0.000000000000135
0.000000000000165
0.000000000000202
0.000000000000248
0.000000000000304
0.000000000000373
0.000000000000456
0.000000000000558
0.000000000000682
0.000000000000834
0.000000000001018
0.000000000001242
0.000000000001513
0.000000000001843
0.000000000002243
0.000000000002728
0.000000000003316
0.000000000004027
0.000000000004886
0.000000000005924
0.000000000007178
0.000000000008690
0.000000000010513
0.000000000012708
0.000000000015351
0.000000000018529
0.000000000022351
0.000000000026940
0.000000000032448
0.000000000039055
0.000000000046973
0.000000000056456
0.000000000067804
0.000000000081374
0.000000000097590
0.000000000116953
0.000000000140057
0.000000000167605
0.000000000200429
0.000000000239508
0.000000000286000
0.000000000341272
0.000000000406931
0.000000000484873
0.000000000577327
0.000000000686913
0.000000000816708
0.000000000970327
0.000000001152004
0.000000001366704
0.000000001620241
0.000000001919415
0.000000002272177
0.000000002687813
0.000000003177161
0.000000003752862
0.000000004429644
0.000000005224655
0.000000006157846
0.000000007252405
0.000000008535268
0.000000010037693
0.000000011795923
0.000000013851954
0.000000016254402
0.000000019059500
0.000000022332243
0.000000026147683
0.000000030592424
0.000000035766307
0.000000041784345
0.000000048778913
0.000000056902246
0.000000066329267
0.000000077260809
0.000000089927246
0.000000104592627
0.000000121559338
0.000000141173374
0.000000163830296
0.000000189981945
0.000000220144009
0.000000254904544
0.000000294933552
0.000000340993748
0.000000393952640
0.000000454796074
0.000000524643409
0.000000604764494
0.000000696598645
0.000000801775837
0.000000922140347
0.000001059777090
0.000001217040947
0.000001396589364
0.000001601418576
0.000001834903788
0.000002100843716
0.000002403509905
0.000002747701259
0.000003138804294
0.000003582859619
0.000004086635213
0.000004657707096
0.000005304548048
0.000006036625055
0.000006864506214
0.000007799977891
0.000008856172933
0.000010047710837
0.000011390850780
0.000012903658496
0.000014606188010
0.000016520679316
0.000018671773102
0.000021086743697
0.000023795751446
0.000026832115770
0.000030232610180
0.000034037780592
0.000038292288283
0.000043045278849
0.000048350778580
0.000054268119619
0.000060862395316
0.000068204947153
0.000076373884593
0.000085454639167
0.000095540554070
0.000106733510451
0.000119144591508
0.000132894785389
0.000148115727760
0.000164950484765
0.000183554376929
0.000204095844318
0.000226757353100
0.000251736343325
0.000279246217503
0.000309517369203
0.000342798250554
0.000379356477119
0.000419479968211
0.000463478120220
0.000511683010025
0.000564450625050
0.000622162115889
0.000685225066842
0.000754074779041
0.000829175560131
0.000911022013764
0.001000140321390
0.001097089508030
0.001202462682908
0.001316888244962
0.001441031042389
0.001575593474516
0.001721316523368
0.001878980701449
0.002049406901332
0.002233457131792
0.002432035124366
0.002646086793379
0.002876600531708
0.003124607323801
0.003391180656796
0.003677436209993
0.003984531302400
0.004313664077650
0.004666072405298
0.005043032477300
0.005445857078451
0.005875893509647
0.006334521143145
0.006823148589404
0.007343210455796
0.007896163678302
0.008483483408379
0.009106658438553
0.009767186151779
0.010466566981469
0.011206298371145
0.011987868225008
0.012812747843329
0.013682384339472
0.014598192538488
0.015561546360706
0.016573769697413
0.017636126789727
0.018749812125956
0.019915939877252
0.021135532896008
0.022409511306386
0.023738680721417
0.025123720126355
0.026565169473314
0.028063417037659
0.029618686592155
0.031231024460318
0.032900286515959
0.034626125201259
0.036407976641008
0.038245047935708
0.040136304721102
0.042080459086231
0.044075957946306
0.046120971970516
0.048213385168142
0.050350785239165
0.052530454797738
0.054749363578396
0.057004161735727
0.059291174348272
0.061606397236653
0.063945494204321
0.066303795806780
0.068676299751646
0.071057673027482
0.073442255853871
0.075824067538711
0.078196814321222
0.080553899270623
0.082888434300844
0.085193254351103
0.087460933770603
0.089683804933135
0.091853979093961
0.093963369487148
0.096003716646520
0.097966615917734
0.099843547112682
0.101625906240696
0.103305039233828
0.104872277566095
0.106318975648996
0.107636549868042
0.108816519107635
0.109850546594476
0.110730482873007
0.111448409710266
0.111996684712226
0.112367986419242
0.112555359634868
0.112552260730220
0.112352602655267
0.111950799379260
0.111341809474929
0.110521178555344
0.109485080268490
0.108230355552797
0.106754549857155
0.105055948031468
0.103133606598536
0.100987383125128
0.098617962419501
0.096026879294323
0.093216537648056
0.090190225634124
0.086952126705827
0.083507326345630
0.079861814310259
0.076022482247737
0.071997116568993
0.067794386484827
0.063423827148570
0.058895817875645
0.054221555443096
0.049413022504858
0.044482951191763
0.039444781998877
0.034312618096353
0.029101175233387
0.023825727437765
0.018502048745607
0.013146351227007
0.007775219603012
0.002405542777567
-0.002945557365614
-0.008260799527052
-0.013522818520262
-0.018714242349774
-0.023817770406258
-0.028816252332878
-0.033692767106331
-0.038430701868561
-0.043013830040955
-0.047426388252052
-0.051653151612430
-0.055679506876481
-0.059491523040310
-0.063076018937885
-0.066420627413742
-0.069513855669994
-0.072345141407879
-0.074904904409495
-0.077184593233568
-0.079176726729735
-0.080874930108872
-0.082273965341969
-0.083369755696888
-0.084159404260585
-0.084641206333838
-0.084814655625831
-0.084680444216778
-0.084240456297840
-0.083497755738511
-0.082456567572175
-0.081122253530233
-0.079501281793877
-0.077601191169829
-0.075430549931953
-0.072998909604299
-0.070316753992519
-0.067395443799613
-0.064247157188242
-0.060884826675323
-0.057322072765077
-0.053573134743989
-0.049652799075206
-0.045576325840600
-0.041359373686096
-0.037017923729759
-0.032568202892749
-0.028026607110435
-0.023409624874915
-0.018733761550958
-0.014015464895103
-0.009271052192439
-0.004516639407686
0.000231927273288
0.004959137158200
0.009649877690927
0.014289493720307
0.018863843121986
0.023359348529873
0.027763044964674
0.032062623178640
0.036246468567942
0.040303695536606
0.044224177228539
0.047998570576470
0.051618336648498
0.055075756304067
0.058363941201345
0.061476840227001
0.064409241447049
0.067156769703530
0.069715880006233
0.072083846891269
0.074258749938920
0.076239455661803
0.078025595990814
0.079617543600588
0.081016384328241
0.082223886948958
0.083242470579518
0.084075169986185
0.084725599076548
0.085197912855912
0.085496768127806
0.085627283215233
0.085594996974404
0.085405827366141
0.085066029841912
0.084582155791785
0.083961011290517
0.083209616365760
0.082335164999060
0.081344986056102
0.080246505327690
0.079047208847398
0.077754607635788
0.076376204004796
0.074919459539352
0.073391764856861
0.071800411228687
0.070152564131647
0.068455238781673
0.066715277686393
0.064939330238542
0.063133834357908
0.061305000175978
0.059458795744747
0.057600934739220
0.055736866112130
0.053871765649290
0.052010529364783
0.050157768667055
0.048317807219661
0.046494679414163
0.044692130367382
0.042913617350768
0.041162312556237
0.039441107100221
0.037752616165968
0.036099185183205
0.034482896944148
0.032905579555410
0.031368815126606
0.029873949098323
0.028422100114541
0.027014170347495
0.025650856186401
0.024332659205153
0.023059897328276
0.021832716118735
0.020651100115865
0.019514884156425
0.018423764616713
0.017377310518653
0.016374974447810
0.015416103236279
0.014499948368386
0.013625676072028
0.012792377063263
0.011999075916406
0.011244740036375
0.010528288214301
0.009848598751555
0.009204517141162
0.008594863299262
0.008018438342656
0.007474030911608
0.006960423040032
0.006476395577777
0.006020733172182
0.005592228818159
0.005189687988024
0.004811932353912
0.004457803117072
0.004126163959550
0.003815903634750
0.003525938214164
0.003255213008192
0.003002704179375
0.002767420066654
0.002548402239354
0.002344726299599
0.002155502451690
0.001979875856718
0.001817026790322
0.001666170621039
0.001526557626175
0.001397472661507
0.001278234700486
0.001168196257921
0.001066742712365
0.000973291540695
0.000887291477573
0.000808221611707
0.000735590430020
0.000668934820081
0.000607819040323
0.000551833666848
0.000500594524850
0.000453741611961
0.000410938020143
0.000371868862028
0.000336240207038
0.000303778031907
0.000274227189753
0.000247350401210
0.000222927270674
0.000200753330221
0.000180639113302
0.000162409259939
0.000145901654725
0.000130966598636
0.000117466015313
0.000105272692201
0.000094269556694
0.000084348987178
0.000075412158691
0.000067368422727
0.000060134720580
0.000053635029450
0.000047799840489
0.000042565667800
0.000037874587389
0.000033673804970
0.000029915251499
0.000026555205282
0.000023553939449
0.000020875393645
0.000018486868697
0.000016358743113
0.000014464210214
0.000012779034761
0.000011281327946
0.000009951339662
0.000008771266970
0.000007725077762
0.000006798348611
0.000005978115879
0.000005252739162
0.000004611776224
0.000004045868589
0.000003546637015
0.000003106586121
0.000002719017463
0.000002377950414
0.000002078050222
0.000001814562695
0.000001583254940
0.000001380361695
0.000001202536740
0.000001046808996
0.000000910542879
0.000000791402552
0.000000687319710
0.000000596464599
0.000000517219968
0.000000448157675
0.000000388017709
0.000000335689387
0.000000290194535
0.000000250672447
0.000000216366449
0.000000186611916
0.000000160825590
0.000000138496068
0.000000119175348
0.000000102471311
0.000000088041048
0.000000075584952
0.000000064841474
0.000000055582488
0.000000047609194
0.000000040748496
0.000000034849808
0.000000029782244
0.000000025432136
0.000000021700852
0.000000018502885
0.000000015764164
0.000000013420585
0.000000011416712
0.000000009704652
0.000000008243057
0.000000006996265
0.000000005933540
0.000000005028418
0.000000004258129
0.000000003603101
0.000000003046522
0.000000002573964
0.000000002173057
0.000000001833203
0.000000001545328
0.000000001301673
0.000000001095604
0.000000000921461
0.000000000774410
0.000000000650335
0.000000000545726
0.000000000457597
0.000000000383410
0.000000000321008
0.000000000268560
0.000000000224511
0.000000000187545
0.000000000156548
0.000000000130575
0.000000000108829
0.000000000090637
0.000000000075428
0.000000000062725
0.000000000052121
0.000000000043278
0.000000000035908
0.000000000029770
0.000000000024663
0.000000000020417
0.000000000016889
0.000000000013961
0.000000000011531
0.000000000009517
0.000000000007848
0.000000000006468
0.000000000005327
0.000000000004383
0.000000000003604
0.000000000002961
0.000000000002432
0.000000000001995
0.000000000001635
0.000000000001340
0.000000000001096
0.000000000000897
0.000000000000733
0.000000000000599
0.000000000000489
0.000000000000398
0.000000000000325
0.000000000000265
0.000000000000215
0.000000000000174
0.000000000000142
0.000000000000116
0.000000000000094
0.000000000000076
0.000000000000061
0.000000000000050
0.000000000000040
0.000000000000032
0.000000000000026
0.000000000000021
0.000000000000017
0.000000000000014
0.000000000000011
0.000000000000009
0.000000000000007
0.000000000000006
0.000000000000005
0.000000000000003
0.000000000000003
0.000000000000003
0.000000000000002
0.000000000000001
0.000000000000001
0.000000000000001
0.000000000000001
0.000000000000001
0.000000000000000
0.000000000000000
0.000000000000000
0.000000000000000
0.000000000000001
-0.000000000000000
-0.000000000000000
0.000000000000000
0.000000000000000
0.000000000000000
-0.000000000000000
-0.000000000000000
0.000000000000001
0.000000000000000
-0.000000000000000
-0.000000000000001
0.000000000000000
0.000000000000001
-0.000000000000000
-0.000000000000001
-0.000000000000000
0.000000000000001
0.000000000000000
-0.000000000000001
-0.000000000000001
0.000000000000000
0.000000000000001
0.000000000000000
-0.000000000000001
-0.000000000000000
0.000000000000000
0.000000000000000
-0.000000000000000
-0.000000000000001
0.000000000000000
0.000000000000000
0.000000000000000
-0.000000000000001
-0.000000000000000
0.000000000000000
0.000000000000000
-0.000000000000000
-0.000000000000000
0.000000000000000
0.000000000000000
0.000000000000000
-0.000000000000000
-0.000000000000000
0.000000000000000
-0.000000000000000
0.000000000000000
-0.000000000000000
-0.000000000000000
-0.000000000000000
0.000000000000000
0.000000000000000
-0.000000000000000
-0.000000000000000
0.000000000000000
0.000000000000000
-0.000000000000000
-0.000000000000000
-0.000000000000000
0.000000000000000
0.000000000000000
-0.000000000000000
-0.000000000000000
0.000000000000000
0.000000000000000
0.000000000000000
-0.000000000000000
0.000000000000000
0.000000000000000
0.000000000000000
-0.000000000000000
-0.000000000000000
0.000000000000000
0.000000000000000
-0.000000000000000
-0.000000000000000
0.000000000000000
0.000000000000000
0.000000000000000
-0.000000000000000
-0.000000000000000
0.000000000000000
0.000000000000000
-0.000000000000000
-0.000000000000000
0.000000000000000
0.000000000000000
-0.000000000000000
-0.000000000000000
0.000000000000000
0.000000000000000
-0.000000000000000
-0.000000000000000
-0.000000000000000
0.000000000000000
-0.000000000000000
-0.000000000000000
0.000000000000000
-0.000000000000000
-0.000000000000000
0.000000000000000
0.000000000000000
0.000000000000000
-0.000000000000000
-0.000000000000000
0.000000000000000
0.000000000000000
-0.000000000000000
-0.000000000000000
0.000000000000000
0.000000000000000
-0.000000000000000
-0.000000000000000
0.000000000000000
0.000000000000000
0.000000000000000
-0.000000000000000
-0.000000000000000
0.000000000000000
0.000000000000000
-0.000000000000000
-0.000000000000000
0.000000000000000
0.000000000000000
-0.000000000000000
-0.000000000000000
0.000000000000000
0.000000000000000
0.000000000000000
-0.000000000000000
-0.000000000000000
0.000000000000000
0.000000000000000
0.000000000000000
-0.000000000000000
-0.000000000000000
0.000000000000000
0.000000000000000
-0.000000000000000
-0.000000000000000
0.000000000000000
0.000000000000000
-0.000000000000000
-0.000000000000000
-0.000000000000000
0.000000000000000
0.000000000000000
-0.000000000000000
-0.000000000000000
0.000000000000000
0.000000000000000
-0.000000000000000
-0.000000000000000
-0.000000000000000
0.000000000000000
0.000000000000000
-0.000000000000000
-0.000000000000000
-0.000000000000000
0.000000000000000
0.000000000000000
-0.000000000000000
-0.000000000000000
0.000000000000000
0.000000000000000
-0.000000000000000
-0.000000000000000
-0.000000000000000
0.000000000000000
0.000000000000000
-0.000000000000000
-0.000000000000000
0.000000000000000
0.000000000000000
0.000000000000000
-0.000000000000000
-0.000000000000000
0.000000000000000
0.000000000000000
-0.000000000000000
-0.000000000000000
-0.000000000000000
0.000000000000000
0.000000000000000
-0.000000000000000
-0.000000000000000
0.000000000000000
0.000000000000000
-0.000000000000000
-0.000000000000000
-0.000000000000000
0.000000000000000
0.000000000000000
-0.000000000000000
-0.000000000000000
0.000000000000000
0.000000000000000
-0.000000000000000
-0.000000000000000
0.000000000000000
0.000000000000000
-0.000000000000000
0.000000000000000
-0.000000000000000
0.000000000000000
0.000000000000000
-0.000000000000000
-0.000000000000000
0.000000000000000
0.000000000000000
-0.000000000000000
-0.000000000000000
0.000000000000000
0.000000000000000
0.000000000000000
-0.000000000000000
-0.000000000000000
0.000000000000000
0.000000000000000
-0.000000000000000
-0.000000000000000
-0.000000000000000
0.000000000000000
-0.000000000000000
-0.000000000000000
0.000000000000000
0.000000000000000
0.000000000000000
-0.000000000000000
-0.000000000000000
0.000000000000000
0.000000000000000
-0.000000000000000
-0.000000000000000
-0.000000000000000
0.000000000000000
-0.000000000000000
-0.000000000000000
0.000000000000000
-0.000000000000000
-0.000000000000000
0.000000000000000
0.000000000000000
-0.000000000000000
-0.000000000000000
0.000000000000000
0.000000000000000
-0.000000000000000
-0.000000000000000
0.000000000000000
0.000000000000000
-0.000000000000000
-0.000000000000000
0.000000000000000
-0.000000000000000
0.000000000000000
-0.000000000000000
-0.000000000000000
0.000000000000000
0.000000000000000
-0.000000000000000
-0.000000000000000
0.000000000000000
0.000000000000000
-0.000000000000000
-0.000000000000000
0.000000000000000
0.000000000000000
-0.000000000000000
-0.000000000000000
0.000000000000000
0.000000000000000
-0.000000000000000
-0.000000000000000
0.000000000000000
-0.000000000000000
0.000000000000000
-0.000000000000000
0.000000000000000
0.000000000000000
0.000000000000000
-0.000000000000000
0.000000000000000
-0.000000000000000
0.000000000000000
-0.000000000000000
0.000000000000000
0.000000000000000
-0.000000000000000
0.000000000000000
0.000000000000000
0.000000000000000
-0.000000000000000
0.000000000000000
0.000000000000000
0.000000000000000
-0.000000000000000
-0.000000000000000
-0.000000000000000
0.000000000000000
-0.000000000000000
-0.000000000000000
0.000000000000000
0.000000000000000
0.000000000000000
-0.000000000000000
-0.000000000000000
0.000000000000000
0.000000000000000
-0.000000000000000
-0.000000000000000
0.000000000000000
0.000000000000000
-0.000000000000000
-0.000000000000001
0.000000000000000
0.000000000000000
-0.000000000000000
-0.000000000000000
0.000000000000000
0.000000000000000
0.000000000000000
-0.000000000000000
0.000000000000000
0.000000000000000
0.000000000000000
-0.000000000000000
-0.000000000000000
0.000000000000000
0.000000000000000
-0.000000000000000
-0.000000000000000
0.000000000000000
0.000000000000000
-0.000000000000000
-0.000000000000000
0.000000000000000
0.000000000000000
-0.000000000000000
-0.000000000000000
0.000000000000000
0.000000000000000
-0.000000000000000
-0.000000000000000
0.000000000000000
0.000000000000000
-0.000000000000000
-0.000000000000000
-0.000000000000000
0.000000000000000
0.000000000000000
-0.000000000000000
-0.000000000000000
0.000000000000000
0.000000000000000
-0.000000000000000
-0.000000000000000
0.000000000000000
0.000000000000000
0.000000000000000
-0.000000000000000
-0.000000000000001
0.000000000000000
0.000000000000000
-0.000000000000000
-0.000000000000000
0.000000000000000
0.000000000000000
-0.000000000000000
-0.000000000000000
-0.000000000000000
0.000000000000000
-0.000000000000000
-0.000000000000000
0.000000000000000
-0.000000000000000
0.000000000000000
-0.000000000000000
0.000000000000000
-0.000000000000000
0.000000000000000
0.000000000000000
0.000000000000000
0.000000000000000
-0.000000000000000
-0.000000000000000
0.000000000000000
0.000000000000000
-0.000000000000000
0.000000000000000
0.000000000000000
0.000000000000000
-0.000000000000000
0.000000000000000
-0.000000000000000
-0.000000000000000
0.000000000000000
0.000000000000000
-0.000000000000000
-0.000000000000000
0.000000000000000
0.000000000000000
-0.000000000000000
-0.000000000000000
0.000000000000000
0.000000000000000
0.000000000000000
-0.000000000000000
-0.000000000000000
0.000000000000000
0.000000000000000
-0.000000000000000
-0.000000000000000
0.000000000000000
-0.000000000000000
-0.000000000000000
-0.000000000000000
0.000000000000000
0.000000000000000
-0.000000000000000
-0.000000000000000
0.000000000000000
0.000000000000000
-0.000000000000000
-0.000000000000000
0.000000000000000
0.000000000000000
-0.000000000000000
-0.000000000000000
-0.000000000000000
0.000000000000000
0.000000000000000
-0.000000000000000
-0.000000000000000
0.000000000000000
0.000000000000000
0.000000000000000
-0.000000000000000
-0.000000000000000
0.000000000000000
0.000000000000000
-0.000000000000000
-0.000000000000000
0.000000000000000
0.000000000000000
0.000000000000000
-0.000000000000001
-0.000000000000000
0.000000000000000
0.000000000000000
-0.000000000000000
-0.000000000000000
0.000000000000000
0.000000000000000
0.000000000000000
-0.000000000000000
-0.000000000000000
0.000000000000000
0.000000000000000
-0.000000000000000
-0.000000000000000
-0.000000000000000
0.000000000000000
0.000000000000000
-0.000000000000000
-0.000000000000000
-0.000000000000000
0.000000000000000
0.000000000000000
-0.000000000000000
-0.000000000000000
0.000000000000000
0.000000000000000
-0.000000000000000
-0.000000000000000
-0.000000000000000
0.000000000000000
0.000000000000000
-0.000000000000000
-0.000000000000000
0.000000000000000
-0.000000000000000
0.000000000000000
0.000000000000000
-0.000000000000000
-0.000000000000000
0.000000000000000
0.000000000000000
-0.000000000000000
-0.000000000000000
-0.000000000000000
0.000000000000000
0.000000000000000
-0.000000000000000
-0.000000000000000
-0.000000000000000
0.000000000000000
-0.000000000000000
-0.000000000000000
0.000000000000000
-0.000000000000000
-0.000000000000000
0.000000000000000
0.000000000000000
-0.000000000000000
-0.000000000000000
0.000000000000000
0.000000000000000
-0.000000000000000
-0.000000000000000
0.000000000000000
-0.000000000000000
-0.000000000000000
-0.000000000000000
0.000000000000000
-0.000000000000000
-0.000000000000000
0.000000000000000
-0.000000000000000
-0.000000000000000
0.000000000000000
0.000000000000000
-0.000000000000000
-0.000000000000000
0.000000000000000
0.000000000000000
-0.000000000000000
-0.000000000000000
