-0.000000000000000
-0.000000000000001
-0.000000000000001
-0.000000000000001
-0.000000000000001
-0.000000000000002
-0.000000000000003
-0.000000000000003
-0.000000000000003
-0.000000000000003
-0.000000000000003
-0.000000000000004
-0.000000000000005
-0.000000000000005
-0.000000000000004
-0.000000000000004
-0.000000000000003
-0.000000000000003
-0.000000000000003
-0.000000000000001
-0.000000000000000
0.000000000000001
0.000000000000003
0.000000000000005
0.000000000000007
0.000000000000010
0.000000000000013
0.000000000000016
0.000000000000020
0.000000000000025
0.000000000000030
0.000000000000035
0.000000000000043
0.000000000000051
0.000000000000062
0.000000000000076
0.000000000000091
0.000000000000110
0.000000000000134
0.000000000000163
0.000000000000198
0.000000000000241
0.000000000000293
0.000000000000355
0.000000000000431
0.000000000000523
0.000000000000633
0.000000000000767
0.000000000000928
0.000000000001122
0.000000000001356
0.000000000001638
0.000000000001978
0.000000000002386
0.000000000002876
0.000000000003464
0.000000000004169
0.000000000005014
0.000000000006026
0.000000000007237
0.000000000008686
0.000000000010417
0.000000000012483
0.000000000014949
0.000000000017889
0.000000000021393
0.000000000025565
0.000000000030530
0.000000000036433
0.000000000043447
0.000000000051776
0.000000000061659
0.000000000073377
0.000000000087261
0.000000000103699
0.000000000123148
0.000000000146143
0.000000000173311
0.000000000205385
0.000000000243226
0.000000000287836
0.000000000340391
0.000000000402259
0.000000000475041
0.000000000560598
0.000000000661102
0.000000000779077
0.000000000917462
0.000000001079670
0.000000001269667
0.000000001492052
0.000000001752158
0.000000002056163
0.000000002411222
0.000000002825606
0.000000003308880
0.000000003872087
0.000000004527975
0.000000005291240
0.000000006178818
0.000000007210208
0.000000008407841
0.000000009797504
0.000000011408816
0.000000013275772
0.000000015437358
0.000000017938250
0.000000020829604
0.000000024169947
0.000000028026190
0.000000032474765
0.000000037602912
0.000000043510129
0.000000050309803
0.000000058131048
0.000000067120764
0.000000077445960
0.000000089296349
0.000000102887268
0.000000118462935
0.000000136300106
0.000000156712156
0.000000180053637
0.000000206725365
0.000000237180089
0.000000271928802
0.000000311547775
0.000000356686355
0.000000408075644
0.000000466538111
0.000000532998262
0.000000608494439
0.000000694191881
0.000000791397152
0.000000901574077
0.000001026361307
0.000001167591684
0.000001327313542
0.000001507814147
0.000001711645427
0.000001941652214
0.000002201003208
0.000002493224877
0.000002822238542
0.000003192400906
0.000003608548292
0.000004076044883
0.000004600835265
0.000005189501606
0.000005849325790
0.000006588356887
0.000007415484311
0.000008340517074
0.000009374269535
0.000010528654077
0.000011816781150
0.000013253067131
0.000014853350497
0.000016635016777
0.000018617132789
0.000020820590681
0.000023268262285
0.000025985164329
0.000028998635028
0.000032338522599
0.000036037386226
0.000040130710027
0.000044657130533
0.000049658678203
0.000055181033469
0.000061273797795
0.000067990780201
0.000075390299679
0.000083535503878
0.000092494704409
0.000102341729056
0.000113156291127
0.000125024376113
0.000138038645756
0.000152298859528
0.000167912313447
0.000184994296059
0.000203668561288
0.000224067817760
0.000246334234058
0.000270619959240
0.000297087657797
0.000325911058080
0.000357275513044
0.000391378571981
0.000428430561739
0.000468655175712
0.000512290068700
0.000559587455499
0.000610814710891
0.000666254968436
0.000726207715298
0.000790989380019
0.000860933909994
0.000936393335091
0.001017738313662
0.001105358656918
0.001199663827419
0.001301083407179
0.001410067530675
0.001527087277798
0.001652635021599
0.001787224725487
0.001931392184313
0.002085695203668
0.002250713711526
0.002427049796278
0.002615327665088
0.002816193516438
0.003030315320699
0.003258382502564
0.003501105519202
0.003759215328079
0.004033462738510
0.004324617641148
0.004633468109841
0.004960819370542
0.005307492632246
0.005674323775312
0.006062161892905
0.006471867681798
0.006904311679259
0.007360372343338
0.007840933974510
0.008346884477304
0.008879112961278
0.009438507181522
0.010025950819689
0.010642320607460
0.011288483295277
0.011965292470177
0.012673585227554
0.013414178702747
0.014187866469444
0.014995414812960
0.015837558887621
0.016714998768584
0.017628395409579
0.018578366519200
0.019565482369493
0.020590261551688
0.021653166695037
0.022754600165716
0.023894899763804
0.025074334437250
0.026293100032672
0.027551315103605
0.028849016797572
0.030186156843990
0.031562597665461
0.032978108635463
0.034432362505724
0.035924932026839
0.037455286785694
0.039022790283254
0.040626697276015
0.042266151404124
0.043940183128621
0.045647707999659
0.047387525276688
0.049158316920679
0.050958646977315
0.052786961368816
0.054641588110624
0.056520737967618
0.058422505562782
0.060344870949431
0.062285701656076
0.064242755210917
0.066213682150738
0.068196029516636
0.070187244836627
0.072184680592663
0.074185599167055
0.076187178260710
0.078186516772919
0.080180641129844
0.082166512046163
0.084141031701725
0.086101051312487
0.088043379072442
0.089964788440825
0.091862026746468
0.093731824078952
0.095570902434047
0.097375985078925
0.099143806100818
0.100871120101098
0.102554711995331
0.104191406878503
0.105778079913645
0.107311666201171
0.108789170585680
0.110207677356612
0.111564359799002
0.112856489550753
0.114081445723195
0.115236723742395
0.116319943869539
0.117328859359886
0.118261364221187
0.119115500534106
0.119889465299041
0.120581616775860
0.121190480285354
0.121714753443715
0.122153310804052
0.122505207881780
0.122769684543735
0.122946167744003
0.123034273592660
0.123033808747006
0.122944771118197
0.122767349889690
0.122501924847343
0.122149065024494
0.121709526668779
0.121184250540872
0.120574358558643
0.119881149803501
0.119106095908818
0.118250835853348
0.117317170185449
0.116307054706568
0.115222593645032
0.114066032353476
0.112839749565379
0.111546249248059
0.110188152091174
0.108768186671163
0.107289180333281
0.105754049833768
0.104165791785404
0.102527472950092
0.100842220422285
0.099113211746970
0.097343665015603
0.095536828982777
0.093695973245623
0.091824378526860
0.089925327101189
0.088002093403243
0.086057934853653
0.084096082937974
0.082119734571219
0.080132043778621
0.078136113720970
0.076134989090523
0.074131648901008
0.072128999692711
0.070129869171028
0.068137000294268
0.066153045823783
0.064180563346903
0.062222010780477
0.060279742360214
0.058356005118461
0.056452935850549
0.054572558567401
0.052716782429761
0.050887400157172
0.049086086902683
0.047314399582276
0.045573776646127
0.043865538277062
0.042190886999999
0.040550908684692
0.038946573922833
0.037378739759415
0.035848151757263
0.034355446372867
0.032901153620919
0.031485700004502
0.030109411687485
0.028772517885461
0.027475154451535
0.026217367633266
0.024999117977330
0.023820284358746
0.022680668111967
0.021579997241660
0.020517930691672
0.019494062651368
0.018507926879391
0.017559001025752
0.016646710934118
0.015770434907174
0.014929507918979
0.014123225759341
0.013350849096333
0.012611607444228
0.011904703025244
0.011229314514684
0.010584600660159
0.009969703766751
0.009383753041062
0.008825867788194
0.008295160456793
0.007790739528275
0.007311712247389
0.006857187192164
0.006426276682266
0.006018099025547
0.005631780603465
0.005266457796723
0.004921278753223
0.004595405001035
0.004288012909674
0.003998295003522
0.003725461131655
0.003468739498808
0.003227377562517
0.003000642801834
0.002787823363232
0.002588228589544
0.002401189437936
0.002226058793037
0.002062211681399
0.001909045393550
0.001765979519829
0.001632455906213
0.001507938536242
0.001391913345080
0.001283887971596
0.001183391454228
0.001089973876216
0.001003205965587
0.000922678655113
0.000848002607210
0.000778807708548
0.000714742538891
0.000655473818453
0.000600685837821
0.000550079874228
0.000503373597740
0.000460300470648
0.000420609143123
0.000384062847965
0.000350438797011
0.000319527581573
0.000291132579019
0.000265069367426
0.000241165150001
0.000219258190795
0.000199197263012
0.000180841111071
0.000164057927380
0.000148724844652
0.000134727444411
0.000121959282207
0.000110321429966
0.000099722035712
0.000090075900863
0.000081304075131
0.000073333469040
0.000066096483920
0.000059530659224
0.000053578336902
0.000048186342542
0.000043305682917
0.000038891259546
0.000034901597825
0.000031298591280
0.000028047260435
0.000025115525792
0.000022473994402
0.000020095759489
0.000017956212572
0.000016032867568
0.000014305196298
0.000012754474878
0.000011363640459
0.000010117157763
0.000009000894933
0.000008002008162
0.000007108834628
0.000006310793248
0.000005598292790
0.000004962646901
0.000004395995609
0.000003891232917
0.000003441940062
0.000003042324075
0.000002687161298
0.000002371745495
0.000002091840251
0.000001843635344
0.000001623706803
0.000001428980380
0.000001256698187
0.000001104388242
0.000000969836709
0.000000851062626
0.000000746294894
0.000000653951393
0.000000572620000
0.000000501041380
0.000000438093404
0.000000382777028
0.000000334203541
0.000000291583034
0.000000254214008
0.000000221473986
0.000000192811077
0.000000167736373
0.000000145817123
0.000000126670593
0.000000109958570
0.000000095382424
0.000000082678697
0.000000071615145
0.000000061987214
0.000000053614880
0.000000046339841
0.000000040023007
0.000000034542269
0.000000029790512
0.000000025673853
0.000000022110069
0.000000019027209
0.000000016362364
0.000000014060571
0.000000012073850
0.000000010360354
0.000000008883607
0.000000007611846
0.000000006517433
0.000000005576339
0.000000004767686
0.000000004073353
0.000000003477622
0.000000002966870
0.000000002529302
0.000000002154710
0.000000001834268
0.000000001560352
0.000000001326382
0.000000001126679
0.000000000956352
0.000000000811188
0.000000000687560
0.000000000582353
0.000000000492886
0.000000000416864
0.000000000352312
0.000000000297540
0.000000000251102
0.000000000211759
0.000000000178450
0.000000000150273
0.000000000126453
0.000000000106331
0.000000000089348
0.000000000075022
0.000000000062948
0.000000000052779
0.000000000044220
0.000000000037023
0.000000000030975
0.000000000025896
0.000000000021634
0.000000000018060
0.000000000015066
0.000000000012559
0.000000000010462
0.000000000008709
0.000000000007244
0.000000000006021
0.000000000005001
0.000000000004151
0.000000000003443
0.000000000002853
0.000000000002363
0.000000000001956
0.000000000001617
0.000000000001337
0.000000000001104
0.000000000000911
0.000000000000751
0.000000000000619
0.000000000000510
0.000000000000419
0.000000000000345
0.000000000000283
0.000000000000233
0.000000000000191
0.000000000000156
0.000000000000128
0.000000000000105
0.000000000000086
0.000000000000070
0.000000000000057
0.000000000000047
0.000000000000038
0.000000000000031
0.000000000000025
0.000000000000021
0.000000000000017
0.000000000000014
0.000000000000011
0.000000000000009
0.000000000000007
0.000000000000006
0.000000000000005
0.000000000000004
0.000000000000003
0.000000000000002
0.000000000000002
0.000000000000002
0.000000000000001
0.000000000000001
0.000000000000001
0.000000000000001
0.000000000000001
0.000000000000000
0.000000000000000
0.000000000000001
0.000000000000000
0.000000000000000
-0.000000000000000
0.000000000000000
0.000000000000000
0.000000000000000
-0.000000000000000
-0.000000000000000
0.000000000000000
-0.000000000000000
0.000000000000000
-0.000000000000000
0.000000000000000
0.000000000000000
-0.000000000000000
-0.000000000000000
-0.000000000000000
0.000000000000000
0.000000000000000
-0.000000000000000
0.000000000000000
0.000000000000000
0.000000000000000
-0.000000000000000
-0.000000000000000
0.000000000000000
-0.000000000000000
-0.000000000000000
-0.000000000000000
0.000000000000000
0.000000000000000
-0.000000000000000
-0.000000000000000
0.000000000000000
0.000000000000000
0.000000000000000
-0.000000000000000
-0.000000000000000
0.000000000000000
0.000000000000000
-0.000000000000000
-0.000000000000000
-0.000000000000000
0.000000000000000
0.000000000000000
0.000000000000000
-0.000000000000000
0.000000000000000
0.000000000000000
-0.000000000000000
-0.000000000000000
0.000000000000000
-0.000000000000000
0.000000000000000
0.000000000000000
-0.000000000000000
-0.000000000000000
-0.000000000000000
0.000000000000000
0.000000000000000
-0.000000000000000
0.000000000000000
0.000000000000000
0.000000000000000
-0.000000000000000
-0.000000000000000
0.000000000000000
-0.000000000000000
0.000000000000000
-0.000000000000000
-0.000000000000000
0.000000000000000
0.000000000000000
0.000000000000000
-0.000000000000000
-0.000000000000000
0.000000000000000
0.000000000000000
0.000000000000000
-0.000000000000000
-0.000000000000000
0.000000000000000
0.000000000000000
-0.000000000000000
-0.000000000000000
-0.000000000000000
0.000000000000000
0.000000000000000
-0.000000000000000
0.000000000000000
-0.000000000000000
0.000000000000000
-0.000000000000000
-0.000000000000000
-0.000000000000000
0.000000000000000
0.000000000000000
-0.000000000000000
-0.000000000000000
-0.000000000000000
0.000000000000000
0.000000000000000
-0.000000000000000
-0.000000000000000
-0.000000000000000
0.000000000000000
0.000000000000000
-0.000000000000000
-0.000000000000000
0.000000000000000
0.000000000000000
-0.000000000000000
0.000000000000000
-0.000000000000000
0.000000000000000
-0.000000000000000
0.000000000000000
-0.000000000000000
-0.000000000000000
0.000000000000000
0.000000000000000
-0.000000000000000
-0.000000000000000
0.000000000000000
0.000000000000000
-0.000000000000000
-0.000000000000000
0.000000000000000
-0.000000000000000
-0.000000000000000
0.000000000000000
-0.000000000000000
0.000000000000000
0.000000000000000
-0.000000000000000
0.000000000000000
-0.000000000000000
-0.000000000000000
0.000000000000000
-0.000000000000000
-0.000000000000000
0.000000000000000
0.000000000000000
-0.000000000000000
-0.000000000000000
-0.000000000000000
0.000000000000000
-0.000000000000000
-0.000000000000000
0.000000000000000
-0.000000000000000
-0.000000000000000
0.000000000000000
-0.000000000000000
0.000000000000000
-0.000000000000000
0.000000000000000
-0.000000000000000
0.000000000000000
0.000000000000000
-0.000000000000000
-0.000000000000000
0.000000000000000
-0.000000000000000
-0.000000000000000
-0.000000000000000
0.000000000000000
-0.000000000000000
-0.000000000000000
0.000000000000000
0.000000000000000
0.000000000000000
-0.000000000000000
0.000000000000000
0.000000000000000
0.000000000000000
-0.000000000000000
0.000000000000000
-0.000000000000000
0.000000000000000
-0.000000000000000
-0.000000000000000
0.000000000000000
0.000000000000000
-0.000000000000000
0.000000000000000
0.000000000000000
-0.000000000000000
0.000000000000000
0.000000000000000
-0.000000000000000
-0.000000000000000
0.000000000000000
-0.000000000000000
-0.000000000000000
-0.000000000000000
0.000000000000000
0.000000000000000
-0.000000000000000
-0.000000000000000
0.000000000000000
-0.000000000000000
-0.000000000000000
0.000000000000000
0.000000000000000
0.000000000000000
-0.000000000000000
0.000000000000000
0.000000000000000
-0.000000000000000
-0.000000000000000
-0.000000000000000
-0.000000000000000
0.000000000000000
-0.000000000000000
0.000000000000000
-0.000000000000000
-0.000000000000000
0.000000000000000
-0.000000000000000
0.000000000000000
-0.000000000000000
0.000000000000000
0.000000000000000
-0.000000000000000
0.000000000000000
0.000000000000000
0.000000000000000
-0.000000000000000
0.000000000000000
0.000000000000000
0.000000000000000
-0.000000000000000
-0.000000000000000
0.000000000000000
0.000000000000000
0.000000000000000
-0.000000000000000
-0.000000000000000
0.000000000000000
0.000000000000000
-0.000000000000000
-0.000000000000000
0.000000000000000
0.000000000000000
-0.000000000000000
0.000000000000000
-0.000000000000000
0.000000000000000
-0.000000000000000
-0.000000000000000
-0.000000000000000
0.000000000000000
-0.000000000000000
-0.000000000000000
-0.000000000000000
0.000000000000000
0.000000000000000
-0.000000000000000
-0.000000000000000
0.000000000000000
0.000000000000000
-0.000000000000000
-0.000000000000000
0.000000000000000
0.000000000000000
-0.000000000000000
-0.000000000000001
0.000000000000000
0.000000000000000
-0.000000000000000
-0.000000000000000
0.000000000000000
0.000000000000000
-0.000000000000000
-0.000000000000000
0.000000000000000
0.000000000000000
0.000000000000000
-0.000000000000000
-0.000000000000000
0.000000000000000
0.000000000000000
-0.000000000000000
-0.000000000000000
0.000000000000000
0.000000000000000
-0.000000000000000
-0.000000000000000
0.000000000000000
0.000000000000000
-0.000000000000000
0.000000000000000
0.000000000000000
0.000000000000000
0.000000000000000
-0.000000000000000
0.000000000000000
0.000000000000000
-0.000000000000000
-0.000000000000000
0.000000000000000
0.000000000000000
-0.000000000000000
-0.000000000000000
0.000000000000000
0.000000000000000
-0.000000000000000
-0.000000000000000
0.000000000000000
0.000000000000000
-0.000000000000000
-0.000000000000000
-0.000000000000000
0.000000000000000
-0.000000000000000
-0.000000000000000
0.000000000000000
0.000000000000000
-0.000000000000000
-0.000000000000000
0.000000000000000
0.000000000000000
-0.000000000000000
-0.000000000000000
0.000000000000000
0.000000000000000
-0.000000000000000
-0.000000000000000
0.000000000000000
0.000000000000000
-0.000000000000000
0.000000000000000
-0.000000000000000
0.000000000000000
0.000000000000000
-0.000000000000000
-0.000000000000000
0.000000000000000
-0.000000000000000
-0.000000000000000
-0.000000000000000
0.000000000000000
0.000000000000000
-0.000000000000000
-0.000000000000000
0.000000000000000
0.000000000000000
-0.000000000000000
-0.000000000000000
-0.000000000000000
0.000000000000000
-0.000000000000000
0.000000000000000
-0.000000000000000
0.000000000000000
0.000000000000000
-0.000000000000000
-0.000000000000000
0.000000000000000
0.000000000000000
-0.000000000000000
0.000000000000000
0.000000000000000
-0.000000000000000
0.000000000000000
-0.000000000000000
-0.000000000000000
0.000000000000000
-0.000000000000000
0.000000000000000
0.000000000000000
-0.000000000000000
0.000000000000000
-0.000000000000000
-0.000000000000000
0.000000000000000
0.000000000000000
0.000000000000000
-0.000000000000000
0.000000000000000
0.000000000000000
-0.000000000000000
-0.000000000000000
-0.000000000000000
0.000000000000000
-0.000000000000000
-0.000000000000000
0.000000000000000
0.000000000000000
-0.000000000000000
-0.000000000000000
0.000000000000000
-0.000000000000000
-0.000000000000000
-0.000000000000000
0.000000000000000
0.000000000000000
-0.000000000000000
-0.000000000000000
-0.000000000000000
0.000000000000000
-0.000000000000000
-0.000000000000000
0.000000000000000
0.000000000000000
-0.000000000000000
-0.000000000000000
0.000000000000000
-0.000000000000000
-0.000000000000000
0.000000000000000
0.000000000000000
-0.000000000000000
0.000000000000000
0.000000000000000
0.000000000000000
-0.000000000000000
-0.000000000000000
0.000000000000000
-0.000000000000000
-0.000000000000000
-0.000000000000000
0.000000000000000
-0.000000000000000
-0.000000000000000
-0.000000000000000
0.000000000000000
-0.000000000000000
0.000000000000000
-0.000000000000000
-0.000000000000000
0.000000000000000
-0.000000000000000
0.000000000000000
-0.000000000000000
0.000000000000000
0.000000000000000
-0.000000000000000
-0.000000000000000
0.000000000000000
-0.000000000000000
0.000000000000000
0.000000000000000
-0.000000000000000
-0.000000000000000
0.000000000000000
0.000000000000000
-0.000000000000000
-0.000000000000000
0.000000000000000
0.000000000000000
-0.000000000000000
-0.000000000000000
0.000000000000000
0.000000000000000
-0.000000000000000
-0.000000000000000
0.000000000000000
0.000000000000000
-0.000000000000000
0.000000000000000
-0.000000000000000
0.000000000000000
0.000000000000000
-0.000000000000000
-0.000000000000000
0.000000000000000
-0.000000000000000
-0.000000000000000
-0.000000000000000
0.000000000000000
0.000000000000000
-0.000000000000000
-0.000000000000000
0.000000000000000
0.000000000000000
-0.000000000000000
-0.000000000000000
-0.000000000000000
0.000000000000000
-0.000000000000000
-0.000000000000000
0.000000000000000
0.000000000000000
0.000000000000000
-0.000000000000000
-0.000000000000000
0.000000000000000
-0.000000000000000
-0.000000000000000
-0.000000000000000
0.000000000000000
-0.000000000000000
-0.000000000000000
0.000000000000000
0.000000000000000
-0.000000000000000
-0.000000000000000
0.000000000000000
0.000000000000000
-0.000000000000000
-0.000000000000000
0.000000000000000
0.000000000000000
0.000000000000000
-0.000000000000000
-0.000000000000000
0.000000000000000
0.000000000000000
-0.000000000000000
-0.000000000000000
0.000000000000000
0.000000000000000
-0.000000000000000
-0.000000000000000
0.000000000000000
-0.000000000000000
0.000000000000000
-0.000000000000000
0.000000000000000
0.000000000000000
-0.000000000000000
0.000000000000000
-0.000000000000000
-0.000000000000000
-0.000000000000000
0.000000000000000
0.000000000000000
-0.000000000000000
0.000000000000000
-0.000000000000000
0.000000000000000
0.000000000000000
-0.000000000000000
-0.000000000000000
0.000000000000000
0.000000000000000
-0.000000000000000
-0.000000000000000
0.000000000000000
0.000000000000000
0.000000000000000
-0.000000000000000
-0.000000000000000
0.000000000000000
0.000000000000000
-0.000000000000000
-0.000000000000000
