1.45248798
1.18536755
0.96398679
0.78063656
0.62894782
0.50364901
0.40036927
0.31547840
0.24595649
0.18928745
0.14337192
0.10645580
0.07707161
0.05399015
0.03618070
0.02277805
0.01305531
0.00640128
0.00230169
0.00032358
0.00010230
0.00133063
0.00374972
0.00714145
0.01132210
0.01613697
0.02145589
0.02716943
0.03318570
0.03942768
0.04583091
0.05234160
0.05891497
0.06551390
0.07210774
0.07867130
0.08518405
0.09162936
0.09799393
0.10426722
0.11044104
0.11650920
0.12246710
0.12831157
0.13404055
0.13965291
0.14514833
0.15052708
0.15578997
0.16093817
0.16597319
0.17089678
0.17571086
0.18041746
0.18501869
0.18951672
0.19391369
0.19821176
0.20241302
0.20651953
0.21053325
0.21445609
0.21828985
0.22203626
0.22569692
0.22927338
0.23276704
0.23617923
0.23951119
0.24276406
0.24593888
0.24903663
0.25205819
0.25500439
0.25787598
0.26067365
0.26339805
0.26604977
0.26862937
0.27113740
0.27357434
0.27594071
0.27823697
0.28046363
0.28262115
0.28471005
0.28673084
0.28868407
0.29057031
0.29239016
0.29414428
0.29583336
0.29745812
0.29901937
0.30051793
0.30195470
0.30333063
0.30464673
0.30590405
0.30710372
0.30824692
0.30933486
0.31036882
0.31135014
0.31228019
