0.750000000
0.800000000
0.850000000
0.900000000
0.950000000
1.000000000
1.050000000
1.100000000
1.150000000
1.200000000
1.250000000
1.300000000
1.350000000
1.400000000
1.450000000
1.500000000
1.550000000
1.600000000
1.650000000
1.700000000
1.750000000
1.800000000
1.850000000
1.900000000
1.950000000
2.000000000
2.050000000
2.100000000
2.150000000
2.200000000
2.250000000
2.300000000
2.350000000
2.400000000
2.450000000
2.500000000
2.550000000
2.600000000
2.650000000
2.700000000
2.750000000
2.800000000
2.850000000
2.900000000
2.950000000
3.000000000
3.050000000
3.100000000
3.150000000
3.200000000
3.250000000
3.300000000
3.350000000
3.400000000
3.450000000
3.500000000
3.550000000
3.600000000
3.650000000
3.700000000
3.750000000
3.800000000
3.850000000
3.900000000
3.950000000
4.000000000
4.050000000
4.100000000
4.150000000
4.200000000
4.250000000
4.300000000
4.350000000
4.400000000
4.450000000
4.500000000
4.550000000
4.600000000
4.650000000
4.700000000
4.750000000
4.800000000
4.850000000
4.900000000
4.950000000
5.000000000
5.050000000
5.100000000
5.150000000
5.200000000
5.250000000
5.300000000
5.350000000
5.400000000
5.450000000
5.500000000
5.550000000
5.600000000
5.650000000
5.700000000
5.750000000
5.800000000
5.850000000
5.900000000
5.950000000
