-0.000000000000000000
-0.000000000000000000
-0.000000000000000000
-0.000000000000000000
-0.000000000000000000
-0.000000000000000000
-0.000000000000000000
-0.000000000000000000
-0.000000000000000000
-0.000000000000000000
-0.000000000000000000
-0.000000000000000000
0.000000000000000000
0.000000000000000000
0.000000000000000000
0.000000000000000000
0.000000000000000000
-0.000000000000000000
-0.000000000000000000
-0.000000000000000000
-0.000000000000000000
-0.000000000000000000
-0.000000000000000001
-0.000000000000000003
-0.000000000000000008
-0.000000000000000018
-0.000000000000000033
-0.000000000000000055
-0.000000000000000070
-0.000000000000000069
-0.000000000000000035
0.000000000000000035
0.000000000000000097
0.000000000000000132
0.000000000000000102
0.000000000000000096
0.000000000000000096
0.000000000000000109
0.000000000000000043
-0.000000000000000064
0.000000000000000001
0.000000000000000139
0.000000000000000320
0.000000000000000149
-0.000000000000000032
-0.000000000000000043
0.000000000000000127
0.000000000000000049
-0.000000000000000140
-0.000000000000000201
0.000000000000000048
0.000000000000000182
0.000000000000000080
-0.000000000000000093
-0.000000000000000053
0.000000000000000232
0.000000000000000264
0.000000000000000003
-0.000000000000000149
0.000000000000000054
-0.000000000000000040
-0.000000000000000006
-0.000000000000000004
-0.000000000000000268
0.000000000000000005
-0.000000000000000227
-0.000000000000000593
-0.000000000000000429
-0.000000000000002819
-0.000000000000010020
-0.000000000000032409
-0.000000000000101390
-0.000000000000311114
-0.000000000000927812
-0.000000000002691929
-0.000000000007624525
-0.000000000021067506
-0.000000000056771528
-0.000000000149140617
-0.000000000381944631
-0.000000000955784294
-0.000000002337083481
-0.000000005581538469
-0.000000013013448180
-0.000000029616366232
-0.000000065939268294
-0.000000143634338341
-0.000000305974181086
-0.000000637084301572
-0.000001296256907248
-0.000002582801896832
-0.000005040345183985
-0.000009629776318940
-0.000018001818989276
-0.000032916588741388
-0.000058990105630444
-0.000103635479461145
-0.000178415543672566
-0.000300812724704903
-0.000496490054918831
-0.000803667425614687
-0.001276218153697689
-0.001987475596178868
-0.003033462932750570
-0.004535247336638455
-0.006652832598229732
-0.009578737282241259
-0.013532087315904820
-0.018745224642705394
-0.025444500134620813
-0.033890984392611657
-0.044310798354656400
-0.056849176420876162
-0.071516134342948387
-0.088138680276906467
-0.106526392419949184
-0.126284814124204670
-0.146766414690145730
-0.167045086621195105
-0.185940632417439689
-0.202463202919061419
-0.215525596476653453
-0.223976458124713229
-0.226677707700831649
-0.222631507688407088
-0.211517106316124831
-0.193307698856741900
-0.168282978035664915
-0.137059305398401998
-0.100616123680919906
-0.060447500686818055
-0.018210713563876844
0.024362288229456092
0.065537788182642678
0.103662086501018436
0.137384310444971097
0.165662759333133930
0.187774811060350821
0.203311750724754658
0.212176136281089167
0.214808798338107204
0.211881971896267979
0.204205639423239160
0.192656553357542226
0.178130578116991511
0.161676594891831754
0.144233091812263042
0.126585202212986442
0.109353380420196225
0.093001696975619552
0.077929810894149382
0.064381493105164903
0.052465035685509823
0.042182750338307873
0.033461155386334970
0.026200107395172447
0.020258849580836309
0.015474536147405149
0.011678273361664925
0.008706895104927835
0.006415387541909546
0.004673055776736555
0.003365945832642988
0.002397702778716719
0.001689015838732073
0.001176889849652093
0.000811360780009981
0.000553551663911289
0.000373780761432131
0.000249786001302673
0.000165234410033859
0.000108219298844752
0.000070186964873629
0.000045081830988515
0.000028676694580279
0.000018068027870672
0.000011277708715085
0.000006974677057694
0.000004274290470776
0.000002595618261022
0.000001562117190935
0.000000931846129321
0.000000551046459401
0.000000323062881996
0.000000187780627217
0.000000108225392806
0.000000061854897855
0.000000035061751644
0.000000019712733916
0.000000010993408165
0.000000006081808564
0.000000003338042635
0.000000001817822621
0.000000000982309504
0.000000000526753832
0.000000000280328586
0.000000000148068568
0.000000000077630707
0.000000000040402552
0.000000000020874848
0.000000000010708102
0.000000000005453731
0.000000000002758173
0.000000000001385273
0.000000000000690763
0.000000000000342441
0.000000000000168278
0.000000000000082383
0.000000000000039897
0.000000000000019284
0.000000000000009341
0.000000000000004235
0.000000000000002234
0.000000000000000838
0.000000000000000500
0.000000000000000246
0.000000000000000078
0.000000000000000101
0.000000000000000000
-0.000000000000000027
0.000000000000000062
-0.000000000000000130
0.000000000000000159
-0.000000000000000205
0.000000000000000178
-0.000000000000000247
0.000000000000000083
-0.000000000000000108
0.000000000000000029
-0.000000000000000016
0.000000000000000002
0.000000000000000063
-0.000000000000000020
0.000000000000000062
-0.000000000000000013
0.000000000000000066
-0.000000000000000096
0.000000000000000140
-0.000000000000000196
0.000000000000000168
-0.000000000000000160
0.000000000000000050
0.000000000000000023
-0.000000000000000044
0.000000000000000148
-0.000000000000000166
0.000000000000000184
-0.000000000000000204
0.000000000000000087
-0.000000000000000070
-0.000000000000000033
0.000000000000000106
-0.000000000000000163
0.000000000000000165
-0.000000000000000136
0.000000000000000131
-0.000000000000000085
0.000000000000000054
-0.000000000000000083
0.000000000000000115
-0.000000000000000108
0.000000000000000179
-0.000000000000000247
0.000000000000000225
-0.000000000000000243
0.000000000000000223
-0.000000000000000138
0.000000000000000105
-0.000000000000000026
-0.000000000000000057
0.000000000000000109
-0.000000000000000167
0.000000000000000184
-0.000000000000000141
0.000000000000000223
-0.000000000000000176
0.000000000000000196
-0.000000000000000194
0.000000000000000195
-0.000000000000000115
0.000000000000000058
0.000000000000000022
-0.000000000000000016
0.000000000000000110
-0.000000000000000128
0.000000000000000178
-0.000000000000000220
0.000000000000000250
-0.000000000000000239
0.000000000000000268
-0.000000000000000298
0.000000000000000321
-0.000000000000000293
0.000000000000000285
-0.000000000000000246
0.000000000000000219
-0.000000000000000176
0.000000000000000185
-0.000000000000000175
0.000000000000000130
-0.000000000000000098
0.000000000000000062
-0.000000000000000042
0.000000000000000034
-0.000000000000000023
-0.000000000000000003
0.000000000000000001
-0.000000000000000016
-0.000000000000000002
-0.000000000000000001
0.000000000000000019
-0.000000000000000008
0.000000000000000000
0.000000000000000006
-0.000000000000000001
-0.000000000000000010
-0.000000000000000016
0.000000000000000002
-0.000000000000000003
0.000000000000000012
-0.000000000000000011
0.000000000000000006
-0.000000000000000013
0.000000000000000002
-0.000000000000000008
0.000000000000000010
-0.000000000000000006
0.000000000000000004
-0.000000000000000006
0.000000000000000005
-0.000000000000000006
0.000000000000000003
-0.000000000000000003
0.000000000000000004
-0.000000000000000003
0.000000000000000002
-0.000000000000000002
0.000000000000000001
-0.000000000000000001
0.000000000000000001
-0.000000000000000000
0.000000000000000000
-0.000000000000000000
0.000000000000000000
-0.000000000000000000
0.000000000000000000
-0.000000000000000001
0.000000000000000001
-0.000000000000000001
0.000000000000000001
-0.000000000000000001
0.000000000000000001
-0.000000000000000001
0.000000000000000001
-0.000000000000000001
0.000000000000000001
-0.000000000000000001
0.000000000000000001
-0.000000000000000001
0.000000000000000001
-0.000000000000000001
0.000000000000000001
-0.000000000000000001
0.000000000000000001
-0.000000000000000001
0.000000000000000001
-0.000000000000000000
0.000000000000000000
0.000000000000000000
-0.000000000000000000
0.000000000000000001
-0.000000000000000001
0.000000000000000001
-0.000000000000000001
0.000000000000000001
-0.000000000000000000
0.000000000000000000
-0.000000000000000000
0.000000000000000000
-0.000000000000000000
0.000000000000000000
-0.000000000000000000
-0.000000000000000000
0.000000000000000000
-0.000000000000000000
0.000000000000000000
-0.000000000000000000
0.000000000000000001
-0.000000000000000001
0.000000000000000001
-0.000000000000000000
0.000000000000000000
0.000000000000000000
-0.000000000000000000
0.000000000000000001
-0.000000000000000001
0.000000000000000001
-0.000000000000000001
0.000000000000000001
-0.000000000000000000
0.000000000000000000
0.000000000000000000
-0.000000000000000000
0.000000000000000000
-0.000000000000000000
0.000000000000000000
-0.000000000000000000
0.000000000000000000
-0.000000000000000000
0.000000000000000000
-0.000000000000000000
0.000000000000000000
-0.000000000000000000
-0.000000000000000000
0.000000000000000000
-0.000000000000000000
0.000000000000000000
-0.000000000000000000
0.000000000000000000
-0.000000000000000000
0.000000000000000000
0.000000000000000000
-0.000000000000000000
0.000000000000000001
-0.000000000000000001
0.000000000000000001
-0.000000000000000000
0.000000000000000000
0.000000000000000000
-0.000000000000000000
0.000000000000000000
-0.000000000000000001
0.000000000000000000
-0.000000000000000000
0.000000000000000000
0.000000000000000000
-0.000000000000000000
0.000000000000000000
-0.000000000000000000
0.000000000000000000
-0.000000000000000000
0.000000000000000000
-0.000000000000000000
0.000000000000000000
-0.000000000000000000
0.000000000000000000
0.000000000000000000
-0.000000000000000000
0.000000000000000000
-0.000000000000000000
0.000000000000000000
-0.000000000000000000
0.000000000000000000
-0.000000000000000000
-0.000000000000000000
0.000000000000000000
-0.000000000000000000
0.000000000000000000
-0.000000000000000000
0.000000000000000000
0.000000000000000000
-0.000000000000000000
0.000000000000000000
-0.000000000000000001
0.000000000000000000
-0.000000000000000000
0.000000000000000000
0.000000000000000000
-0.000000000000000000
0.000000000000000000
-0.000000000000000000
0.000000000000000000
-0.000000000000000000
-0.000000000000000000
0.000000000000000000
-0.000000000000000000
0.000000000000000000
-0.000000000000000000
0.000000000000000000
-0.000000000000000000
0.000000000000000000
-0.000000000000000000
0.000000000000000000
-0.000000000000000000
0.000000000000000000
0.000000000000000000
-0.000000000000000000
0.000000000000000000
-0.000000000000000000
0.000000000000000000
-0.000000000000000000
-0.000000000000000000
0.000000000000000000
-0.000000000000000000
0.000000000000000000
-0.000000000000000000
0.000000000000000000
0.000000000000000000
-0.000000000000000000
0.000000000000000000
-0.000000000000000000
0.000000000000000000
-0.000000000000000000
-0.000000000000000000
0.000000000000000000
-0.000000000000000000
0.000000000000000000
-0.000000000000000000
0.000000000000000000
0.000000000000000000
-0.000000000000000000
0.000000000000000000
-0.000000000000000000
0.000000000000000000
-0.000000000000000000
-0.000000000000000000
0.000000000000000000
