-0.000000000000000000
-0.000000000000000000
-0.000000000000000000
-0.000000000000000000
-0.000000000000000000
-0.000000000000000000
-0.000000000000000000
-0.000000000000000000
-0.000000000000000000
-0.000000000000000000
-0.000000000000000000
-0.000000000000000000
-0.000000000000000000
-0.000000000000000000
-0.000000000000000000
-0.000000000000000000
-0.000000000000000000
-0.000000000000000000
-0.000000000000000000
-0.000000000000000000
-0.000000000000000000
-0.000000000000000001
-0.000000000000000003
-0.000000000000000008
-0.000000000000000017
-0.000000000000000030
-0.000000000000000047
-0.000000000000000055
-0.000000000000000042
0.000000000000000004
0.000000000000000060
0.000000000000000102
0.000000000000000057
-0.000000000000000006
-0.000000000000000059
-0.000000000000000043
-0.000000000000000030
-0.000000000000000065
-0.000000000000000134
-0.000000000000000029
0.000000000000000075
0.000000000000000020
-0.000000000000000088
0.000000000000000045
0.000000000000000217
0.000000000000000205
0.000000000000000047
0.000000000000000130
0.000000000000000046
-0.000000000000000112
0.000000000000000062
0.000000000000000014
-0.000000000000000250
-0.000000000000000079
0.000000000000000044
0.000000000000000012
0.000000000000000159
-0.000000000000000082
-0.000000000000000012
0.000000000000000104
-0.000000000000000213
0.000000000000000105
0.000000000000000015
-0.000000000000000168
0.000000000000000028
-0.000000000000000090
0.000000000000000500
0.000000000000000756
0.000000000000003187
0.000000000000010146
0.000000000000032150
0.000000000000101389
0.000000000000310524
0.000000000000926586
0.000000000002689538
0.000000000007617126
0.000000000021047694
0.000000000056719036
0.000000000149005056
0.000000000381605049
0.000000000954953830
0.000000002335098109
0.000000005576905849
0.000000013002899548
0.000000029592933449
0.000000065888365654
0.000000143526211744
0.000000305749687150
0.000000636628993900
0.000001295355123926
0.000002581053994783
0.000005037029247142
0.000009623622210606
0.000017990652470852
0.000032896788225636
0.000058955726388373
0.000103577018986005
0.000178318230428223
0.000300654264546247
0.000496237791357011
0.000803274110538035
0.001275617427172993
0.001986577232380229
0.003032148569686538
0.004533367495935072
0.006650200519912475
0.009575128878894248
0.013527246635619683
0.018738876970482678
0.025436373464923220
0.033880818034513288
0.044298374702637949
0.056834363041161198
0.071498933691433925
0.088119279892567459
0.106505162660279956
0.126262337011023157
0.146743502942503379
0.167022783315583401
0.185920181307962090
0.202445942886564728
0.215512886708930707
0.223969587839292161
0.226677791020075625
0.222639371358510696
0.211533196282116587
0.193332019117658127
0.168315054210652487
0.137098177671105631
0.100660377820137537
0.060495407855358750
0.018260337618650216
-0.024312974760308626
-0.065490783499063135
-0.103619238000937877
-0.137347144238251256
-0.165632410024603521
-0.187751986997139464
-0.203296728969913049
-0.212168783562038027
-0.214808606424801041
-0.211888136991873727
-0.204217149447912305
-0.192672273900631463
-0.178149332484339479
-0.161697252514214712
-0.144254626023920279
-0.126606727670930397
-0.109374172634050013
-0.093021197886853160
-0.077947639484897580
-0.064397426742868830
-0.052478984191404593
-0.042194727702208494
-0.033471252483832328
-0.026208474351340091
-0.020265671626618947
-0.015480013540132060
-0.011682606168184867
-0.008710272658527125
-0.006417983778183913
-0.004675024737579294
-0.003367419743025696
-0.002398792129107867
-0.001689810818183388
-0.001177462919191274
-0.000811768989498482
-0.000553839082050659
-0.000373980832444097
-0.000249923691592217
-0.000165328121458951
-0.000108282390260199
-0.000070228992620202
-0.000045109535875568
-0.000028694767967723
-0.000018079698030595
-0.000011285169077677
-0.000006979399521462
-0.000004277250935639
-0.000002597456263909
-0.000001563247505610
-0.000000932534770662
-0.000000551462171445
-0.000000323311566800
-0.000000187928055720
-0.000000108312018539
-0.000000061905353119
-0.000000035090886338
-0.000000019729414866
-0.000000011002877828
-0.000000006087139329
-0.000000003341019535
-0.000000001819470713
-0.000000000983215410
-0.000000000527247347
-0.000000000280595530
-0.000000000148211777
-0.000000000077707014
-0.000000000040442860
-0.000000000020896074
-0.000000000010719177
-0.000000000005459455
-0.000000000002761260
-0.000000000001386562
-0.000000000000691709
-0.000000000000342613
-0.000000000000168489
-0.000000000000082598
-0.000000000000039727
-0.000000000000019535
-0.000000000000009051
-0.000000000000004525
-0.000000000000002052
-0.000000000000000908
-0.000000000000000560
-0.000000000000000047
-0.000000000000000273
0.000000000000000146
-0.000000000000000205
0.000000000000000036
0.000000000000000041
-0.000000000000000098
0.000000000000000007
0.000000000000000047
-0.000000000000000069
0.000000000000000153
-0.000000000000000113
0.000000000000000020
0.000000000000000005
-0.000000000000000113
0.000000000000000175
-0.000000000000000232
0.000000000000000181
-0.000000000000000128
0.000000000000000085
-0.000000000000000014
-0.000000000000000000
0.000000000000000060
-0.000000000000000067
0.000000000000000021
0.000000000000000020
-0.000000000000000045
0.000000000000000036
-0.000000000000000052
0.000000000000000115
-0.000000000000000062
0.000000000000000099
-0.000000000000000142
0.000000000000000123
-0.000000000000000037
0.000000000000000017
0.000000000000000040
0.000000000000000006
0.000000000000000060
-0.000000000000000134
0.000000000000000100
-0.000000000000000093
0.000000000000000112
-0.000000000000000024
-0.000000000000000011
0.000000000000000104
-0.000000000000000163
0.000000000000000218
-0.000000000000000261
0.000000000000000257
-0.000000000000000212
0.000000000000000154
-0.000000000000000058
-0.000000000000000026
0.000000000000000112
-0.000000000000000188
0.000000000000000264
-0.000000000000000258
0.000000000000000231
-0.000000000000000184
0.000000000000000258
-0.000000000000000135
0.000000000000000150
-0.000000000000000129
0.000000000000000129
-0.000000000000000155
0.000000000000000112
-0.000000000000000161
0.000000000000000169
-0.000000000000000134
0.000000000000000158
-0.000000000000000143
0.000000000000000098
-0.000000000000000063
-0.000000000000000001
-0.000000000000000019
-0.000000000000000042
0.000000000000000074
-0.000000000000000086
0.000000000000000107
-0.000000000000000098
0.000000000000000137
-0.000000000000000128
0.000000000000000129
-0.000000000000000091
0.000000000000000096
-0.000000000000000106
0.000000000000000076
-0.000000000000000085
0.000000000000000081
-0.000000000000000076
0.000000000000000093
-0.000000000000000097
0.000000000000000074
-0.000000000000000101
0.000000000000000080
-0.000000000000000096
0.000000000000000092
-0.000000000000000080
0.000000000000000084
-0.000000000000000083
0.000000000000000086
-0.000000000000000079
0.000000000000000072
-0.000000000000000059
0.000000000000000061
-0.000000000000000052
0.000000000000000041
-0.000000000000000037
0.000000000000000034
-0.000000000000000026
0.000000000000000023
-0.000000000000000019
0.000000000000000017
-0.000000000000000013
0.000000000000000008
-0.000000000000000008
0.000000000000000007
-0.000000000000000004
0.000000000000000004
-0.000000000000000003
0.000000000000000002
-0.000000000000000001
0.000000000000000001
-0.000000000000000001
0.000000000000000001
-0.000000000000000001
0.000000000000000000
-0.000000000000000000
0.000000000000000000
-0.000000000000000000
0.000000000000000000
-0.000000000000000000
0.000000000000000000
-0.000000000000000000
0.000000000000000000
-0.000000000000000000
0.000000000000000000
-0.000000000000000000
-0.000000000000000000
0.000000000000000000
-0.000000000000000000
0.000000000000000000
0.000000000000000000
-0.000000000000000000
0.000000000000000000
-0.000000000000000000
0.000000000000000000
-0.000000000000000000
-0.000000000000000000
0.000000000000000000
-0.000000000000000000
0.000000000000000000
-0.000000000000000000
0.000000000000000000
0.000000000000000000
-0.000000000000000000
0.000000000000000000
-0.000000000000000000
0.000000000000000000
0.000000000000000000
-0.000000000000000000
0.000000000000000000
-0.000000000000000000
0.000000000000000000
-0.000000000000000000
-0.000000000000000000
0.000000000000000000
-0.000000000000000000
0.000000000000000000
-0.000000000000000000
-0.000000000000000000
0.000000000000000000
-0.000000000000000000
0.000000000000000000
-0.000000000000000000
0.000000000000000000
0.000000000000000000
-0.000000000000000000
0.000000000000000000
0.000000000000000000
-0.000000000000000000
0.000000000000000000
-0.000000000000000000
0.000000000000000000
-0.000000000000000000
0.000000000000000000
-0.000000000000000000
0.000000000000000000
-0.000000000000000000
0.000000000000000000
-0.000000000000000000
0.000000000000000000
-0.000000000000000000
0.000000000000000000
-0.000000000000000000
0.000000000000000000
-0.000000000000000000
0.000000000000000000
-0.000000000000000000
0.000000000000000000
-0.000000000000000000
0.000000000000000000
-0.000000000000000000
0.000000000000000000
-0.000000000000000000
0.000000000000000000
-0.000000000000000000
-0.000000000000000000
0.000000000000000000
-0.000000000000000000
0.000000000000000000
-0.000000000000000000
0.000000000000000000
-0.000000000000000000
0.000000000000000000
-0.000000000000000000
0.000000000000000000
-0.000000000000000000
0.000000000000000000
-0.000000000000000000
0.000000000000000000
-0.000000000000000000
-0.000000000000000000
0.000000000000000000
-0.000000000000000000
0.000000000000000000
-0.000000000000000000
0.000000000000000000
-0.000000000000000000
0.000000000000000000
-0.000000000000000000
0.000000000000000000
-0.000000000000000000
0.000000000000000000
-0.000000000000000000
0.000000000000000000
0.000000000000000000
-0.000000000000000000
0.000000000000000000
-0.000000000000000000
0.000000000000000000
-0.000000000000000000
0.000000000000000000
-0.000000000000000000
0.000000000000000000
-0.000000000000000000
0.000000000000000000
-0.000000000000000000
0.000000000000000000
-0.000000000000000000
-0.000000000000000000
0.000000000000000000
-0.000000000000000000
0.000000000000000000
-0.000000000000000000
0.000000000000000000
-0.000000000000000000
-0.000000000000000000
0.000000000000000000
-0.000000000000000000
-0.000000000000000000
0.000000000000000000
-0.000000000000000000
-0.000000000000000000
0.000000000000000000
-0.000000000000000000
0.000000000000000000
-0.000000000000000000
0.000000000000000000
-0.000000000000000000
-0.000000000000000000
0.000000000000000000
-0.000000000000000000
0.000000000000000000
-0.000000000000000000
0.000000000000000000
-0.000000000000000000
0.000000000000000000
-0.000000000000000000
0.000000000000000000
-0.000000000000000000
0.000000000000000000
-0.000000000000000000
-0.000000000000000000
0.000000000000000000
-0.000000000000000000
0.000000000000000000
-0.000000000000000000
0.000000000000000000
0.000000000000000000
-0.000000000000000000
0.000000000000000000
-0.000000000000000000
-0.000000000000000000
0.000000000000000000
-0.000000000000000000
-0.000000000000000000
0.000000000000000000
-0.000000000000000000
0.000000000000000000
-0.000000000000000000
