-0.000000000000000000
-0.000000000000000000
-0.000000000000000000
-0.000000000000000000
-0.000000000000000000
-0.000000000000000000
-0.000000000000000000
-0.000000000000000000
-0.000000000000000000
-0.000000000000000000
-0.000000000000000000
-0.000000000000000000
-0.000000000000000000
-0.000000000000000000
-0.000000000000000000
-0.000000000000000000
-0.000000000000000000
-0.000000000000000000
-0.000000000000000000
-0.000000000000000000
-0.000000000000000000
-0.000000000000000001
-0.000000000000000002
-0.000000000000000005
-0.000000000000000012
-0.000000000000000023
-0.000000000000000041
-0.000000000000000060
-0.000000000000000068
-0.000000000000000060
-0.000000000000000050
-0.000000000000000049
-0.000000000000000047
-0.000000000000000065
-0.000000000000000040
0.000000000000000001
0.000000000000000093
0.000000000000000102
0.000000000000000011
-0.000000000000000121
-0.000000000000000092
-0.000000000000000042
-0.000000000000000020
-0.000000000000000131
-0.000000000000000060
0.000000000000000084
0.000000000000000021
-0.000000000000000185
-0.000000000000000080
0.000000000000000136
-0.000000000000000004
-0.000000000000000192
0.000000000000000108
0.000000000000000071
-0.000000000000000065
0.000000000000000077
-0.000000000000000006
-0.000000000000000264
0.000000000000000064
0.000000000000000153
-0.000000000000000007
-0.000000000000000244
-0.000000000000000328
-0.000000000000000022
-0.000000000000000202
-0.000000000000000237
-0.000000000000000404
-0.000000000000001058
-0.000000000000003106
-0.000000000000009888
-0.000000000000032186
-0.000000000000101372
-0.000000000000309942
-0.000000000000925017
-0.000000000002684618
-0.000000000007602513
-0.000000000021007674
-0.000000000056613850
-0.000000000148734640
-0.000000000380927313
-0.000000000953294609
-0.000000002331132995
-0.000000005567652520
-0.000000012981828234
-0.000000029546121943
-0.000000065786676752
-0.000000143310198763
-0.000000305301183229
-0.000000635719327138
-0.000001293553380560
-0.000002577561618921
-0.000005030403675932
-0.000009611325324926
-0.000017968339330603
-0.000032857221298124
-0.000058887025070783
-0.000103460191757287
-0.000178123754122618
-0.000300337579250797
-0.000495733623101334
-0.000802488015914179
-0.001274416755142790
-0.001984781617095214
-0.003029521388608554
-0.004529609904853914
-0.006644939120095332
-0.009567915614479870
-0.013517569702448143
-0.018726186995570080
-0.025420126423946393
-0.033860492449964245
-0.044273535160154101
-0.056804744339601948
-0.071464540264971441
-0.088080486200008704
-0.106462708697191030
-0.126217386040111956
-0.146697679616591914
-0.166978173074128711
-0.185879271107344646
-0.202411410176435047
-0.215487449862168390
-0.223955825650958978
-0.226677932485469358
-0.222655071101563989
-0.211565347602739928
-0.193380631610732934
-0.168379180785423549
-0.137175900310925303
-0.100748869487017681
-0.060591211951356881
-0.018359582501604313
0.024214343869189272
0.065396763322109017
0.103533524112077294
0.137272789998916900
0.165571686040339006
0.187706311492847971
0.203266657618204755
0.212154051269208083
0.214808197961751574
0.211900445714158170
0.204240151835193756
0.192703701461201943
0.178186831872452905
0.161738562377926248
0.144297692622470553
0.126649779777679272
0.109415760657056951
0.093060205080745223
0.077983303216330735
0.064429301213061493
0.052506888593003669
0.042218689657232911
0.033491453477637878
0.026225214457944200
0.020279321209114676
0.015490973076662846
0.011691275802827765
0.008717031100939240
0.006423178965064781
0.004678964829876174
0.003370369271131584
0.002400972151783889
0.001691401784951582
0.001178609815539773
0.000812585969545607
0.000554414328460828
0.000374381270360581
0.000250199282898557
0.000165515692518665
0.000108408676074404
0.000070313118830072
0.000045164993653654
0.000028730946956049
0.000018103059729063
0.000011300103834912
0.000006988853563018
0.000004283177722400
0.000002601135994574
0.000001565510481129
0.000000933913515578
0.000000552294499020
0.000000323809488554
0.000000188223246986
0.000000108485470628
0.000000062006383169
0.000000035149226952
0.000000019762817528
0.000000011021841406
0.000000006097815659
0.000000003346980641
0.000000001822772196
0.000000000985028975
0.000000000528235963
0.000000000281129672
0.000000000148498809
0.000000000077859442
0.000000000040523676
0.000000000020938390
0.000000000010741181
0.000000000005470947
0.000000000002767032
0.000000000001389599
0.000000000000693223
0.000000000000343273
0.000000000000169073
0.000000000000082563
0.000000000000040062
0.000000000000019427
0.000000000000009100
0.000000000000004598
0.000000000000002028
0.000000000000001041
0.000000000000000467
0.000000000000000143
0.000000000000000314
-0.000000000000000144
0.000000000000000221
-0.000000000000000216
0.000000000000000281
-0.000000000000000226
0.000000000000000133
-0.000000000000000098
0.000000000000000136
-0.000000000000000134
0.000000000000000157
-0.000000000000000176
0.000000000000000108
-0.000000000000000144
0.000000000000000175
-0.000000000000000072
0.000000000000000016
0.000000000000000024
-0.000000000000000069
0.000000000000000053
-0.000000000000000079
0.000000000000000109
0.000000000000000007
-0.000000000000000041
0.000000000000000078
-0.000000000000000081
0.000000000000000132
-0.000000000000000157
0.000000000000000246
-0.000000000000000237
0.000000000000000141
-0.000000000000000199
0.000000000000000161
-0.000000000000000119
0.000000000000000064
-0.000000000000000085
0.000000000000000062
-0.000000000000000017
-0.000000000000000026
0.000000000000000049
-0.000000000000000014
-0.000000000000000039
0.000000000000000040
-0.000000000000000013
0.000000000000000086
-0.000000000000000073
0.000000000000000130
-0.000000000000000139
0.000000000000000224
-0.000000000000000202
0.000000000000000180
-0.000000000000000150
0.000000000000000140
-0.000000000000000097
0.000000000000000074
-0.000000000000000045
0.000000000000000086
-0.000000000000000073
-0.000000000000000046
0.000000000000000092
0.000000000000000008
0.000000000000000048
-0.000000000000000125
0.000000000000000100
-0.000000000000000150
0.000000000000000086
-0.000000000000000141
0.000000000000000091
-0.000000000000000076
0.000000000000000084
-0.000000000000000064
0.000000000000000016
0.000000000000000031
-0.000000000000000042
0.000000000000000091
-0.000000000000000107
0.000000000000000120
-0.000000000000000118
0.000000000000000118
-0.000000000000000107
0.000000000000000120
-0.000000000000000119
0.000000000000000099
-0.000000000000000079
0.000000000000000058
-0.000000000000000078
0.000000000000000059
-0.000000000000000074
0.000000000000000052
-0.000000000000000060
0.000000000000000062
-0.000000000000000060
0.000000000000000064
-0.000000000000000061
0.000000000000000065
-0.000000000000000059
0.000000000000000047
-0.000000000000000047
0.000000000000000051
-0.000000000000000043
0.000000000000000040
-0.000000000000000044
0.000000000000000036
-0.000000000000000032
0.000000000000000028
-0.000000000000000020
0.000000000000000025
-0.000000000000000024
0.000000000000000020
-0.000000000000000018
0.000000000000000015
-0.000000000000000012
0.000000000000000010
-0.000000000000000009
0.000000000000000007
-0.000000000000000006
0.000000000000000004
-0.000000000000000004
0.000000000000000003
-0.000000000000000002
0.000000000000000002
-0.000000000000000001
0.000000000000000001
-0.000000000000000001
0.000000000000000001
-0.000000000000000000
0.000000000000000000
-0.000000000000000000
0.000000000000000000
-0.000000000000000000
0.000000000000000000
-0.000000000000000000
0.000000000000000000
-0.000000000000000000
0.000000000000000000
-0.000000000000000000
0.000000000000000000
-0.000000000000000000
0.000000000000000000
-0.000000000000000000
0.000000000000000000
-0.000000000000000000
0.000000000000000000
-0.000000000000000000
0.000000000000000000
0.000000000000000000
-0.000000000000000000
0.000000000000000000
-0.000000000000000000
-0.000000000000000000
0.000000000000000000
-0.000000000000000000
0.000000000000000000
-0.000000000000000000
0.000000000000000000
0.000000000000000000
-0.000000000000000000
0.000000000000000000
-0.000000000000000000
0.000000000000000000
0.000000000000000000
-0.000000000000000000
0.000000000000000000
-0.000000000000000000
0.000000000000000000
-0.000000000000000000
-0.000000000000000000
0.000000000000000000
-0.000000000000000000
0.000000000000000000
0.000000000000000000
-0.000000000000000000
0.000000000000000000
-0.000000000000000000
0.000000000000000000
-0.000000000000000000
0.000000000000000000
-0.000000000000000000
0.000000000000000000
-0.000000000000000000
0.000000000000000000
-0.000000000000000000
0.000000000000000000
-0.000000000000000000
0.000000000000000000
-0.000000000000000000
0.000000000000000000
-0.000000000000000000
0.000000000000000000
-0.000000000000000000
0.000000000000000000
-0.000000000000000000
0.000000000000000000
-0.000000000000000000
0.000000000000000000
-0.000000000000000000
0.000000000000000000
-0.000000000000000000
0.000000000000000000
-0.000000000000000000
0.000000000000000000
-0.000000000000000000
0.000000000000000000
-0.000000000000000000
0.000000000000000000
-0.000000000000000000
0.000000000000000000
-0.000000000000000000
0.000000000000000000
-0.000000000000000000
0.000000000000000000
-0.000000000000000000
0.000000000000000000
-0.000000000000000000
-0.000000000000000000
0.000000000000000000
-0.000000000000000000
0.000000000000000000
-0.000000000000000000
0.000000000000000000
-0.000000000000000000
0.000000000000000000
-0.000000000000000000
0.000000000000000000
-0.000000000000000000
0.000000000000000000
-0.000000000000000000
0.000000000000000000
-0.000000000000000000
0.000000000000000000
-0.000000000000000000
-0.000000000000000000
0.000000000000000000
-0.000000000000000000
0.000000000000000000
-0.000000000000000000
0.000000000000000000
-0.000000000000000000
0.000000000000000000
-0.000000000000000000
0.000000000000000000
-0.000000000000000000
0.000000000000000000
-0.000000000000000000
0.000000000000000000
0.000000000000000000
-0.000000000000000000
0.000000000000000000
-0.000000000000000000
0.000000000000000000
-0.000000000000000000
0.000000000000000000
-0.000000000000000000
0.000000000000000000
-0.000000000000000000
0.000000000000000000
-0.000000000000000000
0.000000000000000000
0.000000000000000000
-0.000000000000000000
0.000000000000000000
-0.000000000000000000
0.000000000000000000
-0.000000000000000000
0.000000000000000000
-0.000000000000000000
0.000000000000000000
-0.000000000000000000
0.000000000000000000
0.000000000000000000
-0.000000000000000000
0.000000000000000000
-0.000000000000000000
0.000000000000000000
-0.000000000000000000
0.000000000000000000
-0.000000000000000000
0.000000000000000000
-0.000000000000000000
0.000000000000000000
-0.000000000000000000
-0.000000000000000000
0.000000000000000000
-0.000000000000000000
0.000000000000000000
-0.000000000000000000
0.000000000000000000
-0.000000000000000000
0.000000000000000000
-0.000000000000000000
0.000000000000000000
0.000000000000000000
-0.000000000000000000
0.000000000000000000
-0.000000000000000000
0.000000000000000000
-0.000000000000000000
0.000000000000000000
-0.000000000000000000
0.000000000000000000
-0.000000000000000000
