0.000000000000000000
0.000000000000000000
0.000000000000000000
0.000000000000000000
0.000000000000000000
0.000000000000000000
0.000000000000000000
0.000000000000000000
0.000000000000000000
0.000000000000000000
0.000000000000000000
0.000000000000000000
0.000000000000000000
0.000000000000000000
0.000000000000000000
0.000000000000000000
0.000000000000000000
0.000000000000000000
0.000000000000000000
0.000000000000000000
0.000000000000000000
0.000000000000000000
0.000000000000000000
0.000000000000000001
0.000000000000000003
0.000000000000000008
0.000000000000000020
0.000000000000000030
0.000000000000000052
0.000000000000000059
0.000000000000000066
0.000000000000000059
-0.000000000000000028
-0.000000000000000064
-0.000000000000000070
-0.000000000000000081
0.000000000000000046
0.000000000000000097
0.000000000000000082
0.000000000000000063
0.000000000000000021
-0.000000000000000008
0.000000000000000046
-0.000000000000000150
-0.000000000000000116
-0.000000000000000177
-0.000000000000000082
0.000000000000000038
0.000000000000000188
0.000000000000000063
0.000000000000000081
0.000000000000000146
0.000000000000000018
-0.000000000000000062
0.000000000000000141
0.000000000000000211
0.000000000000000013
-0.000000000000000162
-0.000000000000000022
-0.000000000000000111
-0.000000000000000349
-0.000000000000000216
0.000000000000000062
-0.000000000000000011
-0.000000000000000112
0.000000000000000125
0.000000000000000203
0.000000000000000048
-0.000000000000000428
-0.000000000000001375
-0.000000000000004374
-0.000000000000013566
-0.000000000000041391
-0.000000000000124923
-0.000000000000368014
-0.000000000001055925
-0.000000000002958259
-0.000000000008084968
-0.000000000021547308
-0.000000000056001082
-0.000000000142265878
-0.000000000353264397
-0.000000000857074801
-0.000000002030781297
-0.000000004698841845
-0.000000010640729609
-0.000000023585057920
-0.000000051145786758
-0.000000108462662613
-0.000000224887081915
-0.000000456863805290
-0.000000909524724309
-0.000001773699421519
-0.000003386589812733
-0.000006329112782360
-0.000011600959306212
-0.000020860344455854
-0.000036785337464323
-0.000063581012485951
-0.000107678340154122
-0.000179016494521840
-0.000292257323403156
-0.000468401465194317
-0.000736588961610024
-0.001136074238023363
-0.001721526026607544
-0.002564041726663784
-0.003752698517822822
-0.005394475210872409
-0.007612682072161330
-0.010563026406501466
-0.014418163555132141
-0.019357049235143076
-0.025548726609669069
-0.033134259111929278
-0.042282938212428373
-0.053120535299170407
-0.065696503879124554
-0.079950064890443415
-0.095687984984729260
-0.112766385857137191
-0.130925764760979724
-0.149762233884401408
-0.168714745162057839
-0.187085408421442084
-0.204411192832277017
-0.220183947170540961
-0.233841905749868462
-0.244787119648898627
-0.252437585861646774
-0.256675831772166907
-0.257459344688415692
-0.254793587362017071
-0.248731963835303826
-0.239399780950298846
-0.227333566045664848
-0.213088466569727686
-0.197193312779530672
-0.180135315123634676
-0.162363585563263552
-0.144478183519715447
-0.126977391332251444
-0.110242374731374132
-0.094544161359276208
-0.080060887950383880
-0.066972852267589977
-0.055364721204883983
-0.045238999941664415
-0.036536472281765056
-0.029156660698269825
-0.022998608083617127
-0.017937364607452558
-0.013835547647499228
-0.010554067246325278
-0.007960137928965751
-0.005937773388486001
-0.004381765743663519
-0.003199480402067726
-0.002311702316192433
-0.001652432181179059
-0.001168843481253746
-0.000818337151746545
-0.000567188037272104
-0.000389194284118734
-0.000264356862218960
-0.000177780053690415
-0.000118394230001469
-0.000078091117758364
-0.000051018452376082
-0.000033011686340274
-0.000021158867113189
-0.000013436155805693
-0.000008454286138031
-0.000005271473012215
-0.000003256998964375
-0.000001994308514069
-0.000001210371785686
-0.000000728201386999
-0.000000434335691142
-0.000000256822334788
-0.000000150564713209
-0.000000087528638219
-0.000000050461704522
-0.000000028853166102
-0.000000016362469370
-0.000000009203884042
-0.000000005135774868
-0.000000002843125677
-0.000000001561619839
-0.000000000851055233
-0.000000000460236881
-0.000000000246993292
-0.000000000131554872
-0.000000000069546565
-0.000000000036493932
-0.000000000019009377
-0.000000000009829723
-0.000000000005046919
-0.000000000002572544
-0.000000000001302235
-0.000000000000654712
-0.000000000000326858
-0.000000000000161973
-0.000000000000080044
-0.000000000000038691
-0.000000000000019257
-0.000000000000008960
-0.000000000000004428
-0.000000000000002112
-0.000000000000000952
-0.000000000000000610
-0.000000000000000173
-0.000000000000000046
-0.000000000000000078
-0.000000000000000045
0.000000000000000004
-0.000000000000000025
-0.000000000000000016
-0.000000000000000010
-0.000000000000000009
0.000000000000000102
-0.000000000000000049
0.000000000000000153
-0.000000000000000161
0.000000000000000118
-0.000000000000000074
0.000000000000000141
-0.000000000000000149
0.000000000000000128
-0.000000000000000246
0.000000000000000152
-0.000000000000000116
0.000000000000000098
-0.000000000000000049
0.000000000000000044
0.000000000000000041
-0.000000000000000052
0.000000000000000099
-0.000000000000000117
0.000000000000000050
-0.000000000000000123
0.000000000000000022
0.000000000000000070
-0.000000000000000022
0.000000000000000107
-0.000000000000000070
-0.000000000000000010
0.000000000000000024
-0.000000000000000124
0.000000000000000133
-0.000000000000000177
0.000000000000000191
-0.000000000000000187
0.000000000000000122
-0.000000000000000072
-0.000000000000000031
0.000000000000000106
-0.000000000000000158
0.000000000000000140
-0.000000000000000129
0.000000000000000064
0.000000000000000069
-0.000000000000000064
0.000000000000000093
-0.000000000000000168
0.000000000000000174
-0.000000000000000123
0.000000000000000133
-0.000000000000000143
0.000000000000000129
-0.000000000000000058
0.000000000000000093
-0.000000000000000076
0.000000000000000109
-0.000000000000000082
0.000000000000000115
-0.000000000000000089
0.000000000000000065
-0.000000000000000034
0.000000000000000054
0.000000000000000032
-0.000000000000000032
0.000000000000000076
-0.000000000000000032
-0.000000000000000001
-0.000000000000000059
0.000000000000000051
-0.000000000000000076
0.000000000000000085
-0.000000000000000072
0.000000000000000063
-0.000000000000000081
0.000000000000000098
-0.000000000000000105
0.000000000000000099
-0.000000000000000104
0.000000000000000103
-0.000000000000000118
0.000000000000000117
-0.000000000000000109
0.000000000000000082
-0.000000000000000085
0.000000000000000078
-0.000000000000000072
0.000000000000000063
-0.000000000000000060
0.000000000000000056
-0.000000000000000048
0.000000000000000043
-0.000000000000000033
0.000000000000000025
-0.000000000000000023
0.000000000000000018
-0.000000000000000013
0.000000000000000011
-0.000000000000000007
0.000000000000000003
-0.000000000000000003
0.000000000000000003
-0.000000000000000001
-0.000000000000000000
-0.000000000000000001
-0.000000000000000000
0.000000000000000000
0.000000000000000001
-0.000000000000000000
0.000000000000000000
-0.000000000000000000
-0.000000000000000000
-0.000000000000000000
0.000000000000000000
-0.000000000000000000
-0.000000000000000000
0.000000000000000000
-0.000000000000000000
0.000000000000000000
0.000000000000000000
0.000000000000000000
-0.000000000000000000
0.000000000000000000
0.000000000000000000
-0.000000000000000000
0.000000000000000000
-0.000000000000000000
0.000000000000000000
-0.000000000000000000
-0.000000000000000000
-0.000000000000000000
0.000000000000000000
-0.000000000000000000
0.000000000000000000
0.000000000000000000
0.000000000000000000
-0.000000000000000000
0.000000000000000000
-0.000000000000000000
0.000000000000000000
-0.000000000000000000
0.000000000000000000
-0.000000000000000000
0.000000000000000000
-0.000000000000000000
0.000000000000000000
-0.000000000000000000
0.000000000000000000
-0.000000000000000000
0.000000000000000000
-0.000000000000000000
0.000000000000000000
-0.000000000000000000
0.000000000000000000
-0.000000000000000000
0.000000000000000000
-0.000000000000000000
0.000000000000000000
-0.000000000000000000
0.000000000000000000
-0.000000000000000000
0.000000000000000000
-0.000000000000000000
0.000000000000000000
-0.000000000000000000
0.000000000000000000
-0.000000000000000000
-0.000000000000000000
0.000000000000000000
-0.000000000000000000
0.000000000000000000
-0.000000000000000000
0.000000000000000000
-0.000000000000000000
0.000000000000000000
0.000000000000000000
-0.000000000000000000
-0.000000000000000000
0.000000000000000000
-0.000000000000000000
0.000000000000000000
-0.000000000000000000
-0.000000000000000000
0.000000000000000000
-0.000000000000000000
0.000000000000000000
-0.000000000000000000
-0.000000000000000000
0.000000000000000000
-0.000000000000000000
0.000000000000000000
0.000000000000000000
-0.000000000000000000
0.000000000000000000
-0.000000000000000000
-0.000000000000000000
0.000000000000000000
-0.000000000000000000
0.000000000000000000
0.000000000000000000
-0.000000000000000000
0.000000000000000000
-0.000000000000000000
-0.000000000000000000
0.000000000000000000
-0.000000000000000000
0.000000000000000000
-0.000000000000000000
-0.000000000000000000
0.000000000000000000
-0.000000000000000000
-0.000000000000000000
0.000000000000000000
-0.000000000000000000
0.000000000000000000
0.000000000000000000
-0.000000000000000000
0.000000000000000000
-0.000000000000000000
0.000000000000000000
0.000000000000000000
-0.000000000000000000
0.000000000000000000
-0.000000000000000000
0.000000000000000000
0.000000000000000000
-0.000000000000000000
0.000000000000000000
-0.000000000000000000
0.000000000000000000
0.000000000000000000
-0.000000000000000000
0.000000000000000000
-0.000000000000000000
0.000000000000000000
-0.000000000000000000
0.000000000000000000
-0.000000000000000000
0.000000000000000000
-0.000000000000000000
0.000000000000000000
0.000000000000000000
-0.000000000000000000
0.000000000000000000
-0.000000000000000000
0.000000000000000000
0.000000000000000000
-0.000000000000000000
0.000000000000000000
-0.000000000000000000
0.000000000000000000
-0.000000000000000000
0.000000000000000000
-0.000000000000000000
0.000000000000000000
-0.000000000000000000
0.000000000000000000
-0.000000000000000000
0.000000000000000000
-0.000000000000000000
0.000000000000000000
-0.000000000000000000
0.000000000000000000
-0.000000000000000000
0.000000000000000000
-0.000000000000000000
0.000000000000000000
0.000000000000000000
0.000000000000000000
-0.000000000000000000
0.000000000000000000
-0.000000000000000000
0.000000000000000000
-0.000000000000000000
0.000000000000000000
-0.000000000000000000
0.000000000000000000
-0.000000000000000000
0.000000000000000000
-0.000000000000000000
-0.000000000000000000
0.000000000000000000
-0.000000000000000000
0.000000000000000000
-0.000000000000000000
0.000000000000000000
-0.000000000000000000
-0.000000000000000000
0.000000000000000000
-0.000000000000000000
0.000000000000000000
-0.000000000000000000
0.000000000000000000
-0.000000000000000000
0.000000000000000000
-0.000000000000000000
-0.000000000000000000
0.000000000000000000
-0.000000000000000000
0.000000000000000000
