0.000000000000000
0.000000000000000
-0.000000000000000
-0.000000000000000
-0.000000000000000
-0.000000000000000
0.000000000000000
0.000000000000000
0.000000000000000
0.000000000000000
0.000000000000000
-0.000000000000000
-0.000000000000000
-0.000000000000000
-0.000000000000000
0.000000000000000
0.000000000000000
0.000000000000000
0.000000000000000
0.000000000000000
-0.000000000000000
-0.000000000000000
0.000000000000000
0.000000000000000
0.000000000000000
0.000000000000000
0.000000000000000
0.000000000000000
0.000000000000001
0.000000000000001
0.000000000000001
0.000000000000000
0.000000000000000
0.000000000000000
-0.000000000000000
-0.000000000000000
-0.000000000000000
-0.000000000000000
-0.000000000000000
-0.000000000000000
-0.000000000000000
0.000000000000000
0.000000000000001
0.000000000000001
0.000000000000000
0.000000000000000
0.000000000000000
0.000000000000000
0.000000000000000
0.000000000000000
0.000000000000000
0.000000000000000
0.000000000000000
0.000000000000000
0.000000000000000
0.000000000000000
-0.000000000000001
-0.000000000000000
0.000000000000000
0.000000000000000
0.000000000000000
-0.000000000000000
-0.000000000000000
-0.000000000000000
-0.000000000000000
-0.000000000000000
-0.000000000000000
-0.000000000000000
0.000000000000000
-0.000000000000000
-0.000000000000000
0.000000000000000
0.000000000000000
0.000000000000000
0.000000000000000
0.000000000000000
-0.000000000000000
-0.000000000000001
-0.000000000000000
-0.000000000000000
-0.000000000000001
-0.000000000000000
-0.000000000000000
-0.000000000000000
0.000000000000000
0.000000000000000
-0.000000000000000
0.000000000000000
0.000000000000001
0.000000000000001
0.000000000000001
0.000000000000001
0.000000000000001
0.000000000000000
0.000000000000001
0.000000000000000
-0.000000000000000
0.000000000000000
-0.000000000000000
-0.000000000000000
-0.000000000000000
0.000000000000000
-0.000000000000000
-0.000000000000001
-0.000000000000001
-0.000000000000001
-0.000000000000001
-0.000000000000001
-0.000000000000001
-0.000000000000000
-0.000000000000000
0.000000000000000
0.000000000000000
0.000000000000000
0.000000000000000
0.000000000000000
0.000000000000000
0.000000000000001
0.000000000000001
0.000000000000000
0.000000000000000
0.000000000000000
0.000000000000000
0.000000000000000
-0.000000000000000
0.000000000000000
-0.000000000000000
-0.000000000000000
-0.000000000000000
-0.000000000000001
-0.000000000000001
-0.000000000000001
-0.000000000000000
-0.000000000000000
-0.000000000000000
-0.000000000000000
-0.000000000000000
-0.000000000000000
-0.000000000000000
0.000000000000000
-0.000000000000000
-0.000000000000000
-0.000000000000001
-0.000000000000000
-0.000000000000000
-0.000000000000000
-0.000000000000000
-0.000000000000000
-0.000000000000000
-0.000000000000000
-0.000000000000000
-0.000000000000000
-0.000000000000000
-0.000000000000000
-0.000000000000000
-0.000000000000001
-0.000000000000001
-0.000000000000000
-0.000000000000000
-0.000000000000000
-0.000000000000000
0.000000000000000
0.000000000000000
0.000000000000000
-0.000000000000000
-0.000000000000001
-0.000000000000001
-0.000000000000001
-0.000000000000002
-0.000000000000002
-0.000000000000002
-0.000000000000001
-0.000000000000001
-0.000000000000000
0.000000000000001
0.000000000000000
0.000000000000000
0.000000000000000
-0.000000000000000
-0.000000000000001
-0.000000000000001
-0.000000000000002
-0.000000000000002
-0.000000000000002
-0.000000000000002
-0.000000000000001
-0.000000000000001
-0.000000000000000
0.000000000000000
0.000000000000000
0.000000000000000
0.000000000000000
0.000000000000000
0.000000000000001
0.000000000000001
0.000000000000000
0.000000000000001
0.000000000000001
0.000000000000000
0.000000000000000
0.000000000000000
0.000000000000000
0.000000000000001
0.000000000000001
0.000000000000001
0.000000000000002
0.000000000000002
0.000000000000002
0.000000000000003
0.000000000000003
0.000000000000004
0.000000000000005
0.000000000000007
0.000000000000008
0.000000000000012
0.000000000000017
0.000000000000025
0.000000000000037
0.000000000000055
0.000000000000081
0.000000000000119
0.000000000000173
0.000000000000249
0.000000000000359
0.000000000000516
0.000000000000738
0.000000000001055
0.000000000001503
0.000000000002135
0.000000000003027
0.000000000004282
0.000000000006041
0.000000000008505
0.000000000011944
0.000000000016734
0.000000000023392
0.000000000032623
0.000000000045392
0.000000000063014
0.000000000087277
0.000000000120603
0.000000000166270
0.000000000228700
0.000000000313842
0.000000000429685
0.000000000586924
0.000000000799843
0.000000001087475
0.000000001475109
0.000000001996269
0.000000002695275
0.000000003630581
0.000000004879070
0.000000006541622
0.000000008750250
0.000000011677272
0.000000015547036
0.000000020650865
0.000000027366082
0.000000036180113
0.000000047720978
0.000000062795718
0.000000082438708
0.000000107972189
0.000000141081908
0.000000183911349
0.000000239178748
0.000000310321989
0.000000401677436
0.000000518699997
0.000000668233047
0.000000858838478
0.000001101198968
0.000001408606684
0.000001797555053
0.000002288452964
0.000002906483838
0.000003682635446
0.000004654930161
0.000005869889522
0.000007384271542
0.000009267124142
0.000011602203310
0.000014490810146
0.000018055106655
0.000022441976026
0.000027827498907
0.000034422122868
0.000042476607430
0.000052288831693
0.000064211555260
0.000078661225566
0.000096127925553
0.000117186554250
0.000142509328996
0.000172879691045
0.000209207685587
0.000252546872329
0.000304112802882
0.000365303075813
0.000437718948679
0.000523188448076
0.000623790873210
0.000741882535302
0.000880123513994
0.001041505142691
0.001229377857562
0.001447478960050
0.001699959750843
0.001991411395348
0.002326888778047
0.002711931497603
0.003152581048273
0.003655393128916
0.004227443921671
0.004876329091904
0.005610154183386
0.006437515022202
0.007367466704586
0.008409479732610
0.009573381882749
0.010869284450967
0.012307491619099
0.013898391835750
0.015652330304714
0.017579461928546
0.019689584366595
0.021991951236815
0.024495065918472
0.027206456896479
0.030132436123459
0.033277842456629
0.036645772844851
0.040237304586179
0.044051212634756
0.048083686592965
0.052328052662831
0.056774506430673
0.061409862900110
0.066217330648939
0.071176317342652
0.076262274068998
0.081446586042453
0.086696517144383
0.091975215496270
0.097241786794651
0.102451441456660
0.107555720727814
0.112502805788437
0.117237912566871
0.121703773438418
0.125841205277285
0.129589761460543
0.132888463430794
0.135676605347194
0.137894623238116
0.139485017963691
0.140393319257630
0.140569076202958
0.139966857764915
0.138547245515355
0.136277799493632
0.133133977312405
0.129099986180467
0.124169547518423
0.118346554317186
0.111645602353420
0.104092377837330
0.095723886020616
0.086588507715991
0.076745873540152
0.066266548941512
0.055231526650768
0.043731527022942
0.031866110739497
0.019742612415715
0.007474907712361
-0.004817969521019
-0.017013339844599
-0.028986496973204
-0.040612406129763
-0.051767453040700
-0.062331212767947
-0.072188206386067
-0.081229613025510
-0.089354905042846
-0.096473375055310
-0.102505525279745
-0.107384292014813
-0.111056081150573
-0.113481594213553
-0.114636428574133
-0.114511439958322
-0.113112860208263
-0.110462168207314
-0.106595716903919
-0.101564124309584
-0.095431441088973
-0.088274111788542
-0.080179750757850
-0.071245757310429
-0.061577797569330
-0.051288182683558
-0.040494174641431
-0.029316251720776
-0.017876365698819
-0.006296222311350
0.005304384865538
0.016809158886571
0.028106776552057
0.039092235460159
0.049668051692211
0.059745292530223
0.069244432510224
0.078096025118092
0.086241186435164
0.093631890942812
0.100231083408823
0.106012614223485
0.110961008660483
0.115071083250033
0.118347424725690
0.120803748812101
0.122462157442977
0.123352313834423
0.123510555199016
0.122978962792926
0.121804408474384
0.120037596058251
0.117732114526297
0.114943518649538
0.111728450853973
0.108143816272210
0.104246020928499
0.100090280959212
0.095730008727316
0.091216279695855
0.086597382024401
0.081918449080328
0.077221173443452
0.072543599551001
0.067919990896416
0.063380766669591
0.058952501911319
0.054657984648576
0.050516323072410
0.046543095604996
0.042750536661450
0.039147751027382
0.035740950024722
0.032533703005118
0.029527198170211
0.026720507250080
0.024110849154170
0.021693848323511
0.019463784141105
0.017413828382761
0.015536268299522
0.013822713503226
0.012264285369198
0.010851788167142
0.009575861577778
0.008427114645330
0.007396241553173
0.006474119891793
0.005651892316191
0.004921032666595
0.004273397755141
0.003701266106343
0.003197364985223
0.002754887058730
0.002367498018645
0.002029336452317
0.001735007186179
0.001479569250480
0.001258519526110
0.001067773039715
0.000903640774554
0.000762805764785
0.000642298142412
0.000539469710893
0.000451968529104
0.000377713904904
0.000314872120067
0.000261833138033
0.000217188483286
0.000179710426061
0.000148332558362
0.000122131806701
0.000100311892995
0.000082188227306
0.000067174193907
0.000054768774995
0.000044545443621
0.000036142248474
0.000029253007570
0.000023619524928
0.000019024743774
0.000015286750939
0.000012253549760
0.000009798522493
0.000007816507680
0.000006220422904
0.000004938368649
0.000003911154361
0.000003090193200
0.000002435717230
0.000001915269791
0.000001502436634
0.000001175781735
0.000000917957947
0.000000714966269
0.000000555541028
0.000000430641263
0.000000333031359
0.000000256936406
0.000000197759886
0.000000151853145
0.000000116327762
0.000000088903301
0.000000067784165
0.000000051560290
0.000000039127317
0.000000029622604
0.000000022374107
0.000000016859638
0.000000012674525
0.000000009505978
0.000000007112860
0.000000005309761
0.000000003954480
0.000000002938248
0.000000002178074
0.000000001610805
0.000000001188501
0.000000000874870
0.000000000642503
0.000000000470756
0.000000000344116
0.000000000250959
0.000000000182597
0.000000000132548
0.000000000095994
0.000000000069360
0.000000000049999
0.000000000035960
0.000000000025803
0.000000000018472
0.000000000013193
0.000000000009401
0.000000000006684
0.000000000004741
0.000000000003355
0.000000000002369
0.000000000001668
0.000000000001172
0.000000000000822
0.000000000000575
0.000000000000401
0.000000000000280
0.000000000000194
0.000000000000134
0.000000000000093
0.000000000000064
0.000000000000044
0.000000000000031
0.000000000000021
0.000000000000014
0.000000000000010
0.000000000000007
0.000000000000005
0.000000000000004
0.000000000000002
0.000000000000002
0.000000000000001
0.000000000000001
0.000000000000001
0.000000000000000
0.000000000000000
0.000000000000000
0.000000000000000
0.000000000000000
-0.000000000000000
0.000000000000000
0.000000000000000
-0.000000000000000
0.000000000000000
-0.000000000000000
0.000000000000000
-0.000000000000000
0.000000000000000
-0.000000000000000
0.000000000000000
-0.000000000000000
0.000000000000000
-0.000000000000000
0.000000000000000
0.000000000000000
-0.000000000000000
0.000000000000000
-0.000000000000000
0.000000000000000
-0.000000000000000
-0.000000000000000
0.000000000000000
-0.000000000000000
0.000000000000000
0.000000000000000
-0.000000000000000
0.000000000000000
-0.000000000000000
0.000000000000000
-0.000000000000000
-0.000000000000000
-0.000000000000000
-0.000000000000000
0.000000000000000
-0.000000000000000
0.000000000000000
-0.000000000000000
0.000000000000000
-0.000000000000000
0.000000000000000
0.000000000000000
-0.000000000000000
0.000000000000000
-0.000000000000000
-0.000000000000000
0.000000000000000
-0.000000000000000
-0.000000000000000
0.000000000000000
-0.000000000000000
-0.000000000000000
0.000000000000000
-0.000000000000000
0.000000000000000
-0.000000000000000
-0.000000000000000
0.000000000000000
-0.000000000000000
0.000000000000000
-0.000000000000000
-0.000000000000000
0.000000000000000
-0.000000000000000
0.000000000000000
-0.000000000000000
-0.000000000000000
0.000000000000000
-0.000000000000000
0.000000000000000
0.000000000000000
-0.000000000000000
0.000000000000000
-0.000000000000000
0.000000000000000
0.000000000000000
-0.000000000000000
0.000000000000000
-0.000000000000000
0.000000000000000
-0.000000000000000
-0.000000000000000
0.000000000000000
-0.000000000000000
0.000000000000000
-0.000000000000000
0.000000000000000
-0.000000000000000
0.000000000000000
-0.000000000000000
0.000000000000000
-0.000000000000000
-0.000000000000000
0.000000000000000
-0.000000000000000
0.000000000000000
-0.000000000000000
0.000000000000000
-0.000000000000000
-0.000000000000000
0.000000000000000
-0.000000000000000
0.000000000000000
-0.000000000000000
-0.000000000000000
0.000000000000000
-0.000000000000000
0.000000000000000
-0.000000000000000
-0.000000000000000
0.000000000000000
-0.000000000000000
0.000000000000000
-0.000000000000000
0.000000000000000
-0.000000000000000
0.000000000000000
-0.000000000000000
0.000000000000000
-0.000000000000000
0.000000000000000
-0.000000000000000
-0.000000000000000
0.000000000000000
-0.000000000000000
0.000000000000001
-0.000000000000000
0.000000000000000
0.000000000000000
-0.000000000000000
0.000000000000000
0.000000000000000
-0.000000000000000
0.000000000000000
-0.000000000000000
0.000000000000000
0.000000000000000
-0.000000000000000
0.000000000000000
-0.000000000000000
0.000000000000000
0.000000000000000
-0.000000000000000
0.000000000000000
-0.000000000000000
-0.000000000000000
0.000000000000000
-0.000000000000000
0.000000000000000
-0.000000000000000
0.000000000000000
0.000000000000000
-0.000000000000000
0.000000000000000
-0.000000000000000
0.000000000000000
0.000000000000000
-0.000000000000000
-0.000000000000000
0.000000000000000
-0.000000000000000
0.000000000000000
0.000000000000000
-0.000000000000000
0.000000000000000
-0.000000000000000
0.000000000000000
0.000000000000000
-0.000000000000000
0.000000000000000
-0.000000000000000
0.000000000000000
0.000000000000000
-0.000000000000000
0.000000000000000
0.000000000000000
-0.000000000000000
0.000000000000000
-0.000000000000000
0.000000000000000
-0.000000000000000
0.000000000000000
-0.000000000000000
-0.000000000000000
0.000000000000000
0.000000000000000
-0.000000000000000
0.000000000000000
-0.000000000000000
0.000000000000000
-0.000000000000000
0.000000000000000
-0.000000000000000
0.000000000000000
-0.000000000000000
0.000000000000000
-0.000000000000000
-0.000000000000000
0.000000000000000
-0.000000000000000
0.000000000000000
-0.000000000000000
0.000000000000000
0.000000000000000
-0.000000000000000
0.000000000000000
-0.000000000000000
-0.000000000000000
0.000000000000000
0.000000000000000
0.000000000000000
0.000000000000000
-0.000000000000000
0.000000000000000
-0.000000000000000
0.000000000000000
-0.000000000000000
0.000000000000000
-0.000000000000000
0.000000000000000
-0.000000000000000
0.000000000000000
-0.000000000000000
0.000000000000000
-0.000000000000000
0.000000000000000
-0.000000000000000
0.000000000000000
0.000000000000000
-0.000000000000000
0.000000000000000
0.000000000000000
-0.000000000000000
0.000000000000000
-0.000000000000000
0.000000000000000
-0.000000000000000
0.000000000000000
0.000000000000000
-0.000000000000000
0.000000000000000
-0.000000000000000
0.000000000000000
-0.000000000000000
0.000000000000000
0.000000000000000
-0.000000000000000
-0.000000000000000
0.000000000000000
-0.000000000000000
0.000000000000000
-0.000000000000000
0.000000000000000
-0.000000000000000
-0.000000000000000
0.000000000000000
-0.000000000000000
0.000000000000000
-0.000000000000000
-0.000000000000000
0.000000000000000
-0.000000000000000
0.000000000000000
-0.000000000000000
-0.000000000000000
0.000000000000000
-0.000000000000000
0.000000000000000
-0.000000000000000
-0.000000000000000
0.000000000000000
0.000000000000000
-0.000000000000000
0.000000000000000
-0.000000000000000
-0.000000000000000
0.000000000000000
-0.000000000000000
0.000000000000000
-0.000000000000000
-0.000000000000000
0.000000000000000
-0.000000000000000
0.000000000000000
-0.000000000000000
-0.000000000000000
0.000000000000000
-0.000000000000000
0.000000000000000
-0.000000000000000
-0.000000000000000
-0.000000000000000
0.000000000000000
-0.000000000000000
0.000000000000000
-0.000000000000000
0.000000000000000
-0.000000000000000
0.000000000000000
0.000000000000000
-0.000000000000000
0.000000000000000
-0.000000000000000
-0.000000000000000
0.000000000000000
0.000000000000000
-0.000000000000000
0.000000000000000
-0.000000000000000
0.000000000000000
0.000000000000000
-0.000000000000000
0.000000000000000
-0.000000000000000
0.000000000000000
-0.000000000000000
-0.000000000000000
0.000000000000000
-0.000000000000000
0.000000000000000
-0.000000000000000
-0.000000000000000
0.000000000000000
0.000000000000000
-0.000000000000000
0.000000000000000
-0.000000000000000
0.000000000000000
-0.000000000000000
-0.000000000000000
0.000000000000000
-0.000000000000000
0.000000000000000
-0.000000000000000
-0.000000000000000
0.000000000000000
-0.000000000000000
0.000000000000000
0.000000000000000
-0.000000000000000
0.000000000000000
-0.000000000000000
-0.000000000000000
0.000000000000001
-0.000000000000001
0.000000000000000
-0.000000000000000
-0.000000000000000
0.000000000000000
-0.000000000000000
-0.000000000000000
0.000000000000000
-0.000000000000000
0.000000000000000
-0.000000000000000
-0.000000000000000
0.000000000000000
-0.000000000000000
0.000000000000000
0.000000000000000
-0.000000000000000
0.000000000000000
0.000000000000000
-0.000000000000000
0.000000000000000
-0.000000000000000
0.000000000000000
0.000000000000000
0.000000000000000
-0.000000000000000
0.000000000000000
-0.000000000000000
-0.000000000000000
0.000000000000000
-0.000000000000000
-0.000000000000000
0.000000000000000
-0.000000000000000
-0.000000000000000
0.000000000000000
-0.000000000000000
-0.000000000000000
0.000000000000000
-0.000000000000000
0.000000000000000
0.000000000000000
0.000000000000000
-0.000000000000000
0.000000000000000
-0.000000000000000
-0.000000000000000
0.000000000000000
-0.000000000000000
0.000000000000000
0.000000000000000
-0.000000000000000
0.000000000000000
-0.000000000000000
0.000000000000000
0.000000000000000
-0.000000000000000
0.000000000000000
-0.000000000000000
-0.000000000000000
0.000000000000000
-0.000000000000000
0.000000000000000
-0.000000000000000
0.000000000000000
0.000000000000000
0.000000000000000
-0.000000000000000
0.000000000000000
-0.000000000000000
0.000000000000000
-0.000000000000000
-0.000000000000000
0.000000000000000
-0.000000000000000
0.000000000000000
-0.000000000000000
-0.000000000000000
-0.000000000000000
0.000000000000000
-0.000000000000000
0.000000000000000
0.000000000000000
-0.000000000000000
0.000000000000000
0.000000000000000
-0.000000000000000
0.000000000000000
-0.000000000000000
-0.000000000000000
0.000000000000000
-0.000000000000000
0.000000000000000
0.000000000000000
-0.000000000000000
0.000000000000000
-0.000000000000000
0.000000000000000
-0.000000000000000
0.000000000000000
0.000000000000000
-0.000000000000000
0.000000000000000
-0.000000000000000
0.000000000000000
0.000000000000000
0.000000000000000
-0.000000000000000
-0.000000000000000
0.000000000000000
-0.000000000000000
0.000000000000000
-0.000000000000000
-0.000000000000000
0.000000000000000
-0.000000000000000
0.000000000000000
0.000000000000000
-0.000000000000000
0.000000000000000
-0.000000000000000
0.000000000000000
-0.000000000000000
0.000000000000000
-0.000000000000000
0.000000000000000
-0.000000000000000
0.000000000000000
-0.000000000000000
0.000000000000000
-0.000000000000000
-0.000000000000000
0.000000000000000
