0.000000000000000000
0.000000000000000000
0.000000000000000000
0.000000000000000000
-0.000000000000000000
-0.000000000000000000
-0.000000000000000000
-0.000000000000000000
0.000000000000000000
0.000000000000000000
0.000000000000000000
0.000000000000000000
0.000000000000000000
0.000000000000000000
0.000000000000000000
0.000000000000000000
0.000000000000000000
0.000000000000000000
-0.000000000000000000
-0.000000000000000000
-0.000000000000000001
-0.000000000000000002
-0.000000000000000004
-0.000000000000000010
-0.000000000000000021
-0.000000000000000036
-0.000000000000000054
-0.000000000000000061
-0.000000000000000037
0.000000000000000021
0.000000000000000074
0.000000000000000075
0.000000000000000017
-0.000000000000000080
-0.000000000000000123
-0.000000000000000035
0.000000000000000118
0.000000000000000187
0.000000000000000174
0.000000000000000149
0.000000000000000089
-0.000000000000000012
0.000000000000000029
0.000000000000000069
-0.000000000000000029
-0.000000000000000110
-0.000000000000000049
0.000000000000000047
-0.000000000000000035
-0.000000000000000106
-0.000000000000000001
-0.000000000000000173
-0.000000000000000082
0.000000000000000090
0.000000000000000021
-0.000000000000000007
0.000000000000000009
-0.000000000000000038
0.000000000000000037
0.000000000000000035
0.000000000000000132
0.000000000000000092
0.000000000000000057
0.000000000000000106
0.000000000000000087
0.000000000000000213
0.000000000000000194
0.000000000000000297
-0.000000000000000336
-0.000000000000000967
-0.000000000000004265
-0.000000000000013240
-0.000000000000041612
-0.000000000000125329
-0.000000000000369009
-0.000000000001059129
-0.000000000002966939
-0.000000000008107720
-0.000000000021606901
-0.000000000056153149
-0.000000000142642549
-0.000000000354180122
-0.000000000859246816
-0.000000002035812637
-0.000000004710216113
-0.000000010665886046
-0.000000023639494297
-0.000000051260985726
-0.000000108700944184
-0.000000225368708211
-0.000000457817115340
-0.000000911372833208
-0.000001777206991683
-0.000003393103475671
-0.000006340944120807
-0.000011622021418443
-0.000020897100669661
-0.000036848193851085
-0.000063686281070237
-0.000107850918052548
-0.000179293960669739
-0.000292694952838066
-0.000469078357070183
-0.000737615029326347
-0.001137597713702681
-0.001723745318003292
-0.002567214695743314
-0.003757149407886101
-0.005400596830673999
-0.007620931486247078
-0.010573933801329080
-0.014432318398630689
-0.019375072079795049
-0.025571224469875621
-0.033161767125926472
-0.042315914842833910
-0.053159300422313392
-0.065741164056930285
-0.080000433731470491
-0.095743514030291854
-0.112826231333071250
-0.130988768417900719
-0.149826915341692263
-0.168779318441788423
-0.187147835831096565
-0.204469389521817008
-0.220235872635102442
-0.233885656355485388
-0.244821026767509137
-0.252460317259869615
-0.256686521986633609
-0.257457629517047870
-0.254779612205022543
-0.248706370835163171
-0.239363672486184204
-0.227288396298127332
-0.213035944437446778
-0.197135306186797393
-0.180073760338495675
-0.162300400145301921
-0.144415113823477492
-0.126915954887319882
-0.110183830601734117
-0.094489500844955721
-0.080010838296838027
-0.066927841795705781
-0.055324917877119552
-0.045204360072146087
-0.036506790500882680
-0.029131615919539708
-0.022977783116582041
-0.017920289301367270
-0.013821735319708213
-0.010543042298597965
-0.007951454818284071
-0.005931022344909567
-0.004376581906786057
-0.003195548031571409
-0.002308754879161934
-0.001650249530720448
-0.001167246054428026
-0.000817181316980468
-0.000566361016583723
-0.000388609041794851
-0.000263947299399745
-0.000177496534631028
-0.000118200037814680
-0.000077959486845870
-0.000050930142583231
-0.000032953050691923
-0.000021120327789232
-0.000013411075920245
-0.000008438123911196
-0.000005261157837441
-0.000003250479070922
-0.000001990226601323
-0.000001207840040622
-0.000000726645516163
-0.000000433388216688
-0.000000256250589156
-0.000000150222784160
-0.000000087325948905
-0.000000050342595915
-0.000000028783774311
-0.000000016322387677
-0.000000009180927852
-0.000000005122736803
-0.000000002835780786
-0.000000001557516250
-0.000000000848781716
-0.000000000458986286
-0.000000000246311582
-0.000000000131185618
-0.000000000069348478
-0.000000000036388567
-0.000000000018953824
-0.000000000009801206
-0.000000000005031789
-0.000000000002565095
-0.000000000001298221
-0.000000000000652644
-0.000000000000325753
-0.000000000000161495
-0.000000000000079599
-0.000000000000038817
-0.000000000000019032
-0.000000000000009071
-0.000000000000004418
-0.000000000000002026
-0.000000000000001078
-0.000000000000000375
-0.000000000000000305
-0.000000000000000046
-0.000000000000000095
-0.000000000000000003
-0.000000000000000020
0.000000000000000108
0.000000000000000099
-0.000000000000000071
0.000000000000000107
0.000000000000000007
0.000000000000000054
-0.000000000000000016
0.000000000000000020
0.000000000000000006
-0.000000000000000036
-0.000000000000000039
0.000000000000000047
-0.000000000000000157
0.000000000000000138
-0.000000000000000124
0.000000000000000099
-0.000000000000000137
0.000000000000000076
-0.000000000000000077
0.000000000000000061
-0.000000000000000013
0.000000000000000071
-0.000000000000000030
0.000000000000000056
-0.000000000000000044
0.000000000000000160
-0.000000000000000110
0.000000000000000151
-0.000000000000000148
0.000000000000000108
-0.000000000000000058
0.000000000000000057
-0.000000000000000039
0.000000000000000004
-0.000000000000000005
0.000000000000000039
-0.000000000000000030
-0.000000000000000042
0.000000000000000017
0.000000000000000037
-0.000000000000000071
0.000000000000000081
-0.000000000000000028
0.000000000000000043
-0.000000000000000114
0.000000000000000078
-0.000000000000000125
0.000000000000000145
-0.000000000000000133
0.000000000000000135
-0.000000000000000096
0.000000000000000116
-0.000000000000000011
-0.000000000000000027
0.000000000000000065
-0.000000000000000081
0.000000000000000187
-0.000000000000000260
0.000000000000000136
-0.000000000000000221
0.000000000000000154
-0.000000000000000144
0.000000000000000114
-0.000000000000000140
0.000000000000000016
-0.000000000000000105
0.000000000000000020
0.000000000000000024
0.000000000000000008
0.000000000000000049
-0.000000000000000046
0.000000000000000032
-0.000000000000000031
0.000000000000000042
0.000000000000000015
-0.000000000000000030
0.000000000000000035
-0.000000000000000021
0.000000000000000025
-0.000000000000000023
0.000000000000000055
-0.000000000000000037
0.000000000000000038
-0.000000000000000052
0.000000000000000052
-0.000000000000000056
0.000000000000000059
-0.000000000000000034
0.000000000000000059
-0.000000000000000019
0.000000000000000072
-0.000000000000000043
0.000000000000000052
-0.000000000000000050
0.000000000000000046
-0.000000000000000039
0.000000000000000041
-0.000000000000000037
0.000000000000000029
-0.000000000000000030
0.000000000000000027
-0.000000000000000029
0.000000000000000023
-0.000000000000000020
0.000000000000000017
-0.000000000000000008
0.000000000000000013
-0.000000000000000012
0.000000000000000010
-0.000000000000000008
0.000000000000000007
-0.000000000000000005
0.000000000000000004
-0.000000000000000003
0.000000000000000003
-0.000000000000000002
0.000000000000000002
-0.000000000000000002
0.000000000000000001
-0.000000000000000001
0.000000000000000001
-0.000000000000000001
0.000000000000000000
-0.000000000000000000
0.000000000000000000
-0.000000000000000000
0.000000000000000000
-0.000000000000000000
0.000000000000000000
-0.000000000000000000
0.000000000000000000
-0.000000000000000000
0.000000000000000000
-0.000000000000000000
0.000000000000000000
-0.000000000000000000
0.000000000000000000
-0.000000000000000000
0.000000000000000000
-0.000000000000000000
0.000000000000000000
-0.000000000000000000
0.000000000000000000
-0.000000000000000000
0.000000000000000000
-0.000000000000000000
-0.000000000000000000
0.000000000000000000
-0.000000000000000000
-0.000000000000000000
0.000000000000000000
-0.000000000000000000
0.000000000000000000
-0.000000000000000000
0.000000000000000000
0.000000000000000000
-0.000000000000000000
0.000000000000000000
-0.000000000000000000
0.000000000000000000
0.000000000000000000
-0.000000000000000000
0.000000000000000000
-0.000000000000000000
0.000000000000000000
-0.000000000000000000
-0.000000000000000000
0.000000000000000000
-0.000000000000000000
0.000000000000000000
0.000000000000000000
-0.000000000000000000
0.000000000000000000
-0.000000000000000000
0.000000000000000000
-0.000000000000000000
0.000000000000000000
-0.000000000000000000
0.000000000000000000
-0.000000000000000000
0.000000000000000000
-0.000000000000000000
0.000000000000000000
-0.000000000000000000
0.000000000000000000
-0.000000000000000000
0.000000000000000000
-0.000000000000000000
0.000000000000000000
-0.000000000000000000
0.000000000000000000
-0.000000000000000000
0.000000000000000000
-0.000000000000000000
0.000000000000000000
-0.000000000000000000
0.000000000000000000
-0.000000000000000000
0.000000000000000000
-0.000000000000000000
0.000000000000000000
-0.000000000000000000
0.000000000000000000
-0.000000000000000000
0.000000000000000000
-0.000000000000000000
0.000000000000000000
-0.000000000000000000
0.000000000000000000
-0.000000000000000000
0.000000000000000000
-0.000000000000000000
0.000000000000000000
-0.000000000000000000
-0.000000000000000000
0.000000000000000000
-0.000000000000000000
0.000000000000000000
-0.000000000000000000
0.000000000000000000
-0.000000000000000000
0.000000000000000000
-0.000000000000000000
0.000000000000000000
-0.000000000000000000
0.000000000000000000
-0.000000000000000000
0.000000000000000000
-0.000000000000000000
0.000000000000000000
-0.000000000000000000
-0.000000000000000000
0.000000000000000000
-0.000000000000000000
0.000000000000000000
-0.000000000000000000
0.000000000000000000
-0.000000000000000000
0.000000000000000000
-0.000000000000000000
0.000000000000000000
-0.000000000000000000
0.000000000000000000
-0.000000000000000000
0.000000000000000000
0.000000000000000000
-0.000000000000000000
0.000000000000000000
-0.000000000000000000
0.000000000000000000
-0.000000000000000000
0.000000000000000000
-0.000000000000000000
0.000000000000000000
-0.000000000000000000
0.000000000000000000
-0.000000000000000000
0.000000000000000000
0.000000000000000000
-0.000000000000000000
0.000000000000000000
-0.000000000000000000
0.000000000000000000
-0.000000000000000000
0.000000000000000000
-0.000000000000000000
0.000000000000000000
-0.000000000000000000
0.000000000000000000
-0.000000000000000000
-0.000000000000000000
0.000000000000000000
-0.000000000000000000
0.000000000000000000
-0.000000000000000000
0.000000000000000000
-0.000000000000000000
0.000000000000000000
-0.000000000000000000
0.000000000000000000
-0.000000000000000000
-0.000000000000000000
0.000000000000000000
-0.000000000000000000
0.000000000000000000
-0.000000000000000000
0.000000000000000000
-0.000000000000000000
0.000000000000000000
-0.000000000000000000
0.000000000000000000
0.000000000000000000
-0.000000000000000000
0.000000000000000000
-0.000000000000000000
0.000000000000000000
-0.000000000000000000
0.000000000000000000
-0.000000000000000000
0.000000000000000000
-0.000000000000000000
