-0.000000000000000
-0.000000000000000
-0.000000000000000
-0.000000000000000
0.000000000000000
0.000000000000000
0.000000000000000
0.000000000000000
0.000000000000000
0.000000000000000
0.000000000000001
0.000000000000001
0.000000000000000
0.000000000000000
0.000000000000000
-0.000000000000000
-0.000000000000000
0.000000000000000
0.000000000000000
0.000000000000000
0.000000000000000
-0.000000000000000
-0.000000000000000
0.000000000000000
0.000000000000000
0.000000000000000
0.000000000000000
0.000000000000000
-0.000000000000000
-0.000000000000000
-0.000000000000000
0.000000000000000
-0.000000000000000
-0.000000000000000
0.000000000000000
0.000000000000000
-0.000000000000000
0.000000000000000
0.000000000000000
-0.000000000000000
0.000000000000000
0.000000000000000
0.000000000000000
-0.000000000000000
-0.000000000000000
-0.000000000000001
-0.000000000000001
-0.000000000000001
-0.000000000000000
-0.000000000000000
-0.000000000000000
0.000000000000000
0.000000000000000
0.000000000000000
0.000000000000000
0.000000000000000
0.000000000000000
0.000000000000000
0.000000000000001
0.000000000000000
0.000000000000000
0.000000000000000
-0.000000000000000
0.000000000000000
-0.000000000000000
-0.000000000000000
-0.000000000000000
0.000000000000000
0.000000000000000
0.000000000000000
0.000000000000000
-0.000000000000000
0.000000000000000
-0.000000000000000
-0.000000000000000
-0.000000000000000
-0.000000000000000
-0.000000000000000
0.000000000000000
-0.000000000000000
-0.000000000000000
0.000000000000000
0.000000000000000
0.000000000000000
0.000000000000000
0.000000000000000
0.000000000000000
0.000000000000000
-0.000000000000000
-0.000000000000000
-0.000000000000000
0.000000000000000
0.000000000000000
-0.000000000000000
0.000000000000000
0.000000000000001
0.000000000000000
0.000000000000000
0.000000000000000
-0.000000000000000
-0.000000000000001
-0.000000000000001
-0.000000000000001
-0.000000000000001
-0.000000000000001
-0.000000000000000
-0.000000000000000
-0.000000000000000
-0.000000000000000
0.000000000000000
0.000000000000000
0.000000000000000
0.000000000000000
0.000000000000000
0.000000000000000
0.000000000000000
0.000000000000000
-0.000000000000000
-0.000000000000000
-0.000000000000001
-0.000000000000001
-0.000000000000000
-0.000000000000001
-0.000000000000000
-0.000000000000001
-0.000000000000001
-0.000000000000000
-0.000000000000000
-0.000000000000000
-0.000000000000000
0.000000000000000
0.000000000000000
0.000000000000001
0.000000000000000
0.000000000000000
0.000000000000000
0.000000000000000
0.000000000000000
0.000000000000000
0.000000000000001
0.000000000000001
0.000000000000000
0.000000000000001
0.000000000000001
0.000000000000001
0.000000000000001
0.000000000000001
0.000000000000001
0.000000000000001
0.000000000000001
0.000000000000000
-0.000000000000000
-0.000000000000001
-0.000000000000000
-0.000000000000000
-0.000000000000000
0.000000000000000
0.000000000000001
0.000000000000001
0.000000000000001
0.000000000000001
0.000000000000001
0.000000000000001
0.000000000000001
0.000000000000002
0.000000000000001
0.000000000000001
0.000000000000000
-0.000000000000000
-0.000000000000000
0.000000000000000
-0.000000000000000
-0.000000000000001
-0.000000000000000
-0.000000000000001
-0.000000000000000
-0.000000000000000
-0.000000000000000
-0.000000000000001
-0.000000000000000
-0.000000000000001
-0.000000000000001
-0.000000000000001
-0.000000000000000
0.000000000000000
0.000000000000000
0.000000000000000
0.000000000000001
0.000000000000000
0.000000000000001
0.000000000000001
0.000000000000001
0.000000000000001
0.000000000000001
0.000000000000001
0.000000000000000
-0.000000000000000
-0.000000000000001
-0.000000000000002
-0.000000000000001
-0.000000000000001
-0.000000000000001
-0.000000000000002
-0.000000000000001
-0.000000000000001
-0.000000000000002
-0.000000000000002
-0.000000000000002
-0.000000000000003
-0.000000000000003
-0.000000000000003
-0.000000000000003
-0.000000000000003
-0.000000000000003
-0.000000000000002
-0.000000000000003
-0.000000000000002
-0.000000000000002
-0.000000000000002
-0.000000000000002
-0.000000000000002
-0.000000000000002
-0.000000000000003
-0.000000000000004
-0.000000000000005
-0.000000000000008
-0.000000000000012
-0.000000000000018
-0.000000000000027
-0.000000000000038
-0.000000000000054
-0.000000000000077
-0.000000000000109
-0.000000000000154
-0.000000000000218
-0.000000000000309
-0.000000000000435
-0.000000000000613
-0.000000000000861
-0.000000000001208
-0.000000000001690
-0.000000000002361
-0.000000000003290
-0.000000000004575
-0.000000000006350
-0.000000000008793
-0.000000000012149
-0.000000000016748
-0.000000000023038
-0.000000000031618
-0.000000000043301
-0.000000000059167
-0.000000000080669
-0.000000000109742
-0.000000000148961
-0.000000000201746
-0.000000000272630
-0.000000000367599
-0.000000000494549
-0.000000000663862
-0.000000000889160
-0.000000001188270
-0.000000001584471
-0.000000002108079
-0.000000002798485
-0.000000003706742
-0.000000004898863
-0.000000006459985
-0.000000008499652
-0.000000011158457
-0.000000014616402
-0.000000019103377
-0.000000024912261
-0.000000032415256
-0.000000042084199
-0.000000054515746
-0.000000070462514
-0.000000090871476
-0.000000116931166
-0.000000150129566
-0.000000192324856
-0.000000245831667
-0.000000313525923
-0.000000398971884
-0.000000506575670
-0.000000641770208
-0.000000811237388
-0.000001023174090
-0.000001287609791
-0.000001616784580
-0.000002025597665
-0.000002532137876
-0.000003158309113
-0.000003930565431
-0.000004880772111
-0.000006047211027
-0.000007475750561
-0.000009221202397
-0.000011348889615
-0.000013936452684
-0.000017075922039
-0.000020876087976
-0.000025465200522
-0.000030994033608
-0.000037639349303
-0.000045607798851
-0.000055140297804
-0.000066516912383
-0.000080062293383
-0.000096151692166
-0.000115217590486
-0.000137756971910
-0.000164339257245
-0.000195614919537
-0.000232324785673
-0.000275310021338
-0.000325522783799
-0.000384037512750
-0.000452062813085
-0.000530953864990
-0.000622225276098
-0.000727564267835
-0.000848844063481
-0.000988137319143
-0.001147729411056
-0.001330131363768
-0.001538092174160
-0.001774610256576
-0.002042943705114
-0.002346619041052
-0.002689438087315
-0.003075482588644
-0.003509116176625
-0.003994983264014
-0.004538004443786
-0.005143367966160
-0.005816516872437
-0.006563131378830
-0.007389106127506
-0.008300521956497
-0.009303611885680
-0.010404721073141
-0.011610260565140
-0.012926654743629
-0.014360282467556
-0.015917412007452
-0.017604129986140
-0.019426264660591
-0.021389304009396
-0.023498309225098
-0.025757824348449
-0.028171782920001
-0.030743412660373
-0.033475139321055
-0.036368490969409
-0.039424004081209
-0.042641132908296
-0.046018163664281
-0.049552135124483
-0.053238767264544
-0.057072399562629
-0.061045940560665
-0.065150830218933
-0.069377016504345
-0.073712947525572
-0.078145580367940
-0.082660407588926
-0.087241502112886
-0.091871581014042
-0.096532088403240
-0.101203297340714
-0.105864430389026
-0.110493798102970
-0.115068954432569
-0.119566867697788
-0.123964105485807
-0.128237031530443
-0.132362012365184
-0.136315631302699
-0.140074907090589
-0.143617514430990
-0.146922003434965
-0.149968015015398
-0.152736489206873
-0.155209863439687
-0.157372257888105
-0.159209645159511
-0.160710001789458
-0.161863439254507
-0.162662312506081
-0.163101304358946
-0.163177484431207
-0.162890341721824
-0.162241790318998
-0.161236148150203
-0.159880089103917
-0.158182569265753
-0.156154728409533
-0.153809768259084
-0.151162809381729
-0.148230728883170
-0.145031981339892
-0.141586405624672
-0.137915020449741
-0.134039811568096
-0.129983513635223
-0.125769389741087
-0.121421011576846
-0.116962043104706
-0.112416030455921
-0.107806200595638
-0.103155271068988
-0.098485272886404
-0.093817388323853
-0.089171805111947
-0.084567588173609
-0.080022569749717
-0.075553258432462
-0.071174767313313
-0.066900761152122
-0.062743422191337
-0.058713433978893
-0.054819982329090
-0.051070772345447
-0.047472060255584
-0.044028698666747
-0.040744193742577
-0.037620772726645
-0.034659460195617
-0.031860161412912
-0.029221751170528
-0.026742166549764
-0.024418502098036
-0.022247106005649
-0.020223675970078
-0.018343353552485
-0.016600815958544
-0.014990364309774
-0.013506007609413
-0.012141541745328
-0.010890623008955
-0.009746835741293
-0.008703753842584
-0.007754995999623
-0.006894274592394
-0.006115438338807
-0.005412508822031
-0.004779711118870
-0.004211498809772
-0.003702573701419
-0.003247900631946
-0.002842717757189
-0.002482542734626
-0.002163175230898
-0.001880696179694
-0.001631464210518
-0.001412109656386
-0.001219526530854
-0.001050862842930
-0.000903509593442
-0.000775088768973
-0.000663440620721
-0.000566610485904
-0.000482835379697
-0.000410530556347
-0.000348276209852
-0.000294804457521
-0.000248986724422
-0.000209821623190
-0.000176423402146
-0.000148011015321
-0.000123897850692
-0.000103482137781
-0.000086238042710
-0.000071707447669
-0.000059492402517
-0.000049248228699
-0.000040677249691
-0.000033523117677
-0.000027565702861
-0.000022616509678
-0.000018514582916
-0.000015122866416
-0.000012324977247
-0.000010022359074
-0.000008131779740
-0.000006583139619
-0.000005317559161
-0.000004285716060
-0.000003446404530
-0.000002765291372
-0.000002213845593
-0.000001768420467
-0.000001409468935
-0.000001120875171
-0.000000889386941
-0.000000704135111
-0.000000556228195
-0.000000438411298
-0.000000344780115
-0.000000270541821
-0.000000211815790
-0.000000165467980
-0.000000128973745
-0.000000100304485
-0.000000077834312
-0.000000060263385
-0.000000046555138
-0.000000035885037
-0.000000027598841
-0.000000021178731
-0.000000016215886
-0.000000012388339
-0.000000009443155
-0.000000007182121
-0.000000005450295
-0.000000004126852
-0.000000003117808
-0.000000002350236
-0.000000001767686
-0.000000001326570
-0.000000000993315
-0.000000000742122
-0.000000000553217
-0.000000000411478
-0.000000000305372
-0.000000000226123
-0.000000000167067
-0.000000000123159
-0.000000000090589
-0.000000000066483
-0.000000000048683
-0.000000000035570
-0.000000000025931
-0.000000000018862
-0.000000000013689
-0.000000000009913
-0.000000000007162
-0.000000000005164
-0.000000000003714
-0.000000000002666
-0.000000000001909
-0.000000000001364
-0.000000000000973
-0.000000000000692
-0.000000000000491
-0.000000000000348
-0.000000000000246
-0.000000000000173
-0.000000000000122
-0.000000000000086
-0.000000000000060
-0.000000000000042
-0.000000000000029
-0.000000000000020
-0.000000000000014
-0.000000000000010
-0.000000000000007
-0.000000000000004
-0.000000000000003
-0.000000000000002
-0.000000000000002
-0.000000000000001
-0.000000000000001
-0.000000000000001
-0.000000000000000
-0.000000000000000
-0.000000000000000
-0.000000000000000
-0.000000000000000
0.000000000000000
-0.000000000000000
0.000000000000000
-0.000000000000000
0.000000000000000
-0.000000000000000
-0.000000000000000
0.000000000000000
-0.000000000000000
-0.000000000000000
0.000000000000000
-0.000000000000000
0.000000000000000
-0.000000000000000
0.000000000000000
-0.000000000000000
0.000000000000000
0.000000000000000
-0.000000000000000
0.000000000000000
-0.000000000000000
0.000000000000000
0.000000000000000
-0.000000000000000
0.000000000000000
-0.000000000000000
0.000000000000000
-0.000000000000000
0.000000000000000
0.000000000000000
-0.000000000000000
0.000000000000000
0.000000000000000
0.000000000000000
-0.000000000000000
0.000000000000000
-0.000000000000000
0.000000000000000
-0.000000000000000
0.000000000000000
-0.000000000000000
-0.000000000000000
0.000000000000000
-0.000000000000000
0.000000000000000
-0.000000000000000
-0.000000000000000
-0.000000000000000
0.000000000000000
-0.000000000000000
0.000000000000000
-0.000000000000000
0.000000000000000
-0.000000000000000
0.000000000000000
-0.000000000000000
0.000000000000000
0.000000000000000
-0.000000000000000
0.000000000000000
-0.000000000000000
0.000000000000000
-0.000000000000000
0.000000000000000
-0.000000000000000
0.000000000000000
-0.000000000000000
0.000000000000000
-0.000000000000000
0.000000000000000
-0.000000000000000
-0.000000000000000
0.000000000000000
-0.000000000000000
0.000000000000000
-0.000000000000000
0.000000000000000
-0.000000000000000
0.000000000000000
0.000000000000000
-0.000000000000000
0.000000000000000
-0.000000000000000
0.000000000000000
-0.000000000000000
-0.000000000000000
0.000000000000000
-0.000000000000000
0.000000000000000
-0.000000000000000
0.000000000000000
-0.000000000000000
0.000000000000000
0.000000000000000
-0.000000000000000
0.000000000000000
-0.000000000000000
-0.000000000000000
0.000000000000000
-0.000000000000000
0.000000000000000
-0.000000000000000
0.000000000000000
-0.000000000000000
-0.000000000000000
0.000000000000000
-0.000000000000000
0.000000000000000
0.000000000000000
-0.000000000000000
0.000000000000000
-0.000000000000000
0.000000000000000
-0.000000000000000
-0.000000000000000
0.000000000000000
-0.000000000000000
0.000000000000000
-0.000000000000000
0.000000000000000
-0.000000000000000
0.000000000000000
-0.000000000000000
0.000000000000000
-0.000000000000000
0.000000000000000
-0.000000000000000
-0.000000000000000
0.000000000000000
-0.000000000000000
0.000000000000000
-0.000000000000000
0.000000000000000
-0.000000000000000
0.000000000000000
0.000000000000000
-0.000000000000000
0.000000000000000
-0.000000000000000
0.000000000000000
0.000000000000000
-0.000000000000000
0.000000000000000
-0.000000000000000
0.000000000000000
-0.000000000000000
-0.000000000000000
0.000000000000000
-0.000000000000000
0.000000000000000
-0.000000000000000
-0.000000000000000
0.000000000000000
-0.000000000000000
0.000000000000000
-0.000000000000000
-0.000000000000000
0.000000000000000
-0.000000000000000
0.000000000000000
-0.000000000000000
-0.000000000000000
0.000000000000000
-0.000000000000000
0.000000000000001
-0.000000000000000
0.000000000000000
-0.000000000000000
-0.000000000000000
0.000000000000000
-0.000000000000000
0.000000000000000
-0.000000000000000
-0.000000000000000
0.000000000000000
-0.000000000000000
0.000000000000000
-0.000000000000000
0.000000000000000
0.000000000000000
-0.000000000000000
0.000000000000000
-0.000000000000000
0.000000000000000
-0.000000000000000
0.000000000000000
-0.000000000000000
0.000000000000000
-0.000000000000000
0.000000000000000
-0.000000000000000
0.000000000000000
0.000000000000000
-0.000000000000000
0.000000000000000
-0.000000000000000
0.000000000000000
0.000000000000000
-0.000000000000000
0.000000000000000
-0.000000000000000
-0.000000000000000
0.000000000000000
-0.000000000000000
-0.000000000000000
0.000000000000000
-0.000000000000000
0.000000000000000
-0.000000000000000
0.000000000000000
0.000000000000000
-0.000000000000000
0.000000000000000
-0.000000000000000
0.000000000000000
0.000000000000000
-0.000000000000000
0.000000000000000
-0.000000000000000
0.000000000000000
0.000000000000000
-0.000000000000000
0.000000000000000
-0.000000000000000
0.000000000000000
0.000000000000000
-0.000000000000000
0.000000000000000
-0.000000000000000
0.000000000000000
-0.000000000000000
-0.000000000000000
0.000000000000000
0.000000000000000
-0.000000000000000
0.000000000000000
-0.000000000000000
0.000000000000000
0.000000000000000
-0.000000000000000
0.000000000000000
-0.000000000000000
0.000000000000000
-0.000000000000000
0.000000000000000
-0.000000000000000
0.000000000000000
-0.000000000000000
0.000000000000000
-0.000000000000000
0.000000000000000
-0.000000000000000
0.000000000000000
-0.000000000000000
0.000000000000000
-0.000000000000000
0.000000000000000
-0.000000000000000
-0.000000000000000
-0.000000000000000
-0.000000000000000
0.000000000000000
-0.000000000000000
0.000000000000000
-0.000000000000000
0.000000000000000
-0.000000000000000
-0.000000000000000
0.000000000000000
-0.000000000000000
0.000000000000000
-0.000000000000000
-0.000000000000000
0.000000000000000
-0.000000000000000
0.000000000000000
-0.000000000000000
0.000000000000000
-0.000000000000000
0.000000000000000
-0.000000000000000
0.000000000000000
0.000000000000000
-0.000000000000000
0.000000000000000
-0.000000000000000
0.000000000000000
0.000000000000000
-0.000000000000000
0.000000000000000
-0.000000000000000
0.000000000000000
-0.000000000000000
-0.000000000000000
0.000000000000000
-0.000000000000000
0.000000000000000
-0.000000000000000
-0.000000000000000
0.000000000000000
-0.000000000000000
0.000000000000000
-0.000000000000000
-0.000000000000000
0.000000000000000
-0.000000000000000
0.000000000000000
-0.000000000000000
-0.000000000000000
0.000000000000000
-0.000000000000000
0.000000000000000
-0.000000000000000
-0.000000000000000
0.000000000000000
-0.000000000000000
0.000000000000000
-0.000000000000000
-0.000000000000000
0.000000000000000
-0.000000000000000
0.000000000000000
0.000000000000000
-0.000000000000000
0.000000000000000
-0.000000000000000
0.000000000000000
-0.000000000000000
-0.000000000000000
0.000000000000000
-0.000000000000000
0.000000000000000
0.000000000000000
0.000000000000000
-0.000000000000000
0.000000000000000
-0.000000000000000
0.000000000000000
0.000000000000000
-0.000000000000000
0.000000000000000
-0.000000000000000
-0.000000000000000
0.000000000000000
-0.000000000000000
0.000000000000000
-0.000000000000000
0.000000000000000
-0.000000000000000
0.000000000000000
0.000000000000000
-0.000000000000000
0.000000000000000
-0.000000000000000
-0.000000000000000
0.000000000000000
-0.000000000000000
0.000000000000000
-0.000000000000000
0.000000000000000
0.000000000000000
-0.000000000000000
0.000000000000000
-0.000000000000000
0.000000000000000
0.000000000000000
-0.000000000000000
0.000000000000000
0.000000000000000
-0.000000000000000
0.000000000000000
-0.000000000000000
0.000000000000000
-0.000000000000000
-0.000000000000000
-0.000000000000000
0.000000000000000
-0.000000000000000
0.000000000000000
0.000000000000000
-0.000000000000000
0.000000000000000
-0.000000000000000
0.000000000000000
0.000000000000000
-0.000000000000000
-0.000000000000000
-0.000000000000000
0.000000000000000
-0.000000000000000
0.000000000000000
-0.000000000000000
-0.000000000000000
0.000000000000000
-0.000000000000000
0.000000000000000
-0.000000000000000
-0.000000000000000
-0.000000000000000
0.000000000000000
-0.000000000000000
0.000000000000000
-0.000000000000000
-0.000000000000000
0.000000000000000
0.000000000000000
-0.000000000000000
0.000000000000000
-0.000000000000000
-0.000000000000000
0.000000000000000
-0.000000000000000
0.000000000000000
-0.000000000000000
0.000000000000000
-0.000000000000000
-0.000000000000000
0.000000000000000
-0.000000000000000
0.000000000000000
-0.000000000000000
-0.000000000000000
0.000000000000000
0.000000000000000
-0.000000000000000
0.000000000000000
-0.000000000000000
-0.000000000000000
0.000000000000000
-0.000000000000000
0.000000000000000
-0.000000000000000
0.000000000000000
-0.000000000000000
-0.000000000000000
0.000000000000000
0.000000000000000
-0.000000000000000
0.000000000000000
-0.000000000000000
0.000000000000000
0.000000000000000
-0.000000000000000
-0.000000000000000
0.000000000000000
-0.000000000000001
0.000000000000000
0.000000000000000
-0.000000000000000
0.000000000000000
-0.000000000000000
-0.000000000000000
0.000000000000000
-0.000000000000000
-0.000000000000000
0.000000000000000
-0.000000000000000
0.000000000000000
-0.000000000000000
0.000000000000000
-0.000000000000000
0.000000000000000
-0.000000000000000
0.000000000000000
-0.000000000000000
0.000000000000000
-0.000000000000000
-0.000000000000000
0.000000000000000
-0.000000000000000
0.000000000000000
0.000000000000000
-0.000000000000000
0.000000000000000
0.000000000000000
-0.000000000000000
0.000000000000000
-0.000000000000000
-0.000000000000000
-0.000000000000000
0.000000000000000
-0.000000000000000
0.000000000000001
-0.000000000000001
0.000000000000001
-0.000000000000000
0.000000000000000
0.000000000000000
0.000000000000000
