0.770000000000000018
0.780000000000000027
0.790000000000000036
0.800000000000000044
0.810000000000000053
0.820000000000000062
0.830000000000000071
0.840000000000000080
0.850000000000000089
0.860000000000000098
0.870000000000000107
0.880000000000000115
0.890000000000000124
0.900000000000000133
0.910000000000000142
0.920000000000000151
0.930000000000000160
0.940000000000000169
0.950000000000000178
0.960000000000000187
0.970000000000000195
0.980000000000000204
0.990000000000000213
1.000000000000000222
1.010000000000000231
1.020000000000000240
1.030000000000000249
1.040000000000000258
1.050000000000000266
1.060000000000000275
1.070000000000000284
1.080000000000000293
1.090000000000000302
1.100000000000000311
1.110000000000000320
1.120000000000000329
1.130000000000000338
1.140000000000000346
1.150000000000000355
1.160000000000000364
1.170000000000000373
1.180000000000000382
1.190000000000000391
1.200000000000000400
1.210000000000000409
1.220000000000000417
1.230000000000000426
1.240000000000000435
1.250000000000000444
1.260000000000000453
1.270000000000000462
1.280000000000000471
1.290000000000000480
1.300000000000000488
1.310000000000000497
1.320000000000000506
1.330000000000000515
1.340000000000000524
1.350000000000000533
1.360000000000000542
1.370000000000000551
1.380000000000000560
1.390000000000000568
1.400000000000000577
1.410000000000000586
1.420000000000000595
1.430000000000000604
1.440000000000000613
1.450000000000000622
1.460000000000000631
1.470000000000000639
1.480000000000000648
1.490000000000000657
1.500000000000000666
1.510000000000000675
1.520000000000000684
1.530000000000000693
1.540000000000000702
1.550000000000000711
1.560000000000000719
1.570000000000000728
1.580000000000000737
1.590000000000000746
1.600000000000000755
1.610000000000000764
1.620000000000000773
1.630000000000000782
1.640000000000000790
1.650000000000000799
1.660000000000000808
1.670000000000000817
1.680000000000000826
1.690000000000000835
1.700000000000000844
1.710000000000000853
1.720000000000000862
1.730000000000000870
1.740000000000000879
1.750000000000000888
1.760000000000000897
1.770000000000000906
1.780000000000000915
1.790000000000000924
1.800000000000000933
1.810000000000000941
1.820000000000000950
1.830000000000000959
1.840000000000000968
1.850000000000000977
1.860000000000000986
1.870000000000000995
1.880000000000001004
1.890000000000001013
1.900000000000001021
1.910000000000001030
1.920000000000001039
1.930000000000001048
1.940000000000001057
1.950000000000001066
1.960000000000001075
1.970000000000001084
1.980000000000001092
1.990000000000001101
2.000000000000000888
2.010000000000001119
2.020000000000001350
2.030000000000001137
2.040000000000000924
2.050000000000001155
2.060000000000001386
2.070000000000001172
2.080000000000000959
2.090000000000001190
2.100000000000001421
2.110000000000001208
2.120000000000000995
2.130000000000001226
2.140000000000001457
2.150000000000001243
2.160000000000001030
2.170000000000001261
2.180000000000001492
2.190000000000001279
2.200000000000001066
2.210000000000001297
2.220000000000001528
2.230000000000001315
2.240000000000001101
2.250000000000001332
2.260000000000001563
2.270000000000001350
2.280000000000001137
2.290000000000001368
2.300000000000001599
2.310000000000001386
2.320000000000001172
2.330000000000001403
2.340000000000001634
2.350000000000001421
2.360000000000001208
2.370000000000001439
2.380000000000001670
2.390000000000001457
2.400000000000001243
2.410000000000001474
2.420000000000001705
2.430000000000001492
2.440000000000001279
2.450000000000001510
2.460000000000001741
2.470000000000001528
2.480000000000001315
2.490000000000001545
2.500000000000001776
2.510000000000001563
2.520000000000001350
2.530000000000001581
2.540000000000001812
2.550000000000001599
2.560000000000001386
2.570000000000001616
2.580000000000001847
2.590000000000001634
2.600000000000001421
2.610000000000001652
2.620000000000001883
2.630000000000001670
2.640000000000001457
2.650000000000001688
2.660000000000001918
2.670000000000001705
2.680000000000001492
2.690000000000001723
2.700000000000001954
2.710000000000001741
2.720000000000001528
2.730000000000001759
2.740000000000001990
2.750000000000001776
2.760000000000001563
2.770000000000001794
2.780000000000002025
2.790000000000001812
2.800000000000001599
2.810000000000001830
2.820000000000002061
2.830000000000001847
2.840000000000001634
2.850000000000001865
2.860000000000002096
2.870000000000001883
2.880000000000001670
2.890000000000001901
2.900000000000002132
2.910000000000001918
2.920000000000001705
2.930000000000001936
2.940000000000002167
2.950000000000001954
2.960000000000001741
2.970000000000001972
2.980000000000002203
2.990000000000001990
3.000000000000001776
3.010000000000002007
3.020000000000002238
3.030000000000002025
3.040000000000001812
3.050000000000002043
3.060000000000002274
3.070000000000002061
3.080000000000001847
3.090000000000002078
3.100000000000002309
3.110000000000002096
3.120000000000001883
3.130000000000002114
3.140000000000002345
3.150000000000002132
3.160000000000001918
3.170000000000002149
3.180000000000002380
3.190000000000002167
3.200000000000001954
3.210000000000002185
3.220000000000002416
3.230000000000002203
3.240000000000001990
3.250000000000002220
3.260000000000002451
3.270000000000002238
3.280000000000002025
3.290000000000002256
3.300000000000002487
3.310000000000002274
3.320000000000002061
3.330000000000002292
3.340000000000002522
3.350000000000002309
3.360000000000002096
3.370000000000002327
3.380000000000002558
3.390000000000002345
3.400000000000002132
3.410000000000002363
3.420000000000002593
3.430000000000002380
3.440000000000002167
3.450000000000002398
3.460000000000002629
3.470000000000002416
3.480000000000002203
3.490000000000002434
3.500000000000002665
3.510000000000002451
3.520000000000002238
3.530000000000002469
3.540000000000002700
3.550000000000002487
3.560000000000002274
3.570000000000002505
3.580000000000002736
3.590000000000002522
3.600000000000002309
3.610000000000002540
3.620000000000002771
3.630000000000002558
3.640000000000002345
3.650000000000002576
3.660000000000002807
3.670000000000002593
3.680000000000002380
3.690000000000002611
3.700000000000002842
3.710000000000002629
3.720000000000002416
3.730000000000002647
3.740000000000002878
3.750000000000002665
3.760000000000002451
3.770000000000002682
3.780000000000002913
3.790000000000002700
3.800000000000002487
3.810000000000002718
3.820000000000002949
3.830000000000002736
3.840000000000002522
3.850000000000002753
3.860000000000002984
3.870000000000002771
3.880000000000002558
3.890000000000002789
3.900000000000003020
3.910000000000002807
3.920000000000002593
3.930000000000002824
3.940000000000003055
3.950000000000002842
3.960000000000002629
3.970000000000002860
3.980000000000003091
3.990000000000002878
4.000000000000002665
4.010000000000003340
4.020000000000003126
4.030000000000002913
4.040000000000002700
4.050000000000002487
4.060000000000003162
4.070000000000002949
4.080000000000002736
4.090000000000003411
4.100000000000003197
4.110000000000002984
4.120000000000002771
4.130000000000002558
4.140000000000003233
4.150000000000003020
4.160000000000002807
4.170000000000003482
4.180000000000003268
4.190000000000003055
4.200000000000002842
4.210000000000002629
4.220000000000003304
4.230000000000003091
4.240000000000002878
4.250000000000003553
4.260000000000003340
4.270000000000003126
4.280000000000002913
4.290000000000002700
4.300000000000003375
4.310000000000003162
4.320000000000002949
4.330000000000003624
4.340000000000003411
4.350000000000003197
4.360000000000002984
4.370000000000002771
4.380000000000003446
4.390000000000003233
4.400000000000003020
4.410000000000003695
4.420000000000003482
4.430000000000003268
4.440000000000003055
4.450000000000002842
4.460000000000003517
4.470000000000003304
4.480000000000003091
4.490000000000003766
4.500000000000003553
4.510000000000003340
4.520000000000003126
4.530000000000002913
4.540000000000003588
4.550000000000003375
4.560000000000003162
4.570000000000003837
4.580000000000003624
4.590000000000003411
4.600000000000003197
4.610000000000002984
4.620000000000003659
4.630000000000003446
4.640000000000003233
4.650000000000003908
4.660000000000003695
4.670000000000003482
4.680000000000003268
4.690000000000003055
4.700000000000003730
4.710000000000003517
4.720000000000003304
4.730000000000003979
4.740000000000003766
4.750000000000003553
4.760000000000003340
4.770000000000003126
4.780000000000003801
4.790000000000003588
4.800000000000003375
4.810000000000004050
4.820000000000003837
4.830000000000003624
4.840000000000003411
4.850000000000003197
4.860000000000003872
4.870000000000003659
4.880000000000003446
4.890000000000004121
4.900000000000003908
4.910000000000003695
4.920000000000003482
4.930000000000003268
4.940000000000003944
4.950000000000003730
4.960000000000003517
4.970000000000004192
4.980000000000003979
4.990000000000003766
5.000000000000003553
5.010000000000003340
5.020000000000004015
5.030000000000003801
5.040000000000003588
5.050000000000004263
5.060000000000004050
5.070000000000003837
5.080000000000003624
5.090000000000003411
5.100000000000004086
5.110000000000003872
5.120000000000003659
5.130000000000004334
5.140000000000004121
5.150000000000003908
5.160000000000003695
5.170000000000003482
5.180000000000004157
5.190000000000003944
5.200000000000003730
5.210000000000004405
5.220000000000004192
5.230000000000003979
5.240000000000003766
5.250000000000003553
5.260000000000004228
5.270000000000004015
5.280000000000003801
5.290000000000004476
5.300000000000004263
5.310000000000004050
5.320000000000003837
5.330000000000003624
5.340000000000004299
5.350000000000004086
5.360000000000003872
5.370000000000004547
5.380000000000004334
5.390000000000004121
5.400000000000003908
5.410000000000003695
5.420000000000004370
5.430000000000004157
5.440000000000003944
5.450000000000004619
5.460000000000004405
5.470000000000004192
5.480000000000003979
5.490000000000003766
5.500000000000004441
5.510000000000004228
5.520000000000004015
5.530000000000004690
5.540000000000004476
5.550000000000004263
5.560000000000004050
5.570000000000003837
5.580000000000004512
5.590000000000004299
5.600000000000004086
5.610000000000004761
5.620000000000004547
5.630000000000004334
5.640000000000004121
5.650000000000003908
5.660000000000004583
5.670000000000004370
5.680000000000004157
5.690000000000004832
5.700000000000004619
5.710000000000004405
5.720000000000004192
5.730000000000003979
5.740000000000004654
5.750000000000004441
5.760000000000004228
5.770000000000004903
5.780000000000004690
5.790000000000004476
5.800000000000004263
5.810000000000004050
5.820000000000004725
5.830000000000004512
5.840000000000004299
5.850000000000004974
5.860000000000004761
5.870000000000004547
5.880000000000004334
5.890000000000004121
5.900000000000004796
5.910000000000004583
5.920000000000004370
5.930000000000005045
