0.000000000000000
0.000000000000001
0.000000000000002
0.000000000000002
0.000000000000001
0.000000000000000
-0.000000000000000
-0.000000000000001
-0.000000000000001
-0.000000000000001
-0.000000000000001
-0.000000000000001
-0.000000000000000
0.000000000000000
0.000000000000000
0.000000000000000
-0.000000000000000
-0.000000000000001
-0.000000000000001
-0.000000000000001
-0.000000000000001
-0.000000000000001
-0.000000000000001
-0.000000000000000
-0.000000000000000
-0.000000000000000
0.000000000000000
0.000000000000001
0.000000000000001
0.000000000000001
0.000000000000001
0.000000000000001
0.000000000000001
0.000000000000001
0.000000000000000
0.000000000000000
0.000000000000000
0.000000000000001
0.000000000000002
0.000000000000002
0.000000000000002
0.000000000000002
0.000000000000002
0.000000000000002
0.000000000000001
0.000000000000000
-0.000000000000000
-0.000000000000001
-0.000000000000001
-0.000000000000001
-0.000000000000000
0.000000000000000
0.000000000000000
0.000000000000000
0.000000000000000
0.000000000000000
-0.000000000000001
-0.000000000000000
-0.000000000000000
-0.000000000000000
0.000000000000000
0.000000000000001
0.000000000000001
0.000000000000001
0.000000000000001
0.000000000000001
0.000000000000001
0.000000000000001
0.000000000000001
0.000000000000002
0.000000000000001
0.000000000000001
0.000000000000001
0.000000000000001
0.000000000000001
0.000000000000001
0.000000000000001
0.000000000000002
0.000000000000002
0.000000000000003
0.000000000000003
0.000000000000002
0.000000000000002
0.000000000000002
0.000000000000001
0.000000000000001
0.000000000000000
0.000000000000000
0.000000000000001
0.000000000000000
0.000000000000000
0.000000000000000
-0.000000000000000
-0.000000000000001
-0.000000000000001
-0.000000000000001
-0.000000000000000
-0.000000000000000
-0.000000000000000
-0.000000000000000
0.000000000000000
0.000000000000000
0.000000000000001
0.000000000000001
0.000000000000001
0.000000000000000
0.000000000000000
0.000000000000001
0.000000000000001
0.000000000000002
0.000000000000002
0.000000000000002
0.000000000000002
0.000000000000003
0.000000000000002
0.000000000000002
0.000000000000002
0.000000000000002
0.000000000000002
0.000000000000003
0.000000000000003
0.000000000000003
0.000000000000003
0.000000000000003
0.000000000000003
0.000000000000003
0.000000000000003
0.000000000000003
0.000000000000003
0.000000000000003
0.000000000000004
0.000000000000003
0.000000000000002
0.000000000000001
0.000000000000001
0.000000000000001
0.000000000000001
0.000000000000001
0.000000000000001
0.000000000000000
0.000000000000000
0.000000000000000
-0.000000000000000
-0.000000000000000
0.000000000000000
0.000000000000001
0.000000000000002
0.000000000000002
0.000000000000003
0.000000000000003
0.000000000000003
0.000000000000002
0.000000000000002
0.000000000000001
0.000000000000000
-0.000000000000000
-0.000000000000000
-0.000000000000001
-0.000000000000001
-0.000000000000001
-0.000000000000001
-0.000000000000002
-0.000000000000001
-0.000000000000002
-0.000000000000001
-0.000000000000000
0.000000000000000
0.000000000000001
0.000000000000002
0.000000000000002
0.000000000000002
0.000000000000003
0.000000000000004
0.000000000000003
0.000000000000004
0.000000000000003
0.000000000000003
0.000000000000002
0.000000000000002
0.000000000000002
0.000000000000002
0.000000000000002
0.000000000000001
0.000000000000001
-0.000000000000000
-0.000000000000001
-0.000000000000001
-0.000000000000002
-0.000000000000002
-0.000000000000003
-0.000000000000004
-0.000000000000005
-0.000000000000005
-0.000000000000006
-0.000000000000006
-0.000000000000006
-0.000000000000007
-0.000000000000008
-0.000000000000008
-0.000000000000009
-0.000000000000010
-0.000000000000012
-0.000000000000014
-0.000000000000018
-0.000000000000022
-0.000000000000027
-0.000000000000034
-0.000000000000040
-0.000000000000048
-0.000000000000058
-0.000000000000069
-0.000000000000083
-0.000000000000099
-0.000000000000117
-0.000000000000140
-0.000000000000165
-0.000000000000196
-0.000000000000233
-0.000000000000275
-0.000000000000326
-0.000000000000387
-0.000000000000460
-0.000000000000545
-0.000000000000647
-0.000000000000767
-0.000000000000909
-0.000000000001077
-0.000000000001275
-0.000000000001509
-0.000000000001784
-0.000000000002108
-0.000000000002491
-0.000000000002941
-0.000000000003471
-0.000000000004096
-0.000000000004829
-0.000000000005691
-0.000000000006702
-0.000000000007889
-0.000000000009282
-0.000000000010915
-0.000000000012828
-0.000000000015069
-0.000000000017691
-0.000000000020758
-0.000000000024343
-0.000000000028530
-0.000000000033421
-0.000000000039128
-0.000000000045785
-0.000000000053546
-0.000000000062587
-0.000000000073117
-0.000000000085371
-0.000000000099624
-0.000000000116195
-0.000000000135447
-0.000000000157804
-0.000000000183751
-0.000000000213848
-0.000000000248738
-0.000000000289164
-0.000000000335978
-0.000000000390157
-0.000000000452828
-0.000000000525279
-0.000000000608990
-0.000000000705657
-0.000000000817222
-0.000000000945910
-0.000000001094264
-0.000000001265196
-0.000000001462029
-0.000000001688561
-0.000000001949128
-0.000000002248675
-0.000000002592839
-0.000000002988043
-0.000000003441601
-0.000000003961836
-0.000000004558216
-0.000000005241498
-0.000000006023906
-0.000000006919312
-0.000000007943461
-0.000000009114200
-0.000000010451754
-0.000000011979029
-0.000000013721948
-0.000000015709834
-0.000000017975834
-0.000000020557391
-0.000000023496784
-0.000000026841713
-0.000000030645966
-0.000000034970163
-0.000000039882569
-0.000000045460027
-0.000000051788967
-0.000000058966554
-0.000000067101944
-0.000000076317696
-0.000000086751322
-0.000000098557027
-0.000000111907615
-0.000000126996621
-0.000000144040658
-0.000000163282015
-0.000000184991534
-0.000000209471779
-0.000000237060542
-0.000000268134706
-0.000000303114500
-0.000000342468187
-0.000000386717226
-0.000000436441939
-0.000000492287749
-0.000000554972020
-0.000000625291563
-0.000000704130872
-0.000000792471134
-0.000000891400101
-0.000001002122882
-0.000001125973740
-0.000001264428972
-0.000001419120969
-0.000001591853535
-0.000001784618591
-0.000001999614345
-0.000002239265059
-0.000002506242541
-0.000002803489466
-0.000003134244697
-0.000003502070723
-0.000003910883389
-0.000004364984064
-0.000004869094438
-0.000005428394107
-0.000006048561155
-0.000006735815916
-0.000007496968143
-0.000008339467789
-0.000009271459632
-0.000010301841981
-0.000011440329715
-0.000012697521908
-0.000014084974309
-0.000015615276945
-0.000017302137137
-0.000019160468227
-0.000021206484294
-0.000023457801191
-0.000025933544194
-0.000028654462593
-0.000031643051545
-0.000034923681503
-0.000038522735562
-0.000042468755037
-0.000046792593604
-0.000051527580325
-0.000056709691871
-0.000062377734244
-0.000068573534319
-0.000075342141472
-0.000082732039570
-0.000090795369586
-0.000099588163055
-0.000109170586596
-0.000119607197662
-0.000130967211677
-0.000143324780666
-0.000156759283443
-0.000171355627394
-0.000187204561822
-0.000204403002766
-0.000223054369185
-0.000243268930260
-0.000265164163592
-0.000288865123897
-0.000314504821801
-0.000342224612207
-0.000372174591631
-0.000404514003780
-0.000439411652591
-0.000477046321783
-0.000517607199892
-0.000561294309650
-0.000608318940386
-0.000658904082073
-0.000713284859442
-0.000771708964487
-0.000834437085503
-0.000901743330701
-0.000973915644228
-0.001051256212319
-0.001134081857133
-0.001222724415645
-0.001317531100847
-0.001418864842330
-0.001527104603148
-0.001642645669746
-0.001765899911553
-0.001897296006703
-0.002037279630212
-0.002186313600776
-0.002344877982280
-0.002513470135933
-0.002692604718866
-0.002882813624950
-0.003084645863464
-0.003298667371237
-0.003525460753779
-0.003765624950941
-0.004019774822594
-0.004288540649850
-0.004572567547384
-0.004872514782465
-0.005189054996398
-0.005522873324203
-0.005874666408486
-0.006245141303640
-0.006635014266728
-0.007045009431643
-0.007475857363382
-0.007928293489642
-0.008403056407241
-0.008900886061273
-0.009422521795325
-0.009968700271548
-0.010540153259841
-0.011137605295999
-0.011761771209169
-0.012413353519623
-0.013093039708487
-0.013801499361692
-0.014539381191200
-0.015307309937220
-0.016105883155936
-0.016935667898048
-0.017797197284232
-0.018690966984478
-0.019617431609096
-0.020577001020039
-0.021570036572103
-0.022596847294371
-0.023657686023213
-0.024752745498980
-0.025882154439406
-0.027045973603572
-0.028244191861121
-0.029476722282189
-0.030743398264315
-0.032043969713265
-0.033378099295459
-0.034745358780241
-0.036145225490877
-0.037577078883610
-0.039040197274606
-0.040533754734919
-0.042056818173949
-0.043608344632027
-0.045187178802865
-0.046792050806618
-0.048421574234231
-0.050074244483482
-0.051748437406873
-0.053442408291071
-0.055154291187021
-0.056882098609241
-0.058623721621966
-0.060376930328934
-0.062139374782531
-0.063908586326888
-0.065681979388221
-0.067456853724293
-0.069230397143376
-0.070999688701450
-0.072761702384607
-0.074513311281818
-0.076251292251226
-0.077972331081131
-0.079673028144664
-0.081349904544972
-0.082999408745454
-0.084617923677264
-0.086201774313923
-0.087747235700469
-0.089250541422150
-0.090707892495212
-0.092115466659907
-0.093469428053408
-0.094765937237938
-0.096001161557044
-0.097171285790695
-0.098272523077617
-0.099301126071188
-0.100253398293133
-0.101125705647405
-0.101914488054790
-0.102616271167169
-0.103227678118865
-0.103745441271181
-0.104166413905102
-0.104487581816179
-0.104706074764863
-0.104819177735027
-0.104824341953083
-0.104719195620026
-0.104501554308846
-0.104169430980165
-0.103721045569531
-0.103154834100680
-0.102469457280179
-0.101663808530186
-0.100737021417657
-0.099688476440150
-0.098517807130394
-0.097224905444107
-0.095809926397981
-0.094273291927479
-0.092615693936957
-0.090838096517686
-0.088941737312612
-0.086928128010032
-0.084799053951940
-0.082556572846415
-0.080203012577169
-0.077740968107222
-0.075173297477551
-0.072503116905506
-0.069733794991733
-0.066868946048322
-0.063912422564835
-0.060868306832745
-0.057740901752693
-0.054534720852669
-0.051254477548920
-0.047905073684864
-0.044491587386670
-0.041019260277388
-0.037493484094510
-0.033919786758663
-0.030303817943758
-0.026651334201255
-0.022968183693356
-0.019260290591764
-0.015533639200280
-0.011794257860776
-0.008048202703144
-0.004301541300530
-0.000560336291594
0.003169370968302
0.006881576665282
0.010570330633257
0.014229752247862
0.017854046048583
0.021437517031010
0.024974585552706
0.028459801798144
0.031887859750241
0.035253610618446
0.038552075675949
0.041778458461382
0.044928156303479
0.047996771130281
0.050980119527936
0.053874242017603
0.056675411522617
0.059380141001836
0.061985190228884
0.064487571700907
0.066884555664364
0.069173674249308
0.071352724707578
0.073419771754168
0.075373149014964
0.077211459587786
0.078933575727404
0.080538637668783
0.082026051606313
0.083395486850106
0.084646872183630
0.085780391449971
0.086796478396846
0.087695810813141
0.088479303992154
0.089148103558978
0.089703577701423
0.090147308845666
0.090481084819354
0.090706889546144
0.090826893316783
0.090843442682586
0.090759050017802
0.090576382797656
0.090298252638991
0.089927604150313
0.089467503637678
0.088921127712350
0.088291751845335
0.087582738912994
0.086797527776771
0.085939621938725
0.085012578313119
0.084019996152651
0.082965506166135
0.081852759862561
0.080685419154437
0.079467146251215
0.078201593871414
0.076892395799777
0.075543157813527
0.074157448999367
0.072738793480575
0.071290662571050
0.069816467370881
0.068319551815518
0.066803186188381
0.065270561104316
0.063724781969126
0.062168863918130
0.060605727234589
0.059038193246761
0.057468980700350
0.055900702601249
0.054335863521644
0.052776857360896
0.051225965551003
0.049685355694992
0.048157080625240
0.046643077867469
0.045145169495078
0.043665062357436
0.042204348664941
0.040764506912847
0.039346903125249
0.037952792400111
0.036583320735799
0.035239527119290
0.033922345856055
0.032632609121543
0.031371049714173
0.030138303989904
0.028934914958625
0.027761335522904
0.026617931839995
0.025504986788442
0.024422703521142
0.023371209087247
0.022350558105973
0.021360736475962
0.020401665104663
0.019473203642829
0.018575154210099
0.017707265098378
0.016869234440568
0.016060713833039
0.015281311901075
0.014530597797355
0.013808104624414
0.013113332772822
0.012445753167697
0.011804810416953
0.011189925855500
0.010600500480386
0.010035917772645
0.009495546402327
0.008978742813904
0.008484853689924
0.008013218291411
0.007563170674148
0.007134041780528
0.006725161407213
0.006335860049350
0.005965470622564
0.005613330064360
0.005278780817001
0.004961172194255
0.004659861634753
0.004374215844986
0.004103611835228
0.003847437851891
0.003605094210010
0.003375994029752
0.003159563880912
0.002955244339531
0.002762490460796
0.002580772172481
0.002409574593173
0.002248398279572
0.002096759407120
0.001954189888178
0.001820237431943
0.001694465550208
0.001576453512990
0.001465796257984
0.001362104257655
0.001265003347700
0.001174134520475
0.001089153686836
0.001009731409756
0.000935552612860
0.000866316266958
0.000801735057439
0.000741535035286
0.000685455254291
0.000633247396916
0.000584675391090
0.000539515020067
0.000497553527369
0.000458589218625
0.000422431062049
0.000388898289107
0.000357819996822
0.000329034753023
0.000302390205734
0.000277742697753
0.000254956887394
0.000233905376233
0.000214468344600
0.000196533195460
0.000179994207246
0.000164752196117
0.000150714188005
0.000137793100794
0.000125907436858
0.000114980986130
0.000104942539832
0.000095725614927
0.000087268189300
0.000079512447633
0.000072404537917
0.000065894338460
0.000059935235284
0.000054483909699
0.000049500135889
0.000044946588257
0.000040788658318
0.000036994280858
0.000033533769102
0.000030379658611
0.000027506559603
0.000024891017419
0.000022511380834
0.000020347677879
0.000018381498914
0.000016595886625
0.000014975232630
0.000013505180434
0.000012172534400
0.000010965174465
0.000009871976331
0.000008882736821
0.000007988104164
0.000007179512927
0.000006449123355
0.000005789764857
0.000005194883424
0.000004658492731
0.000004175128721
0.000003739807452
0.000003347986011
0.000002995526301
0.000002678661530
0.000002393965206
0.000002138322498
0.000001908903793
0.000001703140304
0.000001518701582
0.000001353474823
0.000001205545807
0.000001073181386
0.000000954813400
0.000000849023901
0.000000754531617
0.000000670179532
0.000000594923528
0.000000527821979
0.000000468026250
0.000000414772008
0.000000367371299
0.000000325205318
0.000000287717814
0.000000254409094
0.000000224830562
0.000000198579751
0.000000175295814
0.000000154655426
0.000000136369069
0.000000120177661
0.000000105849508
0.000000093177536
0.000000081976798
0.000000072082209
0.000000063346509
0.000000055638423
0.000000048840996
0.000000042850102
0.000000037573090
0.000000032927571
0.000000028840336
0.000000025246361
0.000000022087937
0.000000019313879
0.000000016878812
0.000000014742541
0.000000012869477
0.000000011228136
0.000000009790675
0.000000008532493
0.000000007431859
0.000000006469599
0.000000005628799
0.000000004894549
0.000000004253712
0.000000003694723
0.000000003207410
0.000000002782823
0.000000002413100
0.000000002091338
0.000000001811472
0.000000001568187
0.000000001356822
0.000000001173293
0.000000001014028
0.000000000875895
0.000000000756158
0.000000000652428
0.000000000562616
0.000000000484898
0.000000000417684
0.000000000359587
0.000000000309400
0.000000000266070
0.000000000228682
0.000000000196438
0.000000000168647
0.000000000144708
0.000000000124098
0.000000000106364
0.000000000091115
0.000000000078008
0.000000000066750
0.000000000057085
0.000000000048792
0.000000000041681
0.000000000035587
0.000000000030367
0.000000000025898
0.000000000022075
0.000000000018805
0.000000000016012
0.000000000013625
0.000000000011588
0.000000000009850
0.000000000008368
0.000000000007105
0.000000000006029
0.000000000005114
0.000000000004335
0.000000000003673
0.000000000003110
0.000000000002632
0.000000000002226
0.000000000001882
0.000000000001590
0.000000000001342
0.000000000001133
0.000000000000956
0.000000000000806
0.000000000000679
0.000000000000572
0.000000000000481
0.000000000000405
0.000000000000340
0.000000000000286
0.000000000000240
0.000000000000201
0.000000000000169
0.000000000000142
0.000000000000119
0.000000000000099
0.000000000000083
0.000000000000070
0.000000000000059
0.000000000000049
0.000000000000040
0.000000000000034
0.000000000000028
0.000000000000023
0.000000000000019
0.000000000000017
0.000000000000014
0.000000000000011
0.000000000000009
0.000000000000007
0.000000000000007
0.000000000000006
0.000000000000005
0.000000000000003
0.000000000000003
0.000000000000003
0.000000000000002
0.000000000000002
0.000000000000002
0.000000000000001
0.000000000000001
0.000000000000000
0.000000000000001
0.000000000000000
0.000000000000000
0.000000000000001
0.000000000000001
-0.000000000000000
0.000000000000000
-0.000000000000000
0.000000000000000
0.000000000000001
-0.000000000000000
-0.000000000000000
-0.000000000000000
0.000000000000000
0.000000000000000
0.000000000000000
0.000000000000000
-0.000000000000000
0.000000000000000
0.000000000000000
-0.000000000000000
-0.000000000000000
-0.000000000000000
0.000000000000000
-0.000000000000000
-0.000000000000000
-0.000000000000000
0.000000000000000
-0.000000000000000
0.000000000000000
0.000000000000001
-0.000000000000000
-0.000000000000001
-0.000000000000000
0.000000000000000
0.000000000000001
0.000000000000000
-0.000000000000000
-0.000000000000001
0.000000000000000
0.000000000000000
0.000000000000000
0.000000000000000
0.000000000000000
-0.000000000000000
-0.000000000000001
0.000000000000001
-0.000000000000000
0.000000000000000
-0.000000000000000
0.000000000000000
-0.000000000000000
-0.000000000000000
0.000000000000000
0.000000000000000
-0.000000000000000
-0.000000000000000
0.000000000000000
0.000000000000000
-0.000000000000000
0.000000000000000
-0.000000000000000
0.000000000000000
-0.000000000000000
-0.000000000000000
0.000000000000000
0.000000000000001
0.000000000000000
-0.000000000000000
0.000000000000000
-0.000000000000000
-0.000000000000000
0.000000000000000
0.000000000000000
-0.000000000000000
0.000000000000000
-0.000000000000000
-0.000000000000000
0.000000000000000
-0.000000000000000
-0.000000000000000
-0.000000000000000
0.000000000000000
-0.000000000000000
-0.000000000000000
-0.000000000000000
0.000000000000000
0.000000000000000
-0.000000000000000
-0.000000000000000
-0.000000000000000
0.000000000000000
-0.000000000000000
0.000000000000000
-0.000000000000001
-0.000000000000000
0.000000000000001
0.000000000000000
-0.000000000000000
-0.000000000000000
-0.000000000000000
0.000000000000000
0.000000000000000
-0.000000000000000
-0.000000000000000
-0.000000000000000
-0.000000000000000
0.000000000000001
0.000000000000000
-0.000000000000000
-0.000000000000000
-0.000000000000000
0.000000000000000
-0.000000000000001
0.000000000000000
0.000000000000000
0.000000000000000
-0.000000000000000
-0.000000000000000
0.000000000000000
-0.000000000000000
0.000000000000000
0.000000000000000
-0.000000000000000
0.000000000000000
0.000000000000000
-0.000000000000000
0.000000000000000
0.000000000000000
0.000000000000000
0.000000000000000
-0.000000000000000
-0.000000000000000
-0.000000000000000
0.000000000000000
0.000000000000000
-0.000000000000000
-0.000000000000000
0.000000000000000
-0.000000000000000
0.000000000000000
-0.000000000000000
0.000000000000000
-0.000000000000000
-0.000000000000000
0.000000000000000
0.000000000000000
0.000000000000000
-0.000000000000001
0.000000000000000
-0.000000000000000
0.000000000000000
-0.000000000000000
0.000000000000000
0.000000000000000
0.000000000000000
-0.000000000000001
-0.000000000000000
0.000000000000001
0.000000000000000
-0.000000000000000
-0.000000000000000
-0.000000000000000
-0.000000000000000
0.000000000000000
0.000000000000000
-0.000000000000000
0.000000000000000
-0.000000000000000
-0.000000000000000
-0.000000000000000
0.000000000000000
0.000000000000000
-0.000000000000000
0.000000000000000
0.000000000000000
-0.000000000000001
0.000000000000000
0.000000000000001
-0.000000000000001
0.000000000000000
0.000000000000000
-0.000000000000000
-0.000000000000001
-0.000000000000000
0.000000000000000
0.000000000000000
0.000000000000000
-0.000000000000000
-0.000000000000000
-0.000000000000001
0.000000000000000
-0.000000000000000
0.000000000000000
0.000000000000001
-0.000000000000001
-0.000000000000000
0.000000000000000
-0.000000000000000
0.000000000000001
0.000000000000000
-0.000000000000000
-0.000000000000000
0.000000000000000
-0.000000000000000
-0.000000000000000
0.000000000000000
-0.000000000000000
0.000000000000000
-0.000000000000000
-0.000000000000001
0.000000000000000
-0.000000000000000
-0.000000000000000
0.000000000000000
-0.000000000000000
0.000000000000000
0.000000000000000
-0.000000000000000
-0.000000000000000
-0.000000000000000
0.000000000000000
0.000000000000000
-0.000000000000000
-0.000000000000000
0.000000000000000
-0.000000000000000
0.000000000000001
0.000000000000000
-0.000000000000000
0.000000000000000
0.000000000000000
-0.000000000000000
-0.000000000000001
0.000000000000001
0.000000000000000
-0.000000000000000
0.000000000000000
-0.000000000000001
0.000000000000000
0.000000000000000
0.000000000000000
-0.000000000000000
-0.000000000000000
-0.000000000000000
0.000000000000000
0.000000000000000
0.000000000000000
-0.000000000000000
-0.000000000000000
-0.000000000000000
0.000000000000000
0.000000000000000
-0.000000000000000
0.000000000000000
-0.000000000000000
-0.000000000000000
0.000000000000000
0.000000000000000
-0.000000000000000
0.000000000000000
0.000000000000000
-0.000000000000000
-0.000000000000000
0.000000000000001
0.000000000000000
-0.000000000000000
-0.000000000000000
0.000000000000000
0.000000000000000
-0.000000000000000
-0.000000000000000
-0.000000000000000
0.000000000000000
0.000000000000000
0.000000000000000
-0.000000000000000
0.000000000000000
0.000000000000001
-0.000000000000000
-0.000000000000001
0.000000000000000
-0.000000000000000
0.000000000000000
0.000000000000000
-0.000000000000001
0.000000000000000
0.000000000000001
-0.000000000000001
-0.000000000000000
-0.000000000000001
0.000000000000000
0.000000000000000
-0.000000000000000
-0.000000000000000
-0.000000000000000
0.000000000000000
0.000000000000000
-0.000000000000001
-0.000000000000000
0.000000000000001
-0.000000000000000
-0.000000000000000
0.000000000000000
-0.000000000000000
-0.000000000000000
-0.000000000000000
0.000000000000000
0.000000000000000
-0.000000000000001
-0.000000000000000
0.000000000000001
-0.000000000000000
0.000000000000000
-0.000000000000001
0.000000000000000
-0.000000000000000
0.000000000000000
0.000000000000001
-0.000000000000000
-0.000000000000000
-0.000000000000000
0.000000000000000
0.000000000000000
-0.000000000000001
0.000000000000000
-0.000000000000000
-0.000000000000000
-0.000000000000000
0.000000000000000
0.000000000000001
-0.000000000000001
-0.000000000000000
-0.000000000000000
0.000000000000001
-0.000000000000001
0.000000000000001
-0.000000000000001
0.000000000000001
-0.000000000000001
0.000000000000000
0.000000000000000
0.000000000000001
-0.000000000000001
0.000000000000001
-0.000000000000001
0.000000000000000
0.000000000000000
0.000000000000001
-0.000000000000001
0.000000000000000
