0.000000000000000
0.000000000000000
0.000000000000001
0.000000000000001
0.000000000000001
0.000000000000000
0.000000000000000
0.000000000000000
-0.000000000000001
-0.000000000000001
-0.000000000000002
-0.000000000000002
-0.000000000000002
-0.000000000000002
-0.000000000000002
-0.000000000000002
-0.000000000000002
-0.000000000000001
-0.000000000000001
-0.000000000000001
-0.000000000000002
-0.000000000000002
-0.000000000000003
-0.000000000000003
-0.000000000000003
-0.000000000000002
-0.000000000000002
-0.000000000000001
-0.000000000000001
-0.000000000000000
-0.000000000000000
-0.000000000000000
-0.000000000000001
-0.000000000000001
-0.000000000000001
-0.000000000000002
-0.000000000000001
-0.000000000000001
-0.000000000000001
-0.000000000000001
-0.000000000000001
-0.000000000000001
-0.000000000000001
-0.000000000000000
-0.000000000000000
0.000000000000000
0.000000000000000
0.000000000000001
0.000000000000001
0.000000000000001
0.000000000000001
0.000000000000001
0.000000000000001
0.000000000000001
0.000000000000001
0.000000000000001
0.000000000000002
0.000000000000002
0.000000000000002
0.000000000000002
0.000000000000002
0.000000000000002
0.000000000000001
0.000000000000001
0.000000000000001
0.000000000000001
-0.000000000000000
-0.000000000000000
-0.000000000000001
-0.000000000000001
-0.000000000000001
-0.000000000000001
-0.000000000000001
-0.000000000000001
-0.000000000000001
-0.000000000000001
-0.000000000000002
-0.000000000000002
-0.000000000000002
-0.000000000000003
-0.000000000000003
-0.000000000000003
-0.000000000000003
-0.000000000000003
-0.000000000000003
-0.000000000000003
-0.000000000000003
-0.000000000000003
-0.000000000000003
-0.000000000000003
-0.000000000000002
-0.000000000000002
-0.000000000000002
-0.000000000000001
-0.000000000000001
-0.000000000000001
-0.000000000000000
-0.000000000000000
-0.000000000000000
0.000000000000000
0.000000000000000
0.000000000000001
0.000000000000001
0.000000000000001
0.000000000000002
0.000000000000002
0.000000000000003
0.000000000000003
0.000000000000003
0.000000000000003
0.000000000000003
0.000000000000003
0.000000000000002
0.000000000000002
0.000000000000002
0.000000000000001
0.000000000000001
0.000000000000001
0.000000000000001
0.000000000000001
0.000000000000002
0.000000000000002
0.000000000000002
0.000000000000003
0.000000000000003
0.000000000000003
0.000000000000003
0.000000000000002
0.000000000000002
0.000000000000001
0.000000000000001
0.000000000000001
0.000000000000001
0.000000000000001
0.000000000000002
0.000000000000002
0.000000000000002
0.000000000000001
0.000000000000001
0.000000000000001
-0.000000000000000
-0.000000000000001
-0.000000000000001
-0.000000000000001
-0.000000000000000
0.000000000000000
0.000000000000001
0.000000000000002
0.000000000000002
0.000000000000003
0.000000000000003
0.000000000000003
0.000000000000003
0.000000000000003
0.000000000000002
0.000000000000002
0.000000000000002
0.000000000000002
0.000000000000002
0.000000000000002
0.000000000000002
0.000000000000001
0.000000000000001
-0.000000000000000
-0.000000000000000
-0.000000000000000
-0.000000000000001
-0.000000000000002
-0.000000000000003
-0.000000000000004
-0.000000000000004
-0.000000000000005
-0.000000000000006
-0.000000000000008
-0.000000000000009
-0.000000000000010
-0.000000000000011
-0.000000000000013
-0.000000000000015
-0.000000000000017
-0.000000000000019
-0.000000000000021
-0.000000000000025
-0.000000000000030
-0.000000000000036
-0.000000000000043
-0.000000000000050
-0.000000000000059
-0.000000000000069
-0.000000000000082
-0.000000000000097
-0.000000000000116
-0.000000000000138
-0.000000000000165
-0.000000000000198
-0.000000000000237
-0.000000000000284
-0.000000000000338
-0.000000000000404
-0.000000000000482
-0.000000000000575
-0.000000000000685
-0.000000000000818
-0.000000000000976
-0.000000000001164
-0.000000000001387
-0.000000000001651
-0.000000000001964
-0.000000000002335
-0.000000000002775
-0.000000000003296
-0.000000000003913
-0.000000000004644
-0.000000000005507
-0.000000000006527
-0.000000000007732
-0.000000000009154
-0.000000000010831
-0.000000000012809
-0.000000000015139
-0.000000000017883
-0.000000000021114
-0.000000000024914
-0.000000000029383
-0.000000000034633
-0.000000000040798
-0.000000000048033
-0.000000000056518
-0.000000000066465
-0.000000000078118
-0.000000000091764
-0.000000000107734
-0.000000000126412
-0.000000000148244
-0.000000000173750
-0.000000000203527
-0.000000000238274
-0.000000000278796
-0.000000000326027
-0.000000000381045
-0.000000000445095
-0.000000000519619
-0.000000000606279
-0.000000000706992
-0.000000000823969
-0.000000000959759
-0.000000001117294
-0.000000001299952
-0.000000001511615
-0.000000001756745
-0.000000002040469
-0.000000002368672
-0.000000002748105
-0.000000003186508
-0.000000003692749
-0.000000004276985
-0.000000004950837
-0.000000005727593
-0.000000006622444
-0.000000007652738
-0.000000008838279
-0.000000010201656
-0.000000011768623
-0.000000013568519
-0.000000015634749
-0.000000018005322
-0.000000020723459
-0.000000023838272
-0.000000027405540
-0.000000031488562
-0.000000036159135
-0.000000041498633
-0.000000047599234
-0.000000054565277
-0.000000062514798
-0.000000071581239
-0.000000081915355
-0.000000093687359
-0.000000107089297
-0.000000122337713
-0.000000139676612
-0.000000159380760
-0.000000181759359
-0.000000207160133
-0.000000235973864
-0.000000268639437
-0.000000305649429
-0.000000347556311
-0.000000394979310
-0.000000448612016
-0.000000509230785
-0.000000577704029
-0.000000655002477
-0.000000742210492
-0.000000840538547
-0.000000951336973
-0.000001076111085
-0.000001216537819
-0.000001374484014
-0.000001552026485
-0.000001751474037
-0.000001975391598
-0.000002226626649
-0.000002508338140
-0.000002824028103
-0.000003177576181
-0.000003573277313
-0.000004015882823
-0.000004510645178
-0.000005063366707
-0.000005680452575
-0.000006368968337
-0.000007136702403
-0.000007992233777
-0.000008945005442
-0.000010005403783
-0.000011184844468
-0.000012495865215
-0.000013952225904
-0.000015569016503
-0.000017362773300
-0.000019351603952
-0.000021555321884
-0.000023995590583
-0.000026696078343
-0.000029682624046
-0.000032983414573
-0.000036629174432
-0.000040653368233
-0.000045092416621
-0.000049985926288
-0.000055376934689
-0.000061312170092
-0.000067842327567
-0.000075022361515
-0.000082911795343
-0.000091575048829
-0.000101081783737
-0.000111507268169
-0.000122932760137
-0.000135445910755
-0.000149141187430
-0.000164120317330
-0.000180492751367
-0.000198376148822
-0.000217896882662
-0.000239190565492
-0.000262402595952
-0.000287688725269
-0.000315215643509
-0.000345161584928
-0.000377716951663
-0.000413084954799
-0.000451482271688
-0.000493139718151
-0.000538302933999
-0.000587233080050
-0.000640207544570
-0.000697520656823
-0.000759484405086
-0.000826429156237
-0.000898704373685
-0.000976679330107
-0.001060743811094
-0.001151308805521
-0.001248807178024
-0.001353694318675
-0.001466448764527
-0.001587572787360
-0.001717592941544
-0.001857060565597
-0.002006552230592
-0.002166670128243
-0.002338042391075
-0.002521323336777
-0.002717193628457
-0.002926360342202
-0.003149556933038
-0.003387543090097
-0.003641104471554
-0.003911052309649
-0.004198222875959
-0.004503476796908
-0.004827698209437
-0.005171793746680
-0.005536691343547
-0.005923338852149
-0.006332702457160
-0.006765764881433
-0.007223523372472
-0.007706987460725
-0.008217176481134
-0.008755116849941
-0.009321839089371
-0.009918374593578
-0.010545752130079
-0.011204994071874
-0.011897112356483
-0.012623104169339
-0.013383947350250
-0.014180595523024
-0.015013972949902
-0.015884969114028
-0.016794433034957
-0.017743167324001
-0.018731921988206
-0.019761387993755
-0.020832190601755
-0.021944882491584
-0.023099936689271
-0.024297739320755
-0.025538582212300
-0.026822655362824
-0.028150039315390
-0.029520697457665
-0.030934468283647
-0.032391057651538
-0.033890031075053
-0.035430806087984
-0.037012644724138
-0.038634646157086
-0.040295739546352
-0.041994677138647
-0.043730027674725
-0.045500170154062
-0.047303288011116
-0.049137363758180
-0.051000174150879
-0.052889285933100
-0.054802052218620
-0.056735609566829
-0.058686875809735
-0.060652548686884
-0.062629105343892
-0.064612802748933
-0.066599679079779
-0.068585556131799
-0.070566042794723
-0.072536539642878
-0.074492244680095
-0.076428160276508
-0.078339101329986
-0.080219704680094
-0.082064439797059
-0.083867620762489
-0.085623419552312
-0.087325880625816
-0.088968936817624
-0.090546426522059
-0.092052112151636
-0.093479699843406
-0.094822860378570
-0.096075251272314
-0.097230539982085
-0.098282428173771
-0.099224676976310
-0.100051133146392
-0.100755756056014
-0.101332645406895
-0.101776069567169
-0.102080494417340
-0.102240612584473
-0.102251372935823
-0.102108010195828
-0.101806074543625
-0.101341461042001
-0.100710438743139
-0.099909679311608
-0.098936285000974
-0.097787815817091
-0.096462315698745
-0.094958337544863
-0.093274966917025
-0.091411844246581
-0.089369185377289
-0.087147800277163
-0.084749109757020
-0.082175160038301
-0.079428635018851
-0.076512866092700
-0.073431839388379
-0.070190200299928
-0.066793255195500
-0.063246970200326
-0.059557966963666
-0.055733515333286
-0.051781522875806
-0.047710521196985
-0.043529649032485
-0.039248632096890
-0.034877759696560
-0.030427858130273
-0.025910260920368
-0.021336775936150
-0.016719649490604
-0.012071527510730
-0.007405413901085
-0.002734626239147
0.001927251040185
0.006566415795395
0.011168899471236
0.015720620323617
0.020207438350323
0.024615211686400
0.028929854209100
0.033137394084607
0.037224032977460
0.041176205633716
0.044980639540641
0.048624414359039
0.052095020819473
0.055380418770491
0.058469094065776
0.061350113977776
0.064013180827994
0.066448683528694
0.068647746737287
0.070602277333179
0.072305007937254
0.073749537206497
0.074930366650428
0.075842933731924
0.076483641032677
0.076849881282761
0.076940058074509
0.076753602103044
0.076290982799184
0.075553715244882
0.074544362286872
0.073266531790376
0.071724869001654
0.069925044015486
0.067873734371333
0.065578602829620
0.063048270407251
0.060292284778842
0.057321084177065
0.054145956951797
0.050778996973235
0.047233055088622
0.043521686865534
0.039659096876687
0.035660079801745
0.031539958640499
0.027314520348951
0.022999949225106
0.018612758384598
0.014169719677482
0.009687792406627
0.005184051215012
0.000675613513846
-0.003820433174255
-0.008287103582763
-0.012707586407428
-0.017065314983740
-0.021344036575048
-0.025527879919742
-0.029601420697021
-0.033549744583967
-0.037358507591778
-0.041013993385987
-0.044503167314183
-0.047813726885065
-0.050934148464334
-0.053853729975967
-0.056562629421557
-0.059051899055458
-0.061313515079371
-0.063340402746478
-0.065126456792088
-0.066666557134934
-0.067956579820416
-0.068993403204139
-0.069774909400872
-0.070299981050313
-0.070568493476682
-0.070581302344002
-0.070340226932753
-0.069848029186394
-0.069108388697724
-0.068125873825220
-0.066905909148176
-0.065454739486554
-0.063779390726888
-0.061887627709307
-0.059787909442625
-0.057489341924498
-0.055001628851847
-0.052335020513021
-0.049500261157569
-0.046508535141970
-0.043371412150343
-0.040100791787907
-0.036708847842000
-0.033207972500776
-0.029610720813275
-0.025929755666690
-0.022177793547154
-0.018367551339623
-0.014511694410280
-0.010622786201642
-0.006713239556224
-0.002795269969360
0.001119149044282
0.005018328302700
0.008890902876547
0.012725869444344
0.016512620968095
0.020240978592725
0.023901220690912
0.027484108993063
0.030980911760124
0.034383423974522
0.037683984541812
0.040875490512262
0.043951408347769
0.046905782274901
0.049733239779507
0.052428994312185
0.054988845286808
0.057409175466278
0.059686945840673
0.061819688112910
0.063805494915911
0.065643007893131
0.067331403781000
0.068870378637509
0.070260130365723
0.071501339684512
0.072595149701234
0.073543144242542
0.074347325099894
0.075010088345885
0.075534199876021
0.075922770328329
0.076179229530079
0.076307300617022
0.076310973966032
0.076194481076833
0.075962268532745
0.075618972164089
0.075169391531211
0.074618464836943
0.073971244370924
0.073232872580505
0.072408558855113
0.071503557102925
0.070523144190614
0.069472599308842
0.068357184318082
0.067182125121385
0.065952594102812
0.064673693662603
0.063350440872663
0.061987753268709
0.060590435788518
0.059163168859059
0.057710497629026
0.056236822337352
0.054746389802735
0.053243286014073
0.051731429796930
0.050214567526830
0.048696268856261
0.047179923418752
0.045668738470318
0.044165737425862
0.042673759245888
0.041195458626975
0.039733306947958
0.038289593922684
0.036866429909374
0.035465748826252
0.034089311622933
0.032738710257297
0.031415372128001
0.030120564913532
0.028855401769667
0.027620846838364
0.026417721022529
0.025246707982609
0.024108360312695
0.023003105855647
0.021931254118699
0.020893002753046
0.019888444063024
0.018917571512669
0.017980286199637
0.017076403268693
0.016205658239218
0.015367713223402
0.014562163013971
0.013788541022500
0.013046325051432
0.012334942885047
0.011653777686566
0.011002173190545
0.010379438681533
0.009784853751748
0.009217672832199
0.008677129493247
0.008162440512091
0.007672809706058
0.007207431531857
0.006765494452131
0.006346184071762
0.005948686047334
0.005572188774078
0.005215885855433
0.004878978361006
0.004560676879412
0.004260203372942
0.003976792841479
0.003709694803460
0.003458174601972
0.003221514544289
0.002999014883335
0.002789994649637
0.002593792342403
0.002409766488317
0.002237296076629
0.002075780878971
0.001924641662241
0.001783320302673
0.001651279809066
0.001528004262844
0.001412998682452
0.001305788819220
0.001205920891637
0.001112961264606
0.001026496079961
0.000946130844232
0.000871489979280
0.000802216341126
0.000737970711970
0.000678431270076
0.000623293041853
0.000572267340203
0.000525081192830
0.000481476763979
0.000441210772726
0.000404053910689
0.000369790261766
0.000338216726217
0.000309142451213
0.000282388269679
0.000257786149105
0.000235178651726
0.000214418407322
0.000195367599687
0.000177897467654
0.000161887821376
0.000147226574474
0.000133809292455
0.000121538757744
0.000110324551520
0.000100082652459
0.000090735052387
0.000082209388777
0.000074438593929
0.000067360560621
0.000060917823966
0.000055057259138
0.000049729794596
0.000044890140429
0.000040496531357
0.000036510483948
0.000032896567561
0.000029622188532
0.000026657387087
0.000023974646479
0.000021548713830
0.000019356432161
0.000017376583103
0.000015589739780
0.000013978129355
0.000012525504765
0.000011217025141
0.000010039144478
0.000008979508058
0.000008026856227
0.000007170935064
0.000006402413562
0.000005712806904
0.000005094405467
0.000004540209190
0.000004043866960
0.000003599620686
0.000003202253748
0.000002847043531
0.000002529717742
0.000002246414275
0.000001993644343
0.000001768258662
0.000001567416446
0.000001388557015
0.000001229373824
0.000001087790710
0.000000961940203
0.000000850143736
0.000000750893592
0.000000662836466
0.000000584758497
0.000000515571661
0.000000454301399
0.000000400075393
0.000000352113376
0.000000309717902
0.000000272265979
0.000000239201506
0.000000210028430
0.000000184304558
0.000000161635986
0.000000141672057
0.000000124100825
0.000000108644973
0.000000095058128
0.000000083121564
0.000000072641222
0.000000063445045
0.000000055380591
0.000000048312877
0.000000042122469
0.000000036703756
0.000000031963409
0.000000027819013
0.000000024197837
0.000000021035736
0.000000018276178
0.000000015869368
0.000000013771482
0.000000011943967
0.000000010352937
0.000000008968621
0.000000007764886
0.000000006718804
0.000000005810271
0.000000005021673
0.000000004337589
0.000000003744520
0.000000003230666
0.000000002785711
0.000000002400648
0.000000002067614
0.000000001779749
0.000000001531076
0.000000001316386
0.000000001131146
0.000000000971412
0.000000000833753
0.000000000715188
0.000000000613130
0.000000000525332
0.000000000449847
0.000000000384987
0.000000000329289
0.000000000281486
0.000000000240485
0.000000000205338
0.000000000175226
0.000000000149444
0.000000000127382
0.000000000108515
0.000000000092390
0.000000000078615
0.000000000066856
0.000000000056823
0.000000000048268
0.000000000040977
0.000000000034768
0.000000000029483
0.000000000024987
0.000000000021165
0.000000000017916
0.000000000015158
0.000000000012817
0.000000000010832
0.000000000009149
0.000000000007723
0.000000000006515
0.000000000005493
0.000000000004629
0.000000000003898
0.000000000003281
0.000000000002760
0.000000000002321
0.000000000001950
0.000000000001638
0.000000000001375
0.000000000001153
0.000000000000966
0.000000000000810
0.000000000000678
0.000000000000568
0.000000000000475
0.000000000000397
0.000000000000331
0.000000000000277
0.000000000000231
0.000000000000193
0.000000000000161
0.000000000000134
0.000000000000111
0.000000000000093
0.000000000000077
0.000000000000064
0.000000000000053
0.000000000000044
0.000000000000037
0.000000000000030
0.000000000000025
0.000000000000021
0.000000000000017
0.000000000000014
0.000000000000012
0.000000000000009
0.000000000000008
0.000000000000007
0.000000000000006
0.000000000000005
0.000000000000004
0.000000000000003
0.000000000000003
0.000000000000002
0.000000000000002
0.000000000000001
0.000000000000001
0.000000000000001
0.000000000000001
0.000000000000001
0.000000000000001
0.000000000000001
0.000000000000000
0.000000000000000
0.000000000000000
0.000000000000000
0.000000000000000
0.000000000000000
0.000000000000000
0.000000000000000
-0.000000000000000
-0.000000000000000
0.000000000000000
-0.000000000000000
0.000000000000000
0.000000000000000
-0.000000000000000
0.000000000000000
-0.000000000000000
-0.000000000000000
0.000000000000000
0.000000000000000
0.000000000000000
-0.000000000000000
-0.000000000000000
-0.000000000000000
0.000000000000000
0.000000000000000
-0.000000000000000
-0.000000000000000
0.000000000000000
0.000000000000000
-0.000000000000000
-0.000000000000000
0.000000000000000
0.000000000000000
0.000000000000000
-0.000000000000000
0.000000000000000
0.000000000000000
-0.000000000000000
-0.000000000000000
-0.000000000000000
0.000000000000000
0.000000000000000
-0.000000000000000
-0.000000000000000
-0.000000000000000
-0.000000000000000
0.000000000000000
0.000000000000000
0.000000000000000
0.000000000000000
-0.000000000000000
-0.000000000000000
-0.000000000000000
0.000000000000000
0.000000000000000
0.000000000000000
-0.000000000000000
0.000000000000000
-0.000000000000000
-0.000000000000000
0.000000000000000
0.000000000000000
-0.000000000000000
0.000000000000000
0.000000000000000
0.000000000000000
0.000000000000000
-0.000000000000000
-0.000000000000000
-0.000000000000000
0.000000000000000
0.000000000000000
-0.000000000000000
-0.000000000000000
0.000000000000000
0.000000000000000
-0.000000000000000
-0.000000000000000
0.000000000000000
0.000000000000000
-0.000000000000000
-0.000000000000000
-0.000000000000000
0.000000000000000
0.000000000000000
-0.000000000000000
-0.000000000000000
-0.000000000000000
0.000000000000000
-0.000000000000000
0.000000000000000
-0.000000000000000
0.000000000000000
-0.000000000000000
-0.000000000000000
0.000000000000000
0.000000000000000
0.000000000000000
-0.000000000000000
-0.000000000000000
0.000000000000000
0.000000000000000
0.000000000000000
0.000000000000000
-0.000000000000000
-0.000000000000000
-0.000000000000000
0.000000000000000
0.000000000000000
0.000000000000000
-0.000000000000000
-0.000000000000000
-0.000000000000000
0.000000000000000
0.000000000000000
0.000000000000000
-0.000000000000000
0.000000000000000
-0.000000000000000
-0.000000000000000
0.000000000000000
0.000000000000000
0.000000000000000
-0.000000000000001
-0.000000000000000
0.000000000000000
0.000000000000000
0.000000000000000
0.000000000000000
-0.000000000000000
-0.000000000000000
0.000000000000000
0.000000000000000
0.000000000000000
0.000000000000000
-0.000000000000000
-0.000000000000000
-0.000000000000000
0.000000000000000
0.000000000000000
0.000000000000000
-0.000000000000000
-0.000000000000000
0.000000000000000
0.000000000000000
0.000000000000000
-0.000000000000000
-0.000000000000000
-0.000000000000000
0.000000000000000
0.000000000000000
-0.000000000000000
-0.000000000000000
-0.000000000000000
-0.000000000000000
0.000000000000000
0.000000000000000
0.000000000000000
-0.000000000000000
-0.000000000000000
-0.000000000000000
0.000000000000000
0.000000000000000
0.000000000000000
0.000000000000000
-0.000000000000000
-0.000000000000000
-0.000000000000000
0.000000000000000
0.000000000000000
0.000000000000000
-0.000000000000000
-0.000000000000000
-0.000000000000000
0.000000000000000
0.000000000000000
-0.000000000000000
0.000000000000000
0.000000000000000
0.000000000000000
-0.000000000000000
-0.000000000000000
0.000000000000000
-0.000000000000000
-0.000000000000000
0.000000000000000
0.000000000000000
-0.000000000000000
-0.000000000000000
-0.000000000000000
0.000000000000000
0.000000000000000
0.000000000000000
0.000000000000000
-0.000000000000000
-0.000000000000000
-0.000000000000000
-0.000000000000000
0.000000000000000
0.000000000000000
-0.000000000000000
-0.000000000000000
-0.000000000000000
-0.000000000000000
-0.000000000000000
-0.000000000000000
0.000000000000000
0.000000000000000
0.000000000000000
-0.000000000000001
-0.000000000000000
0.000000000000000
0.000000000000000
0.000000000000000
-0.000000000000000
0.000000000000000
0.000000000000000
-0.000000000000000
-0.000000000000000
0.000000000000000
0.000000000000000
0.000000000000000
-0.000000000000000
-0.000000000000000
0.000000000000000
-0.000000000000000
0.000000000000000
0.000000000000000
0.000000000000000
-0.000000000000000
-0.000000000000000
0.000000000000000
-0.000000000000000
-0.000000000000000
-0.000000000000000
0.000000000000000
0.000000000000000
-0.000000000000000
-0.000000000000000
0.000000000000000
0.000000000000000
0.000000000000000
-0.000000000000000
-0.000000000000000
0.000000000000000
0.000000000000000
-0.000000000000000
-0.000000000000000
-0.000000000000000
0.000000000000000
0.000000000000000
0.000000000000000
-0.000000000000000
-0.000000000000000
0.000000000000000
0.000000000000000
0.000000000000000
0.000000000000000
-0.000000000000000
-0.000000000000000
-0.000000000000000
0.000000000000000
-0.000000000000000
-0.000000000000000
-0.000000000000000
0.000000000000000
-0.000000000000000
0.000000000000000
-0.000000000000000
0.000000000000000
0.000000000000000
0.000000000000000
-0.000000000000000
-0.000000000000000
0.000000000000000
0.000000000000000
-0.000000000000000
-0.000000000000000
-0.000000000000000
0.000000000000000
0.000000000000000
-0.000000000000000
-0.000000000000000
0.000000000000000
0.000000000000000
0.000000000000000
-0.000000000000000
-0.000000000000000
-0.000000000000000
0.000000000000000
-0.000000000000000
0.000000000000000
0.000000000000000
0.000000000000000
0.000000000000000
-0.000000000000000
0.000000000000000
0.000000000000000
0.000000000000000
-0.000000000000000
-0.000000000000000
0.000000000000000
0.000000000000000
-0.000000000000000
-0.000000000000000
0.000000000000000
0.000000000000000
0.000000000000000
-0.000000000000000
-0.000000000000000
-0.000000000000000
0.000000000000000
0.000000000000000
-0.000000000000000
0.000000000000000
-0.000000000000000
-0.000000000000000
-0.000000000000000
-0.000000000000000
0.000000000000000
0.000000000000000
-0.000000000000000
-0.000000000000000
-0.000000000000000
0.000000000000000
0.000000000000000
