0.000000000000000003
0.000000000000000000
0.000000000000000000
0.000000000000000000
-0.000000000000000024
-0.000000000000000029
-0.000000000000000022
-0.000000000000000027
0.000000000000000007
0.000000000000000031
0.000000000000000042
0.000000000000000053
0.000000000000000132
0.000000000000000193
0.000000000000000219
0.000000000000000235
0.000000000000000277
0.000000000000000282
0.000000000000000198
0.000000000000000114
0.000000000000000063
0.000000000000000003
-0.000000000000000012
0.000000000000000056
0.000000000000000120
0.000000000000000219
0.000000000000000207
0.000000000000000226
0.000000000000000191
0.000000000000000218
0.000000000000000298
0.000000000000000246
0.000000000000000362
0.000000000000000307
0.000000000000000254
0.000000000000000169
0.000000000000000018
-0.000000000000000136
-0.000000000000000196
-0.000000000000000289
-0.000000000000000360
-0.000000000000000341
-0.000000000000000125
0.000000000000000017
0.000000000000000421
0.000000000000000847
0.000000000000001254
0.000000000000001848
0.000000000000002918
0.000000000000005018
0.000000000000009524
0.000000000000018739
0.000000000000036622
0.000000000000070919
0.000000000000135737
0.000000000000256814
0.000000000000480400
0.000000000000889747
0.000000000001632893
0.000000000002969870
0.000000000005354965
0.000000000009571902
0.000000000016959905
0.000000000029784423
0.000000000051841804
0.000000000089477618
0.000000000153155827
0.000000000259964618
0.000000000437537255
0.000000000730150464
0.000000001208660837
0.000000001984891452
0.000000003233638631
0.000000005225519612
0.000000008375797032
0.000000013321849309
0.000000021027690248
0.000000032937692685
0.000000051195596053
0.000000078955834180
0.000000120869444295
0.000000183686584950
0.000000277112666375
0.000000414972316701
0.000000616792890230
0.000000910272869872
0.000001334025623184
0.000001941376565111
0.000002805283682782
0.000004024745927453
0.000005735033865288
0.000008117409822879
0.000011412443291370
0.000015936405839879
0.000022101710205401
0.000030451838239341
0.000041687001995945
0.000056700340136696
0.000076619960468229
0.000102859087748827
0.000137215795045325
0.000181916590048150
0.000239688835646869
0.000313838590403516
0.000408339437552915
0.000528077104401576
0.000678857435406362
0.000867495581497243
0.001101897578244797
0.001391150225398987
0.001746059847290416
0.002178904763012926
0.002703427275913743
0.003334785714805228
0.004089512802009567
0.004986642882233306
0.006046674780191807
0.007291219726417164
0.008742578079666193
0.010423362387991981
0.012358823242909335
0.014574106948047357
0.017093270432748334
0.019938265591440317
0.023128137546619451
0.026683698837614723
0.030621946813411873
0.034954373346574821
0.039685456198005162
0.044811740724639192
0.050330566324251418
0.056230686638387067
0.062490260716920862
0.069075452430709561
0.075940180359782533
0.083040577683279840
0.090321450102850448
0.097714686460942460
0.105138818885930088
0.112500285490563817
0.119714073210088714
0.126686419604318062
0.133314186483671826
0.139485820640100205
0.145084289016347540
0.150011984345530064
0.154170798849605717
0.157462259320689607
0.159789394406506552
0.161060412944121600
0.161213608021499449
0.160196586713130834
0.157966278263427351
0.154490506320978827
0.149750861561328580
0.143762610514885286
0.136555477580230539
0.128172696949671594
0.118671281209860452
0.108122985546009256
0.096625806347479359
0.084289014459357853
0.071231252355617045
0.057579470143908691
0.043468074836418409
0.029041606680319153
0.014446236201414423
-0.000172203912277121
-0.014669701275887877
-0.028905638442458696
-0.042746684901522877
-0.056068068445364341
-0.068754529392939981
-0.080701135138184846
-0.091814380395783546
-0.102019326557142881
-0.111254764758980926
-0.119472682433128766
-0.126637929523777865
-0.132728315843061412
-0.137742218331837474
-0.141690181156449102
-0.144593268412824633
-0.146481892442019757
-0.147395170394166747
-0.147387489774752134
-0.146519404719766155
-0.144855717301268949
-0.142464175128701270
-0.139414711340634351
-0.135784557852016124
-0.131650559431130243
-0.127087720121731973
-0.122168347785175754
-0.116961661248688356
-0.111537594985389954
-0.105961453904658942
-0.100293221695230125
-0.094587333142759619
-0.088892768768469341
-0.083255813703262710
-0.077716952886996218
-0.072310824116551237
-0.067066461330589480
-0.062007713823136877
-0.057155170385192550
-0.052524667297864688
-0.048127581085092033
-0.043971262500172408
-0.040059535564430315
-0.036393948980984858
-0.032973203484431654
-0.029793506544058931
-0.026848972736814757
-0.024132027152765488
-0.021634137009951468
-0.019345648110236046
-0.017256048875907648
-0.015354234902235475
-0.013628754201307644
-0.012068173865900761
-0.010661044667371774
-0.009396039083910932
-0.008262077252714096
-0.007248433556877963
-0.006344879172191888
-0.005541662041823377
-0.004829547869066512
-0.004199851118303679
-0.003644454241694534
-0.003155834437325265
-0.002727033861606751
-0.002351648244299770
-0.002023810945115306
-0.001738172444675554
-0.001489880834412179
-0.001274547731670788
-0.001088219180591497
-0.000927346021810009
-0.000788753984511511
-0.000669614454187776
-0.000567414720799405
-0.000479929892548840
-0.000405196103020917
-0.000341485125869260
-0.000287280112900547
-0.000241254074504647
-0.000202249383531215
-0.000169258900536772
-0.000141408700613420
-0.000117941965847562
-0.000098205427117447
-0.000081636614378574
-0.000067752401984063
-0.000056138776544625
-0.000046441506648760
-0.000038358477014535
-0.000031632608551893
-0.000026045619566077
-0.000021412557026950
-0.000017576907527975
-0.000014406632634816
-0.000011790574407451
-0.000009635338641852
-0.000007862605277102
-0.000006406765466677
-0.000005213021204135
-0.000004235692294108
-0.000003436768621280
-0.000002784677592971
-0.000002253217877505
-0.000001820707069184
-0.000001469234483463
-0.000001184030021671
-0.000000952933206507
-0.000000765940149659
-0.000000614843232382
-0.000000492919836733
-0.000000394672314787
-0.000000315611560257
-0.000000252074619019
-0.000000201080287609
-0.000000160206025444
-0.000000127486154690
-0.000000101327949112
-0.000000080441712978
-0.000000063785657946
-0.000000050519488193
-0.000000039966361116
-0.000000031581815307
-0.000000024928139079
-0.000000019654249168
-0.000000015478936093
-0.000000012177247796
-0.000000009569460430
-0.000000007512062704
-0.000000005890710710
-0.000000004614417424
-0.000000003610870157
-0.000000002822664968
-0.000000002204256686
-0.000000001719584477
-0.000000001340130656
-0.000000001043368798
-0.000000000811525053
-0.000000000630583025
-0.000000000489509885
-0.000000000379633148
-0.000000000294139720
-0.000000000227686172
-0.000000000176082236
-0.000000000136048399
-0.000000000105020179
-0.000000000080995082
-0.000000000062410598
-0.000000000048047559
-0.000000000036957632
-0.000000000028402517
-0.000000000021808846
-0.000000000016731470
-0.000000000012825419
-0.000000000009823357
-0.000000000007517422
-0.000000000005747911
-0.000000000004391672
-0.000000000003352606
-0.000000000002557401
-0.000000000001949019
-0.000000000001484180
-0.000000000001129626
-0.000000000000859314
-0.000000000000652813
-0.000000000000495450
-0.000000000000375962
-0.000000000000285028
-0.000000000000215640
-0.000000000000163699
-0.000000000000123810
-0.000000000000093643
-0.000000000000070446
-0.000000000000053098
-0.000000000000040241
-0.000000000000030427
-0.000000000000022969
-0.000000000000017045
-0.000000000000012791
-0.000000000000009693
-0.000000000000007635
-0.000000000000005491
-0.000000000000003993
-0.000000000000002795
-0.000000000000002297
-0.000000000000001944
-0.000000000000001613
-0.000000000000000897
-0.000000000000000519
-0.000000000000000372
-0.000000000000000458
-0.000000000000000393
-0.000000000000000487
-0.000000000000000230
0.000000000000000128
0.000000000000000105
-0.000000000000000081
-0.000000000000000156
-0.000000000000000295
0.000000000000000134
0.000000000000000199
0.000000000000000032
-0.000000000000000009
-0.000000000000000229
-0.000000000000000083
-0.000000000000000009
0.000000000000000355
-0.000000000000000253
-0.000000000000000211
0.000000000000000119
0.000000000000000143
-0.000000000000000076
-0.000000000000000158
0.000000000000000220
0.000000000000000048
-0.000000000000000047
-0.000000000000000175
-0.000000000000000167
0.000000000000000403
0.000000000000000208
-0.000000000000000286
-0.000000000000000062
-0.000000000000000225
-0.000000000000000005
0.000000000000000392
0.000000000000000060
-0.000000000000000164
-0.000000000000000192
-0.000000000000000147
0.000000000000000346
0.000000000000000152
-0.000000000000000218
-0.000000000000000040
0.000000000000000111
0.000000000000000122
-0.000000000000000229
0.000000000000000111
-0.000000000000000106
-0.000000000000000052
0.000000000000000088
0.000000000000000447
-0.000000000000000395
-0.000000000000000214
-0.000000000000000165
0.000000000000000204
0.000000000000000260
0.000000000000000073
-0.000000000000000075
-0.000000000000000385
-0.000000000000000158
0.000000000000000245
0.000000000000000421
0.000000000000000035
-0.000000000000000155
-0.000000000000000306
0.000000000000000067
0.000000000000000018
0.000000000000000361
0.000000000000000150
-0.000000000000000309
-0.000000000000000429
-0.000000000000000010
0.000000000000000368
0.000000000000000484
-0.000000000000000084
-0.000000000000000462
-0.000000000000000149
0.000000000000000071
0.000000000000000441
0.000000000000000132
-0.000000000000000161
-0.000000000000000387
-0.000000000000000165
0.000000000000000147
0.000000000000000253
0.000000000000000099
-0.000000000000000088
-0.000000000000000348
-0.000000000000000052
-0.000000000000000013
0.000000000000000111
0.000000000000000260
0.000000000000000051
-0.000000000000000302
-0.000000000000000313
-0.000000000000000010
0.000000000000000192
0.000000000000000127
0.000000000000000032
-0.000000000000000031
-0.000000000000000237
-0.000000000000000027
0.000000000000000009
0.000000000000000119
0.000000000000000019
-0.000000000000000011
-0.000000000000000077
0.000000000000000049
-0.000000000000000100
0.000000000000000172
0.000000000000000072
-0.000000000000000181
-0.000000000000000043
0.000000000000000219
-0.000000000000000006
0.000000000000000039
-0.000000000000000137
0.000000000000000006
-0.000000000000000132
0.000000000000000103
-0.000000000000000039
0.000000000000000257
0.000000000000000036
-0.000000000000000206
-0.000000000000000170
-0.000000000000000057
0.000000000000000137
0.000000000000000325
0.000000000000000152
-0.000000000000000223
-0.000000000000000295
-0.000000000000000126
0.000000000000000226
0.000000000000000472
-0.000000000000000137
-0.000000000000000266
-0.000000000000000141
0.000000000000000050
0.000000000000000085
0.000000000000000044
-0.000000000000000160
0.000000000000000135
-0.000000000000000102
0.000000000000000043
-0.000000000000000062
-0.000000000000000232
-0.000000000000000023
0.000000000000000095
0.000000000000000133
0.000000000000000022
-0.000000000000000230
-0.000000000000000043
0.000000000000000157
-0.000000000000000113
0.000000000000000076
0.000000000000000098
0.000000000000000023
-0.000000000000000099
-0.000000000000000001
-0.000000000000000143
