-0.000000000000000154
-0.000000000000000076
0.000000000000000168
0.000000000000000282
0.000000000000000053
0.000000000000000112
0.000000000000000299
0.000000000000000082
-0.000000000000000179
0.000000000000000069
0.000000000000000341
0.000000000000000040
-0.000000000000000225
-0.000000000000000055
0.000000000000000037
-0.000000000000000025
0.000000000000000154
0.000000000000000082
-0.000000000000000109
-0.000000000000000013
-0.000000000000000009
-0.000000000000000437
-0.000000000000000408
-0.000000000000000077
-0.000000000000000186
-0.000000000000000319
-0.000000000000000262
-0.000000000000000371
-0.000000000000000755
-0.000000000000000628
-0.000000000000000212
-0.000000000000000079
0.000000000000000068
0.000000000000000000
0.000000000000000066
0.000000000000000387
0.000000000000000480
0.000000000000000083
-0.000000000000000058
-0.000000000000000125
-0.000000000000000406
-0.000000000000000438
-0.000000000000000470
-0.000000000000000490
-0.000000000000000190
-0.000000000000000178
-0.000000000000000210
-0.000000000000000349
-0.000000000000000548
-0.000000000000001017
-0.000000000000001958
-0.000000000000003829
-0.000000000000006802
-0.000000000000012484
-0.000000000000024284
-0.000000000000046149
-0.000000000000086274
-0.000000000000160252
-0.000000000000295357
-0.000000000000539990
-0.000000000000978846
-0.000000000001759058
-0.000000000003134309
-0.000000000005535473
-0.000000000009689945
-0.000000000016820833
-0.000000000028959854
-0.000000000049446872
-0.000000000083720985
-0.000000000140562813
-0.000000000234122804
-0.000000000386900871
-0.000000000634339973
-0.000000001031748175
-0.000000001664683028
-0.000000002665500845
-0.000000004236066940
-0.000000006681445607
-0.000000010458433988
-0.000000016245308972
-0.000000025050921311
-0.000000038353256412
-0.000000058298066366
-0.000000087972527906
-0.000000131782298121
-0.000000196037815889
-0.000000289630577152
-0.000000424976365214
-0.000000619257700831
-0.000000896066720714
-0.000001287995321478
-0.000001839256637355
-0.000002609286612921
-0.000003677273956890
-0.000005147913508886
-0.000007160906085600
-0.000009898854480735
-0.000013598231161921
-0.000018562508448575
-0.000025178193975936
-0.000033944155685035
-0.000045488952900619
-0.000060596893089296
-0.000080237503538995
-0.000105600227260992
-0.000138172215002667
-0.000179759494750812
-0.000232532466462215
-0.000299073538378292
-0.000382431686404966
-0.000486305491777842
-0.000615020072009795
-0.000773573675334020
-0.000967678525424073
-0.001203809322470368
-0.001489601377326522
-0.001833630740170990
-0.002245393082203344
-0.002735262164507112
-0.003314463294792118
-0.003995904608908234
-0.004793430690553774
-0.005721605663219905
-0.006795468743725824
-0.008030343283735884
-0.009443523194136050
-0.011052461466722511
-0.012874217501137760
-0.014924912056342290
-0.017219345797172658
-0.019774261325808448
-0.022604780474779068
-0.025723465414439727
-0.029139507250714267
-0.032858293169015236
-0.036887236404707327
-0.041229782083120933
-0.045884200313196039
-0.050842729801258264
-0.056091410002714344
-0.061619469652975219
-0.067410408317055928
-0.073440766230351215
-0.079679539568152533
-0.086088620553059617
-0.092636239911898829
-0.099284961338207064
-0.105990631701880111
-0.112702271045343846
-0.119363251267807363
-0.125928339381128157
-0.132348863466361794
-0.138571846928947112
-0.144540303549070548
-0.150194940596988791
-0.155493328764786082
-0.160392972681855844
-0.164850438522724296
-0.168821754283535214
-0.172264184847803425
-0.175155467787601216
-0.177475976742631020
-0.179207636057012482
-0.180334115594141919
-0.180842258922188026
-0.180739449350670961
-0.180036342132110283
-0.178745538201817877
-0.176881462948065921
-0.174461284982959541
-0.171519180955486961
-0.168091069192919579
-0.164213235117013440
-0.159922022114800000
-0.155254354244199283
-0.150258546163826195
-0.144982051059678901
-0.139470321204173159
-0.133766544616402916
-0.127912007179744519
-0.121953767314008088
-0.115935776175820723
-0.109898169780353244
-0.103877219490158892
-0.097905713930161162
-0.092018135697366152
-0.086244875241735131
-0.080611972163999471
-0.075141299604908021
-0.069851012021762374
-0.064758889161025179
-0.059878958701391732
-0.055221557410884609
-0.050793653250496021
-0.046599302303629270
-0.042641712797268139
-0.038921481983426535
-0.035436799217380618
-0.032183779125711194
-0.029156846125779529
-0.026349934866495214
-0.023755662236713337
-0.021365531992274620
-0.019170190820620079
-0.017159692203082132
-0.015324137422225612
-0.013653315242922067
-0.012136839371729489
-0.010764299183065661
-0.009525402385419509
-0.008410275713057249
-0.007409306324249068
-0.006513203584397710
-0.005713060631622277
-0.005000406645220447
-0.004367319224952687
-0.003806342540762444
-0.003310495509154238
-0.002873277777998312
-0.002488670208591857
-0.002151156632921875
-0.001855671289091925
-0.001597580702733476
-0.001372664889927526
-0.001177096855218212
-0.001007429749567549
-0.000860559441213251
-0.000733699908681850
-0.000624359432836008
-0.000530317289919846
-0.000449603771524260
-0.000380474102741592
-0.000321387348928031
-0.000270986709467921
-0.000228081072264613
-0.000191628449314719
-0.000160719113599944
-0.000134560930546639
-0.000112465994875651
-0.000093838476374782
-0.000078163670356154
-0.000064997995665336
-0.000053960096317540
-0.000044722897442032
-0.000037006534499263
-0.000030572039129489
-0.000025215879432292
-0.000020765093213851
-0.000017073016962077
-0.000014015550834237
-0.000011487864454665
-0.000009401635365816
-0.000007682603943782
-0.000006268459432068
-0.000005107018937914
-0.000004154642379590
-0.000003374929072534
-0.000002737575527937
-0.000002217400985179
-0.000001793519019088
-0.000001448625736834
-0.000001168422086175
-0.000000941113449465
-0.000000756987809017
-0.000000608061377466
-0.000000487777807109
-0.000000390766441253
-0.000000312635359809
-0.000000249798815288
-0.000000199333825789
-0.000000158859829845
-0.000000126442718748
-0.000000100513621683
-0.000000079801861731
-0.000000063279782147
-0.000000050116943054
-0.000000039643837736
-0.000000031321515830
-0.000000024716744447
-0.000000019481749574
-0.000000015337562517
-0.000000012060908087
-0.000000009473340606
-0.000000007432433073
-0.000000005824656061
-0.000000004559573893
-0.000000003565300628
-0.000000002784774319
-0.000000002172755492
-0.000000001693422648
-0.000000001318427623
-0.000000001025384951
-0.000000000796638198
-0.000000000618277380
-0.000000000479358352
-0.000000000371274231
-0.000000000287269741
-0.000000000222049057
-0.000000000171465479
-0.000000000132275057
-0.000000000101943015
-0.000000000078490436
-0.000000000060375826
-0.000000000046397404
-0.000000000035622189
-0.000000000027323618
-0.000000000020939009
-0.000000000016031965
-0.000000000012263298
-0.000000000009372476
-0.000000000007156816
-0.000000000005460048
-0.000000000004161698
-0.000000000003169390
-0.000000000002411788
-0.000000000001833748
-0.000000000001392804
-0.000000000001057402
-0.000000000000801933
-0.000000000000607586
-0.000000000000459974
-0.000000000000347813
-0.000000000000263115
-0.000000000000199077
-0.000000000000149991
-0.000000000000112847
-0.000000000000085110
-0.000000000000064195
-0.000000000000048455
-0.000000000000036439
-0.000000000000027250
-0.000000000000020264
-0.000000000000015393
-0.000000000000011534
-0.000000000000008676
-0.000000000000006550
-0.000000000000005230
-0.000000000000003361
-0.000000000000002329
-0.000000000000001921
-0.000000000000001777
-0.000000000000001886
-0.000000000000000465
0.000000000000000180
-0.000000000000001014
-0.000000000000000249
-0.000000000000000303
-0.000000000000000333
-0.000000000000000112
-0.000000000000000020
-0.000000000000000152
-0.000000000000000066
0.000000000000000093
0.000000000000000027
-0.000000000000000478
0.000000000000000129
0.000000000000000042
0.000000000000000220
0.000000000000000084
-0.000000000000000345
-0.000000000000000011
0.000000000000000391
-0.000000000000000057
0.000000000000000017
-0.000000000000000521
0.000000000000000471
0.000000000000000236
-0.000000000000000302
-0.000000000000000338
0.000000000000000104
0.000000000000000163
0.000000000000000365
-0.000000000000000223
-0.000000000000000208
-0.000000000000000285
0.000000000000000299
0.000000000000000609
-0.000000000000000586
-0.000000000000000260
-0.000000000000000020
0.000000000000000311
0.000000000000000123
0.000000000000000067
-0.000000000000000107
-0.000000000000000203
-0.000000000000000040
0.000000000000000428
0.000000000000000023
-0.000000000000000301
0.000000000000000034
0.000000000000000028
0.000000000000000195
-0.000000000000000117
0.000000000000000006
0.000000000000000115
-0.000000000000000062
0.000000000000000094
-0.000000000000000549
0.000000000000000134
0.000000000000000538
-0.000000000000000241
-0.000000000000000285
0.000000000000000155
0.000000000000000005
0.000000000000000016
-0.000000000000000163
0.000000000000000374
0.000000000000000016
-0.000000000000000285
-0.000000000000000194
-0.000000000000000038
0.000000000000000026
0.000000000000000527
-0.000000000000000413
0.000000000000000081
-0.000000000000000534
0.000000000000000215
0.000000000000000121
0.000000000000000175
0.000000000000000024
-0.000000000000000108
0.000000000000000148
-0.000000000000000873
0.000000000000000249
0.000000000000000383
0.000000000000000269
-0.000000000000000149
0.000000000000000046
-0.000000000000000687
0.000000000000000496
-0.000000000000000063
0.000000000000000138
-0.000000000000000062
0.000000000000000224
-0.000000000000000507
0.000000000000000094
0.000000000000000116
0.000000000000000557
-0.000000000000000501
-0.000000000000000151
0.000000000000000045
0.000000000000000088
-0.000000000000000101
0.000000000000000396
-0.000000000000000124
-0.000000000000000710
0.000000000000000018
0.000000000000000459
0.000000000000000201
0.000000000000000118
-0.000000000000000520
-0.000000000000000216
0.000000000000000126
0.000000000000000203
0.000000000000000157
-0.000000000000000190
0.000000000000000167
-0.000000000000000159
-0.000000000000000253
0.000000000000000500
0.000000000000000189
0.000000000000000027
-0.000000000000000565
0.000000000000000284
0.000000000000000203
-0.000000000000000130
0.000000000000000180
-0.000000000000000265
0.000000000000000462
-0.000000000000000355
-0.000000000000000333
0.000000000000000585
-0.000000000000000580
0.000000000000000213
-0.000000000000000039
0.000000000000000172
-0.000000000000000314
0.000000000000000348
0.000000000000000149
-0.000000000000000260
-0.000000000000000487
0.000000000000000359
0.000000000000000074
0.000000000000000348
-0.000000000000000298
0.000000000000000081
-0.000000000000000563
0.000000000000000729
0.000000000000000130
-0.000000000000000003
-0.000000000000000105
-0.000000000000000231
-0.000000000000000025
0.000000000000000570
-0.000000000000000020
-0.000000000000000472
-0.000000000000000438
0.000000000000000349
0.000000000000000461
-0.000000000000000069
-0.000000000000000093
-0.000000000000000438
0.000000000000000637
-0.000000000000000505
-0.000000000000000011
0.000000000000000172
0.000000000000000375
-0.000000000000000498
0.000000000000000112
-0.000000000000000076
0.000000000000000176
0.000000000000000159
-0.000000000000000288
0.000000000000000292
0.000000000000000238
-0.000000000000000650
0.000000000000000786
