0.000000000000000001
-0.000000000000000106
0.000000000000000034
0.000000000000000168
0.000000000000000137
0.000000000000000144
0.000000000000000106
0.000000000000000077
-0.000000000000000130
0.000000000000000055
0.000000000000000134
-0.000000000000000013
-0.000000000000000110
0.000000000000000024
0.000000000000000001
0.000000000000000066
-0.000000000000000201
-0.000000000000000214
0.000000000000000051
-0.000000000000000108
-0.000000000000000132
0.000000000000000090
-0.000000000000000103
-0.000000000000000017
0.000000000000000118
-0.000000000000000062
-0.000000000000000232
-0.000000000000000293
-0.000000000000000219
-0.000000000000000014
-0.000000000000000136
0.000000000000000347
0.000000000000000502
0.000000000000000557
0.000000000000000869
0.000000000000000657
0.000000000000000737
0.000000000000000512
0.000000000000000696
0.000000000000000325
0.000000000000000223
-0.000000000000000200
-0.000000000000000135
-0.000000000000000564
-0.000000000000000758
-0.000000000000000353
-0.000000000000000150
-0.000000000000000009
-0.000000000000000707
-0.000000000000000427
-0.000000000000001238
-0.000000000000003018
-0.000000000000006369
-0.000000000000012571
-0.000000000000023807
-0.000000000000045461
-0.000000000000086577
-0.000000000000162086
-0.000000000000300184
-0.000000000000549020
-0.000000000000994783
-0.000000000001787094
-0.000000000003182721
-0.000000000005618999
-0.000000000009832783
-0.000000000017065940
-0.000000000029375973
-0.000000000050148792
-0.000000000084896601
-0.000000000142511645
-0.000000000237327442
-0.000000000392129750
-0.000000000642803141
-0.000000001045335592
-0.000000001686319965
-0.000000002699692069
-0.000000004289687589
-0.000000006764897061
-0.000000010587311078
-0.000000016442792361
-0.000000025351301192
-0.000000038806826477
-0.000000058977959430
-0.000000088984162330
-0.000000133276353450
-0.000000198228725025
-0.000000292820977773
-0.000000429589773453
-0.000000625881729952
-0.000000905509903369
-0.000001301365937856
-0.000001858061488646
-0.000002635557181388
-0.000003713725881596
-0.000005198147192714
-0.000007229679616828
-0.000009992405174475
-0.000013724667055661
-0.000018732279751093
-0.000025404658875001
-0.000034244345596238
-0.000045884407026282
-0.000061114620777627
-0.000080911080293827
-0.000106471041542337
-0.000139291191180544
-0.000181188774405958
-0.000234347215989158
-0.000301363859839677
-0.000385304641894421
-0.000489888161942385
-0.000619462002866620
-0.000779049212691816
-0.000974388955836025
-0.001211984835034214
-0.001499505187551207
-0.001845561015540891
-0.002259684076458516
-0.002752284444607685
-0.003334623176901290
-0.004019648061677671
-0.004821241848520097
-0.005754003452170796
-0.006833001625768105
-0.008073582588221707
-0.009493065337244380
-0.011108919776742839
-0.012938211124458192
-0.014997052388388700
-0.017300221604438330
-0.019864440048821885
-0.022704792812251108
-0.025833786794361650
-0.029260537396343527
-0.032990335860570083
-0.037030505069511416
-0.041384382110569218
-0.046050109274565695
-0.051019777640756617
-0.056279262093220532
-0.061817645053698606
-0.067618269218696528
-0.073657506908295103
-0.079904177490949621
-0.086319992766972886
-0.092873039617668782
-0.099525742267708203
-0.106233812871597694
-0.112946144595615791
-0.119605996028833581
-0.126168071969462975
-0.132583657004684302
-0.138799749442191533
-0.144759358347800848
-0.150403210359038170
-0.155688946811932100
-0.160574165836323335
-0.165015547925083356
-0.168969255880140029
-0.172392710312159025
-0.175263838217361329
-0.177563216194344342
-0.179272981859671998
-0.180377026546964303
-0.180862421457493205
-0.180736783032418441
-0.180010996219907404
-0.178697885519522204
-0.176812091597383148
-0.174370987568223446
-0.171408934327031776
-0.167962016684347210
-0.164066668146051531
-0.159759361125580313
-0.155077128383222074
-0.150068360043206839
-0.144780562618866376
-0.139259221265997185
-0.133547537587306975
-0.127686792080756839
-0.121724006353051126
-0.115703078422587424
-0.109664077873265015
-0.103643198447959758
-0.097673141148125447
-0.091788280693572560
-0.086018894081977576
-0.080390904840704491
-0.074926069316456900
-0.069642425476842448
-0.064557629079253928
-0.059685587778486870
-0.055036524191644030
-0.050617298977618685
-0.046431868052763989
-0.042483340878777649
-0.038772224792156626
-0.035296628749459262
-0.032052596497844837
-0.029034490658285873
-0.026236189077771341
-0.023650260885234052
-0.021268170910520613
-0.019080535161565809
-0.017077383888204793
-0.015248799819821844
-0.013584559661419133
-0.012074270989865120
-0.010707522254092898
-0.009474024657201688
-0.008363911124426752
-0.007367578351571772
-0.006475748053471307
-0.005679527955714083
-0.004970463504741449
-0.004340649299196821
-0.003782647422550762
-0.003289495277437515
-0.002854711238968785
-0.002472294839396503
-0.002136748091281563
-0.001843022981167655
-0.001586503203494715
-0.001362985234916752
-0.001168657730388394
-0.001000088540332818
-0.000854187332563121
-0.000728180965201822
-0.000619589670575707
-0.000526203753602907
-0.000446063608283240
-0.000377433695594656
-0.000318781487733424
-0.000268757803125327
-0.000226178405785228
-0.000190007483158440
-0.000159340839664666
-0.000133391277625705
-0.000111475282525803
-0.000093000915901578
-0.000077456910665058
-0.000064402713054744
-0.000053459625049663
-0.000044302898414082
-0.000036654699332684
-0.000030277827362731
-0.000024970284958410
-0.000020560437969495
-0.000016902769337761
-0.000013874166415059
-0.000011370647202557
-0.000009304616057318
-0.000007602434511822
-0.000006202321416572
-0.000005052544412659
-0.000004109846077210
-0.000003338149743570
-0.000002707425680846
-0.000002192723922384
-0.000001773352223665
-0.000001432169851571
-0.000001155014442387
-0.000000930205657905
-0.000000748126838059
-0.000000600873613801
-0.000000481955708972
-0.000000386057275753
-0.000000308831775173
-0.000000246730970575
-0.000000196862826687
-0.000000156872290959
-0.000000124846225422
-0.000000099232965166
-0.000000078775928342
-0.000000062458989069
-0.000000049461129038
-0.000000039120521055
-0.000000030904464104
-0.000000024384801619
-0.000000019217878122
-0.000000015128063102
-0.000000011894783087
-0.000000009341770235
-0.000000007328357381
-0.000000005742427060
-0.000000004494681884
-0.000000003514151246
-0.000000002744504179
-0.000000002141087387
-0.000000001668546919
-0.000000001298909961
-0.000000001010088188
-0.000000000784662782
-0.000000000608912242
-0.000000000472042860
-0.000000000365567068
-0.000000000282820451
-0.000000000218584040
-0.000000000168770089
-0.000000000130181204
-0.000000000100318144
-0.000000000077230430
-0.000000000059399313
-0.000000000045641671
-0.000000000035037594
-0.000000000026872736
-0.000000000020591416
-0.000000000015763362
-0.000000000012056950
-0.000000000009213524
-0.000000000007034589
-0.000000000005366225
-0.000000000004089688
-0.000000000003113985
-0.000000000002369581
-0.000000000001801904
-0.000000000001368263
-0.000000000001038562
-0.000000000000787123
-0.000000000000596578
-0.000000000000451302
-0.000000000000341866
-0.000000000000258724
-0.000000000000195032
-0.000000000000147028
-0.000000000000110573
-0.000000000000083575
-0.000000000000063099
-0.000000000000047792
-0.000000000000035584
-0.000000000000026894
-0.000000000000019809
-0.000000000000015343
-0.000000000000010699
-0.000000000000008609
-0.000000000000006823
-0.000000000000004705
-0.000000000000003392
-0.000000000000002479
-0.000000000000001736
-0.000000000000001556
-0.000000000000001512
-0.000000000000000684
-0.000000000000000855
-0.000000000000000345
-0.000000000000000033
-0.000000000000000410
0.000000000000000013
-0.000000000000000255
-0.000000000000000184
-0.000000000000000169
0.000000000000000227
0.000000000000000099
-0.000000000000000182
-0.000000000000000036
-0.000000000000000115
0.000000000000000009
0.000000000000000023
0.000000000000000264
-0.000000000000000264
0.000000000000000026
-0.000000000000000141
0.000000000000000312
-0.000000000000000372
0.000000000000000233
0.000000000000000250
0.000000000000000002
-0.000000000000000353
0.000000000000000040
-0.000000000000000088
-0.000000000000000001
0.000000000000000536
-0.000000000000000164
-0.000000000000000069
-0.000000000000000503
0.000000000000000157
0.000000000000000300
0.000000000000000119
0.000000000000000130
-0.000000000000000336
-0.000000000000000363
0.000000000000000401
-0.000000000000000064
0.000000000000000345
-0.000000000000000134
0.000000000000000352
-0.000000000000000472
0.000000000000000258
-0.000000000000000139
0.000000000000000041
0.000000000000000041
-0.000000000000000077
0.000000000000000040
-0.000000000000000168
-0.000000000000000290
0.000000000000000320
0.000000000000000042
0.000000000000000213
-0.000000000000000217
0.000000000000000232
-0.000000000000000540
-0.000000000000000152
0.000000000000000378
0.000000000000000252
-0.000000000000000085
-0.000000000000000555
0.000000000000000168
0.000000000000000264
-0.000000000000000165
0.000000000000000417
-0.000000000000000196
-0.000000000000000562
0.000000000000000420
-0.000000000000000022
0.000000000000000210
-0.000000000000000633
0.000000000000000661
0.000000000000000114
-0.000000000000000666
0.000000000000000214
0.000000000000000000
0.000000000000000181
-0.000000000000000176
0.000000000000000351
-0.000000000000000484
0.000000000000000310
0.000000000000000313
-0.000000000000000470
0.000000000000000204
-0.000000000000000257
0.000000000000000131
0.000000000000000343
-0.000000000000000233
0.000000000000000079
-0.000000000000000339
-0.000000000000000178
0.000000000000000355
0.000000000000000510
-0.000000000000000462
-0.000000000000000065
-0.000000000000000412
0.000000000000000494
0.000000000000000213
-0.000000000000000055
-0.000000000000000457
0.000000000000000377
0.000000000000000035
-0.000000000000000059
0.000000000000000091
-0.000000000000000448
0.000000000000000475
0.000000000000000073
-0.000000000000000301
0.000000000000000152
-0.000000000000000196
0.000000000000000420
0.000000000000000039
-0.000000000000000852
-0.000000000000000099
0.000000000000000831
0.000000000000000247
-0.000000000000000571
-0.000000000000000247
0.000000000000000126
-0.000000000000000263
0.000000000000000362
-0.000000000000000342
0.000000000000000751
-0.000000000000000656
0.000000000000000238
0.000000000000000043
-0.000000000000000562
0.000000000000000863
0.000000000000000448
-0.000000000000000665
0.000000000000000179
-0.000000000000000110
0.000000000000000461
-0.000000000000000533
0.000000000000000186
-0.000000000000000051
0.000000000000000072
-0.000000000000000150
-0.000000000000000110
0.000000000000000231
0.000000000000000233
-0.000000000000000057
-0.000000000000000414
0.000000000000000058
0.000000000000000427
-0.000000000000000533
0.000000000000000779
-0.000000000000000689
-0.000000000000000521
0.000000000000000969
0.000000000000000031
-0.000000000000000635
0.000000000000000711
-0.000000000000000202
-0.000000000000000291
0.000000000000000119
0.000000000000000287
-0.000000000000000112
-0.000000000000000064
-0.000000000000000016
0.000000000000000135
0.000000000000000098
0.000000000000000005
-0.000000000000000376
-0.000000000000000041
0.000000000000000148
-0.000000000000000014
0.000000000000000197
-0.000000000000000707
0.000000000000000045
0.000000000000000683
-0.000000000000000369
