-0.000000000000000050
-0.000000000000000071
-0.000000000000000102
-0.000000000000000127
-0.000000000000000093
-0.000000000000000048
-0.000000000000000003
0.000000000000000065
0.000000000000000116
0.000000000000000191
0.000000000000000258
0.000000000000000224
0.000000000000000311
0.000000000000000278
0.000000000000000280
0.000000000000000190
0.000000000000000181
0.000000000000000144
0.000000000000000037
0.000000000000000172
0.000000000000000241
0.000000000000000320
0.000000000000000376
0.000000000000000426
0.000000000000000364
0.000000000000000304
0.000000000000000189
0.000000000000000169
0.000000000000000226
0.000000000000000359
0.000000000000000378
0.000000000000000290
0.000000000000000260
0.000000000000000358
0.000000000000000436
0.000000000000000524
0.000000000000000693
0.000000000000000582
0.000000000000000404
0.000000000000000216
-0.000000000000000008
-0.000000000000000215
-0.000000000000000329
-0.000000000000000281
-0.000000000000000085
0.000000000000000044
-0.000000000000000046
-0.000000000000001002
-0.000000000000002635
-0.000000000000005328
-0.000000000000010153
-0.000000000000019432
-0.000000000000037784
-0.000000000000073179
-0.000000000000139567
-0.000000000000263229
-0.000000000000492227
-0.000000000000912471
-0.000000000001675699
-0.000000000003047927
-0.000000000005493935
-0.000000000009816398
-0.000000000017387398
-0.000000000030526261
-0.000000000053117746
-0.000000000091652896
-0.000000000156831901
-0.000000000266124291
-0.000000000447770597
-0.000000000747006123
-0.000000001236198842
-0.000000002029520244
-0.000000003305380483
-0.000000005339904004
-0.000000008556669543
-0.000000013605622250
-0.000000021469471308
-0.000000033620132619
-0.000000052241528911
-0.000000080546197826
-0.000000123269436469
-0.000000187281522232
-0.000000282457428481
-0.000000422858804689
-0.000000628341417472
-0.000000927061293463
-0.000001358257164472
-0.000001976100628941
-0.000002854683256554
-0.000004094509302717
-0.000005832866078171
-0.000008253658715195
-0.000011600883606262
-0.000016195209895146
-0.000022454643213337
-0.000030929875883469
-0.000042330171502619
-0.000057559901958568
-0.000077760959627036
-0.000104363325539572
-0.000139185865270419
-0.000184480030235012
-0.000243002714274772
-0.000318094486539690
-0.000413768831217734
-0.000534959108720075
-0.000687525460015523
-0.000878343893313552
-0.001115387513308337
-0.001407816003724096
-0.001766519230559609
-0.002203864685231397
-0.002733687388433940
-0.003371239377156045
-0.004133145603236359
-0.005038541240958646
-0.006108020842472239
-0.007363280597871144
-0.008826689146222215
-0.010520905692245631
-0.012471226838474365
-0.014702816684294929
-0.017239712699290914
-0.020103802107976125
-0.023314015303411952
-0.026891040590075029
-0.030851697513718399
-0.035207237890951489
-0.039961832162245574
-0.045111652215934377
-0.050653665352989853
-0.056576196264762971
-0.062856915652247006
-0.069461443548095747
-0.076343111459206470
-0.083457513905164482
-0.090748900731491652
-0.098148593900241998
-0.105574561379780010
-0.112932701314395992
-0.120137580487616802
-0.127095071861990760
-0.133701738123262998
-0.139845808287275775
-0.145410132585896246
-0.150297154653486198
-0.154408931846767766
-0.157647274114596475
-0.159915617576715852
-0.161122707830213735
-0.161207513188005219
-0.160118423103693674
-0.157813248232485159
-0.154260783842871674
-0.149443668726920942
-0.143378241235568082
-0.136095323751780073
-0.127639259493470991
-0.118068163635541318
-0.107454864457724453
-0.095898310330641848
-0.083508645258406275
-0.070405296186659361
-0.056715896257204294
-0.042575416907156924
-0.028128749871189771
-0.013522279430960021
0.001098081218659331
0.015588371371357847
0.029808159641533133
0.043624505061141301
0.056913140831758517
0.069559411259160250
0.081459073296096807
0.092519386673750120
0.102666288825590521
0.111839483082740748
0.119991885238998938
0.127089274531979907
0.133110378535075430
0.138054490352480214
0.141933023949405046
0.144767854476404195
0.146590138239434536
0.147439663024618167
0.147371410930749097
0.146446442707663688
0.144729978085427341
0.142290094621704555
0.139196969735116249
0.135527987932364757
0.131360066238418671
0.126768207876890943
0.121824654239379368
0.116598498882034537
0.111159486452843292
0.105572688285321292
0.099897820193605436
0.094189022997396010
0.088494963969438553
0.082861590366010041
0.077329044005605446
0.071931621326590908
0.066698021993200268
0.061651771948264503
0.056813142159426275
0.052197669592143218
0.047816453007420677
0.043676588596740742
0.039781669597284096
0.036133032425652370
0.032729190499754625
0.029566188887236253
0.026638003799758336
0.023936944580440388
0.021454380766620745
0.019180580672536997
0.017104973939223469
0.015216414277928659
0.013503422767281233
0.011954551182163584
0.010558346677409191
0.009303488217514028
0.008178910900948834
0.007173910982658129
0.006278286383290340
0.005482316205954481
0.004776800631348995
0.004153090899431695
0.003603107628784030
0.003119366577303462
0.002694948502495358
0.002323487247757825
0.001999153351544102
0.001716633177661336
0.001471109067874256
0.001258225138487775
0.001074058045506626
0.000915087267834507
0.000778165158561468
0.000660487704437783
0.000559564812956433
0.000473192281548601
0.000399425079186917
0.000336552050579968
0.000283071760427593
0.000237671070778400
0.000199204754403505
0.000166676731079712
0.000139222904759614
0.000116095169925954
0.000096647947163705
0.000080325531456784
0.000066650730419112
0.000055214719219758
0.000045667794994676
0.000037711779176444
0.000031093005297824
0.000025596142141170
0.000021038781153586
0.000017266599994396
0.000014149439922236
0.000011577751559746
0.000009459514023473
0.000007717577118730
0.000006287327347553
0.000005114810608220
0.000004155060607992
0.000003370669888537
0.000002730573580567
0.000002208997667928
0.000001784618206164
0.000001439824600649
0.000001160097493286
0.000000933485534345
0.000000750159101182
0.000000602055346577
0.000000482571694536
0.000000386309859484
0.000000308862841963
0.000000246635484793
0.000000196702404558
0.000000156686938451
0.000000124661053663
0.000000099062866709
0.000000078627932492
0.000000062335081763
0.000000049360826372
0.000000039042005354
0.000000030845276353
0.000000024341959639
0.000000019188289873
0.000000015108977769
0.000000011883854298
0.000000009337053915
0.000000007328175900
0.000000005745378653
0.000000004499685251
0.000000003520395475
0.000000002751397550
0.000000002148179906
0.000000001675507610
0.000000001305522550
0.000000001016223693
0.000000000790256317
0.000000000613936077
0.000000000476493909
0.000000000369465269
0.000000000286205234
0.000000000221500975
0.000000000171265347
0.000000000132300368
0.000000000102106732
0.000000000078732868
0.000000000060655642
0.000000000046687821
0.000000000035904209
0.000000000027586963
0.000000000021178445
0.000000000016245087
0.000000000012450526
0.000000000009534108
0.000000000007294505
0.000000000005576232
0.000000000004259683
0.000000000003251147
0.000000000002479529
0.000000000001889551
0.000000000001438824
0.000000000001094805
0.000000000000832295
0.000000000000631917
0.000000000000479529
0.000000000000364154
0.000000000000276363
0.000000000000209014
0.000000000000158127
0.000000000000119557
0.000000000000090273
0.000000000000068224
0.000000000000051562
0.000000000000038955
0.000000000000029498
0.000000000000022108
0.000000000000016499
0.000000000000012305
0.000000000000009277
0.000000000000007070
0.000000000000005388
0.000000000000004058
0.000000000000003101
0.000000000000002215
0.000000000000001281
0.000000000000001012
0.000000000000000997
0.000000000000000993
0.000000000000000599
0.000000000000000259
0.000000000000000271
0.000000000000000289
-0.000000000000000209
-0.000000000000000087
0.000000000000000424
0.000000000000000492
0.000000000000000298
-0.000000000000000352
-0.000000000000000549
-0.000000000000000209
0.000000000000000439
0.000000000000000418
0.000000000000000300
-0.000000000000000382
-0.000000000000000509
-0.000000000000000115
0.000000000000000245
0.000000000000000403
0.000000000000000052
-0.000000000000000172
-0.000000000000000337
-0.000000000000000223
0.000000000000000270
0.000000000000000356
-0.000000000000000001
-0.000000000000000257
-0.000000000000000131
0.000000000000000118
0.000000000000000007
0.000000000000000315
-0.000000000000000076
-0.000000000000000043
-0.000000000000000166
-0.000000000000000058
0.000000000000000170
0.000000000000000187
-0.000000000000000042
-0.000000000000000283
-0.000000000000000011
0.000000000000000441
-0.000000000000000166
0.000000000000000144
-0.000000000000000200
0.000000000000000032
0.000000000000000076
0.000000000000000052
-0.000000000000000071
0.000000000000000135
-0.000000000000000046
-0.000000000000000052
0.000000000000000032
-0.000000000000000097
0.000000000000000063
0.000000000000000377
0.000000000000000034
-0.000000000000000117
-0.000000000000000137
-0.000000000000000149
0.000000000000000182
0.000000000000000405
0.000000000000000046
-0.000000000000000296
-0.000000000000000464
0.000000000000000091
0.000000000000000519
0.000000000000000143
-0.000000000000000407
-0.000000000000000078
0.000000000000000050
0.000000000000000275
-0.000000000000000032
-0.000000000000000178
0.000000000000000112
0.000000000000000183
-0.000000000000000328
0.000000000000000088
-0.000000000000000101
0.000000000000000193
-0.000000000000000021
0.000000000000000328
-0.000000000000000393
-0.000000000000000237
0.000000000000000033
0.000000000000000291
0.000000000000000217
-0.000000000000000038
-0.000000000000000202
-0.000000000000000180
0.000000000000000020
0.000000000000000141
0.000000000000000410
0.000000000000000033
-0.000000000000000271
-0.000000000000000224
-0.000000000000000006
0.000000000000000080
0.000000000000000129
0.000000000000000148
0.000000000000000034
-0.000000000000000299
-0.000000000000000157
0.000000000000000024
0.000000000000000276
0.000000000000000227
-0.000000000000000044
-0.000000000000000323
-0.000000000000000178
0.000000000000000267
0.000000000000000209
0.000000000000000010
-0.000000000000000121
-0.000000000000000367
0.000000000000000158
0.000000000000000429
-0.000000000000000034
-0.000000000000000212
-0.000000000000000232
0.000000000000000124
0.000000000000000257
-0.000000000000000040
-0.000000000000000133
0.000000000000000021
-0.000000000000000022
-0.000000000000000135
-0.000000000000000028
0.000000000000000218
0.000000000000000092
0.000000000000000074
-0.000000000000000197
-0.000000000000000241
0.000000000000000041
0.000000000000000241
0.000000000000000221
-0.000000000000000041
-0.000000000000000294
-0.000000000000000209
0.000000000000000117
0.000000000000000430
0.000000000000000079
-0.000000000000000300
-0.000000000000000041
-0.000000000000000176
0.000000000000000322
0.000000000000000204
-0.000000000000000065
-0.000000000000000238
0.000000000000000014
0.000000000000000209
0.000000000000000012
-0.000000000000000109
-0.000000000000000073
0.000000000000000112
0.000000000000000103
-0.000000000000000192
-0.000000000000000027
0.000000000000000324
0.000000000000000078
-0.000000000000000163
-0.000000000000000308
