-0.000000058716785
-0.000000120129066
-0.000000181125652
-0.000000242270100
-0.000000304346173
-0.000000368126788
-0.000000434368874
-0.000000503823169
-0.000000577244266
-0.000000655400092
-0.000000739080888
-0.000000829107846
-0.000000926341548
-0.000001031690292
-0.000001146118443
-0.000001270654883
-0.000001406401657
-0.000001554542894
-0.000001716354082
-0.000001893211768
-0.000002086603763
-0.000002298139901
-0.000002529563455
-0.000002782763244
-0.000003059786526
-0.000003362852734
-0.000003694368131
-0.000004056941463
-0.000004453400669
-0.000004886810758
-0.000005360492890
-0.000005878044788
-0.000006443362538
-0.000007060663880
-0.000007734513083
-0.000008469847503
-0.000009272005910
-0.000010146758715
-0.000011100340181
-0.000012139482747
-0.000013271453571
-0.000014504093422
-0.000015845858039
-0.000017305862087
-0.000018893925845
-0.000020620624757
-0.000022497341994
-0.000024536324163
-0.000026750740314
-0.000029154744393
-0.000031763541295
-0.000034593456666
-0.000037662010621
-0.000040987995532
-0.000044591558042
-0.000048494285473
-0.000052719296785
-0.000057291338244
-0.000062236883959
-0.000067584241455
-0.000073363662418
-0.000079607458779
-0.000086350124274
-0.000093628461628
-0.000101481715483
-0.000109951711209
-0.000119082999710
-0.000128923008328
-0.000139522197939
-0.000150934226324
-0.000163216117881
-0.000176428439720
-0.000190635484171
-0.000205905457720
-0.000222310676354
-0.000239927767281
-0.000258837876953
-0.000279126885311
-0.000300885626118
-0.000324210113227
-0.000349201772588
-0.000375967679775
-0.000404620802744
-0.000435280249529
-0.000468071520497
-0.000503126764780
-0.000540585040402
-0.000580592577610
-0.000623303044843
-0.000668877816702
-0.000717486243262
-0.000769305919964
-0.000824522957285
-0.000883332249312
-0.000945937740274
-0.001012552688011
-0.001083399923307
-0.001158712103906
-0.001238731962002
-0.001323712543855
-0.001413917440177
-0.001509621005801
-0.001611108567088
-0.001718676615459
-0.001832632985345
-0.001953297014772
-0.002080999686735
-0.002216083749443
-0.002358903813410
-0.002509826423360
-0.002669230102785
-0.002837505368975
-0.003015054716267
-0.003202292565200
-0.003399645175235
-0.003607550518634
-0.003826458113075
-0.004056828810551
-0.004299134540061
-0.004553858001636
-0.004821492309180
-0.005102540579674
-0.005397515466267
-0.005706938632850
-0.006031340167702
-0.006371257933905
-0.006727236854263
-0.007099828128548
-0.007489588381014
-0.007897078736208
-0.008322863821252
-0.008767510692918
-0.009231587687983
-0.009715663195510
-0.010220304349930
-0.010746075643999
-0.011293537460938
-0.011863244525319
-0.012455744272538
-0.013071575136994
-0.013711264759398
-0.014375328113977
-0.015064265556670
-0.015778560795756
-0.016518678786777
-0.017285063553942
-0.018078135940682
-0.018898291292378
-0.019745897074763
-0.020621290431929
-0.021524775688318
-0.022456621799566
-0.023417059757511
-0.024406279955190
-0.025424429518089
-0.026471609608457
-0.027547872709900
-0.028653219900043
-0.029787598119444
-0.030950897445481
-0.032142948380343
-0.033363519162760
-0.034612313113477
-0.035888966024954
-0.037193043606142
-0.038524038993553
-0.039881370340206
-0.041264378494334
-0.042672324780036
-0.044104388892292
-0.045559666918981
-0.047037169502709
-0.048535820155367
-0.050054453738451
-0.051591815122159
-0.053146558036288
-0.054717244125867
-0.056302342224322
-0.057900227856769
-0.059509182985789
-0.061127396011702
-0.062752962038977
-0.064383883419970
-0.066018070586650
-0.067653343180397
-0.069287431489304
-0.070917978201666
-0.072542540483592
-0.074158592387769
-0.075763527599512
-0.077354662525240
-0.078929239727444
-0.080484431709110
-0.082017345049394
-0.083525024891086
-0.085004459779146
-0.086452586848228
-0.087866297355761
-0.089242442555712
-0.090577839906699
-0.091869279606654
-0.093113531444708
-0.094307351959432
-0.095447491891042
-0.096530703913614
-0.097553750631799
-0.098513412824992
-0.099406497920389
-0.100229848674830
-0.100980352043895
-0.101654948215230
-0.102250639781733
-0.102764501028859
-0.103193687309047
-0.103535444475050
-0.103787118342819
-0.103946164153556
-0.104010156003594
-0.103976796209898
-0.103843924578252
-0.103609527540548
-0.103271747127091
-0.102828889739442
-0.102279434689069
-0.101622042466957
-0.100855562709339
-0.099979041824904
-0.098991730249119
-0.097893089291807
-0.096682797544703
-0.095360756816526
-0.093927097563991
-0.092382183788313
-0.090726617367965
-0.088961241799850
-0.087087145322578
-0.085105663397253
-0.083018380522971
-0.080827131366220
-0.078534001185445
-0.076141325534292
-0.073651689229370
-0.071067924570802
-0.068393108806419
-0.065630560833061
-0.062783837131198
-0.059856726931843
-0.056853246617611
-0.053777633362652
-0.050634338019130
-0.047428017260882
-0.044163524997819
-0.040845903077644
-0.037480371294349
-0.034072316725893
-0.030627282426332
-0.027150955500437
-0.023649154591626
-0.020127816816613
-0.016592984182784
-0.013050789526704
-0.009507442014477
-0.005969212246832
-0.002442417013877
0.001066596253761
0.004551465288917
0.008005828997077
0.011423343619464
0.014797698997666
0.018122634886500
0.021391957261109
0.024599554563813
0.027739413835992
0.030805636680198
0.033792454997937
0.036694246448935
0.039505549578383
0.042221078559507
0.044835737499917
0.047344634261498
0.049743093745165
0.052026670593515
0.054191161266385
0.056232615446447
0.058147346734345
0.059931942595330
0.061583273522081
0.063098501381188
0.064475086913790
0.065710796363921
0.066803707211371
0.067752212989188
0.068555027169310
0.069211186103376
0.069720051009225
0.070081308997192
0.070294973133924
0.070361381545021
0.070281195561393
0.070055396917820
0.069685284015704
0.069172467265466
0.068518863527453
0.067726689673514
0.066798455294586
0.065736954582758
0.064545257419166
0.063226699701950
0.061784872951103
0.060223613229540
0.058546989422025
0.056759290915703
0.054865014727924
0.052868852128726
0.050775674806909
0.048590520629873
0.046318579048510
0.043965176199272
0.041535759756183
0.039035883585956
0.036471192259574
0.033847405473646
0.031170302434592
0.028445706258235
0.025679468436700
0.022877453423599
0.020045523387438
0.017189523181835
0.014315265579722
0.011428516817034
0.008534982489584
0.005640293844862
0.002749994508383
-0.000130472317996
-0.002995776150796
-0.005840710980052
-0.008660206454879
-0.011449338472077
-0.014203339143098
-0.016917606117472
-0.019587711243570
-0.022209408550411
-0.024778641537079
-0.027291549759143
-0.029744474704293
-0.032133964952244
-0.034456780616690
-0.036709897069831
-0.038890507952655
-0.040996027476737
-0.043024092025835
-0.044972561067968
-0.046839517391009
-0.048623266676989
-0.050322336432451
-0.051935474294148
-0.053461645731219
-0.054900031166711
-0.056250022542860
-0.057511219356042
-0.058683424188513
-0.059766637765270
-0.060761053565351
-0.061667052017715
-0.062485194312587
-0.063216215859687
-0.063861019425171
-0.064420667979420
-0.064896377287881
-0.065289508277230
-0.065601559208928
-0.065834157692009
-0.065989052566556
-0.066068105688783
-0.066073283648067
-0.066006649445525
-0.065870354162909
-0.065666628649720
-0.065397775255400
-0.065066159632421
-0.064674202634941
-0.064224372336486
-0.063719176188889
-0.063161153343359
-0.062552867153283
-0.061896897876911
-0.061195835596737
-0.060452273370945
-0.059668800630841
-0.058847996836813
-0.057992425403872
-0.057104627906467
-0.056187118570806
-0.055242379061569
-0.054272853568543
-0.053280944197347
-0.052269006667174
-0.051239346317192
-0.050194214422053
-0.049135804815810
-0.048066250822414
-0.046987622489943
-0.045901924124681
-0.044811092120268
-0.043716993076229
-0.042621422199399
-0.041526101980996
-0.040432681141397
-0.039342733834074
-0.038257759099533
-0.037179180559655
-0.036108346342354
-0.035046529226110
-0.033994926993610
-0.032954662983480
-0.031926786828883
-0.030912275371604
-0.029912033740167
-0.028926896580467
-0.027957629427428
-0.027004930206235
-0.026069430851781
-0.025151699035134
-0.024252239985972
-0.023371498400170
-0.022509860421968
-0.021667655690393
-0.020845159439964
-0.020042594645986
-0.019260134205119
-0.018497903142271
-0.017755980835228
-0.017034403248879
-0.016333165171235
-0.015652222443946
-0.014991494180356
-0.014350864964646
-0.013730187025986
-0.013129282382086
-0.012547944946954
-0.011985942598086
-0.011443019198764
-0.010918896571513
-0.010413276419202
-0.009925842190681
-0.009456260888176
-0.009004184814114
-0.008569253255357
-0.008151094103178
-0.007749325407679
-0.007363556865624
-0.006993391240998
-0.006638425717867
-0.006298253185397
-0.005972463455140
-0.005660644410939
-0.005362383092017
-0.005077266710014
-0.004804883600955
-0.004544824113272
-0.004296681433167
-0.004060052348771
-0.003834537954633
-0.003619744298237
-0.003415282970310
-0.003220771640761
-0.003035834542211
-0.002860102903066
-0.002693215332186
-0.002534818157215
-0.002384565718656
-0.002242120621808
-0.002107153948675
-0.001979345431959
-0.001858383593219
-0.001743965847307
-0.001635798575093
-0.001533597166533
-0.001437086036037
-0.001345998612093
-0.001260077303027
-0.001179073440733
-0.001102747204172
-0.001030867524346
-0.000963211972420
-0.000899566632588
-0.000839725961228
-0.000783492633784
-0.000730677380827
-0.000681098814579
-0.000634583247203
-0.000590964502034
-0.000550083718903
-0.000511789154605
-0.000475935979521
-0.000442386071325
-0.000411007806653
-0.000381675851541
-0.000354270951396
-0.000328679721172
-0.000304794436413
-0.000282512825733
-0.000261737865269
-0.000242377575581
-0.000224344821448
-0.000207557114935
-0.000191936422078
-0.000177408973499
-0.000163905079198
-0.000151358947779
-0.000139708510265
-0.000128895248696
-0.000118864029626
-0.000109562942615
-0.000100943143811
-0.000092958704649
-0.000085566465717
-0.000078725895788
-0.000072398956006
-0.000066549969202
-0.000061145494293
-0.000056154205718
-0.000051546777819
-0.000047295774111
-0.000043375541328
-0.000039762108164
-0.000036433088588
-0.000033367589625
-0.000030546123488
-0.000027950523926
-0.000025563866676
-0.000023370393877
-0.000021355442321
-0.000019505375408
-0.000017807518664
-0.000016250098708
-0.000014822185507
-0.000013513637804
-0.000012315051598
-0.000011217711521
-0.000010213545004
-0.000009295079108
-0.000008455399880
-0.000007688114142
-0.000006987313573
-0.000006347540987
-0.000005763758685
-0.000005231318792
-0.000004745935456
-0.000004303658825
-0.000003900850706
-0.000003534161805
-0.000003200510463
-0.000002897062815
-0.000002621214278
-0.000002370572290
-0.000002142940233
-0.000001936302473
-0.000001748810436
-0.000001578769672
-0.000001424627821
-0.000001284963466
-0.000001158475769
-0.000001043974873
-0.000000940373009
-0.000000846676259
-0.000000761976933
-0.000000685446526
-0.000000616329198
-0.000000553935768
-0.000000497638155
-0.000000446864261
-0.000000401093251
-0.000000359851200
-0.000000322707097
-0.000000289269154
-0.000000259181423
-0.000000232120678
-0.000000207793567
-0.000000185933977
-0.000000166300628
-0.000000148674873
-0.000000132858669
-0.000000118672730
-0.000000105954831
-0.000000094558260
-0.000000084350396
-0.000000075211424
-0.000000067033146
-0.000000059717906
-0.000000053177606
-0.000000047332814
-0.000000042111942
-0.000000037450505
-0.000000033290448
-0.000000029579526
-0.000000026270749
-0.000000023321874
-0.000000020694944
-0.000000018355868
-0.000000016274048
-0.000000014422026
-0.000000012775178
-0.000000011311439
-0.000000010011035
-0.000000008856259
-0.000000007831267
-0.000000006921881
-0.000000006115425
-0.000000005400571
-0.000000004767200
-0.000000004206275
-0.000000003709733
-0.000000003270381
-0.000000002881806
-0.000000002538296
-0.000000002234758
-0.000000001966663
-0.000000001729977
-0.000000001521113
-0.000000001336885
-0.000000001174459
-0.000000001031319
-0.000000000905231
-0.000000000794213
-0.000000000696507
-0.000000000610557
-0.000000000534981
-0.000000000468556
-0.000000000410201
-0.000000000358958
-0.000000000313981
-0.000000000274519
-0.000000000239913
-0.000000000209580
-0.000000000183001
-0.000000000159724
-0.000000000139348
-0.000000000121519
-0.000000000105925
-0.000000000092291
-0.000000000080378
-0.000000000069974
-0.000000000060888
-0.000000000052960
-0.000000000046044
-0.000000000040014
-0.000000000034759
-0.000000000030181
-0.000000000026194
-0.000000000022725
-0.000000000019706
-0.000000000017081
-0.000000000014799
-0.000000000012816
-0.000000000011095
-0.000000000009601
-0.000000000008304
-0.000000000007179
-0.000000000006204
-0.000000000005359
-0.000000000004627
-0.000000000003994
-0.000000000003445
-0.000000000002971
-0.000000000002560
-0.000000000002206
-0.000000000001900
-0.000000000001636
-0.000000000001408
-0.000000000001210
-0.000000000001040
-0.000000000000895
-0.000000000000769
-0.000000000000660
-0.000000000000566
-0.000000000000486
-0.000000000000417
-0.000000000000357
-0.000000000000306
-0.000000000000262
-0.000000000000224
-0.000000000000192
-0.000000000000164
-0.000000000000140
-0.000000000000120
-0.000000000000102
-0.000000000000087
-0.000000000000075
-0.000000000000064
-0.000000000000054
-0.000000000000046
-0.000000000000039
-0.000000000000034
-0.000000000000029
-0.000000000000024
-0.000000000000021
-0.000000000000018
-0.000000000000015
-0.000000000000012
-0.000000000000011
-0.000000000000009
-0.000000000000008
-0.000000000000007
-0.000000000000005
-0.000000000000005
-0.000000000000004
-0.000000000000003
-0.000000000000003
-0.000000000000003
-0.000000000000002
-0.000000000000001
-0.000000000000002
-0.000000000000001
-0.000000000000001
-0.000000000000001
-0.000000000000001
-0.000000000000000
-0.000000000000001
-0.000000000000001
-0.000000000000000
0.000000000000000
-0.000000000000000
-0.000000000000000
-0.000000000000000
-0.000000000000000
0.000000000000000
0.000000000000000
-0.000000000000000
-0.000000000000000
-0.000000000000000
-0.000000000000000
0.000000000000001
0.000000000000000
-0.000000000000000
-0.000000000000000
-0.000000000000000
-0.000000000000000
-0.000000000000000
0.000000000000001
0.000000000000000
-0.000000000000000
-0.000000000000001
0.000000000000000
0.000000000000001
0.000000000000000
-0.000000000000000
-0.000000000000000
-0.000000000000000
0.000000000000000
0.000000000000000
0.000000000000000
-0.000000000000000
0.000000000000000
-0.000000000000000
-0.000000000000000
0.000000000000000
0.000000000000000
0.000000000000000
-0.000000000000000
-0.000000000000000
0.000000000000000
0.000000000000000
-0.000000000000000
-0.000000000000000
-0.000000000000000
-0.000000000000000
0.000000000000000
0.000000000000000
-0.000000000000000
-0.000000000000000
-0.000000000000000
0.000000000000000
0.000000000000000
-0.000000000000000
0.000000000000000
-0.000000000000000
-0.000000000000001
0.000000000000000
0.000000000000000
0.000000000000000
-0.000000000000000
-0.000000000000000
-0.000000000000000
-0.000000000000000
0.000000000000000
0.000000000000000
-0.000000000000000
-0.000000000000000
-0.000000000000000
-0.000000000000000
-0.000000000000000
0.000000000000000
0.000000000000000
0.000000000000001
-0.000000000000000
-0.000000000000001
-0.000000000000000
0.000000000000000
0.000000000000000
-0.000000000000000
-0.000000000000000
-0.000000000000000
-0.000000000000000
-0.000000000000000
0.000000000000001
0.000000000000000
-0.000000000000000
0.000000000000000
-0.000000000000000
-0.000000000000000
0.000000000000000
0.000000000000000
-0.000000000000000
-0.000000000000000
-0.000000000000000
0.000000000000000
-0.000000000000000
0.000000000000000
0.000000000000000
-0.000000000000000
0.000000000000000
0.000000000000000
-0.000000000000001
0.000000000000000
0.000000000000000
0.000000000000000
0.000000000000000
-0.000000000000000
-0.000000000000000
0.000000000000000
0.000000000000000
-0.000000000000000
0.000000000000000
0.000000000000000
-0.000000000000000
0.000000000000000
0.000000000000000
-0.000000000000000
0.000000000000000
-0.000000000000000
-0.000000000000000
-0.000000000000000
-0.000000000000000
0.000000000000000
0.000000000000000
-0.000000000000000
-0.000000000000000
0.000000000000000
-0.000000000000000
0.000000000000000
0.000000000000000
0.000000000000000
-0.000000000000000
-0.000000000000000
0.000000000000000
-0.000000000000000
0.000000000000000
0.000000000000000
-0.000000000000000
-0.000000000000000
-0.000000000000000
-0.000000000000000
0.000000000000000
0.000000000000001
-0.000000000000000
-0.000000000000000
-0.000000000000000
0.000000000000000
0.000000000000000
0.000000000000000
-0.000000000000000
-0.000000000000001
-0.000000000000000
0.000000000000000
0.000000000000000
-0.000000000000000
-0.000000000000000
0.000000000000000
0.000000000000000
0.000000000000000
-0.000000000000000
0.000000000000000
0.000000000000000
-0.000000000000000
-0.000000000000000
-0.000000000000000
-0.000000000000000
0.000000000000000
-0.000000000000000
-0.000000000000000
0.000000000000000
-0.000000000000000
-0.000000000000000
-0.000000000000000
0.000000000000000
0.000000000000000
-0.000000000000000
-0.000000000000000
0.000000000000000
0.000000000000000
0.000000000000000
-0.000000000000000
-0.000000000000000
-0.000000000000000
0.000000000000000
0.000000000000000
-0.000000000000000
-0.000000000000001
0.000000000000000
0.000000000000000
-0.000000000000000
0.000000000000000
-0.000000000000000
-0.000000000000000
-0.000000000000000
0.000000000000000
0.000000000000000
-0.000000000000000
-0.000000000000000
0.000000000000000
0.000000000000000
0.000000000000000
-0.000000000000000
0.000000000000000
-0.000000000000000
0.000000000000000
0.000000000000000
-0.000000000000000
0.000000000000000
-0.000000000000000
-0.000000000000000
0.000000000000000
-0.000000000000000
0.000000000000000
0.000000000000000
-0.000000000000000
-0.000000000000000
-0.000000000000000
0.000000000000000
-0.000000000000000
-0.000000000000000
0.000000000000000
-0.000000000000000
-0.000000000000000
0.000000000000000
0.000000000000000
-0.000000000000000
-0.000000000000000
-0.000000000000000
0.000000000000000
0.000000000000000
-0.000000000000000
-0.000000000000000
-0.000000000000000
0.000000000000000
0.000000000000000
-0.000000000000000
0.000000000000000
-0.000000000000000
0.000000000000000
-0.000000000000000
0.000000000000000
0.000000000000001
-0.000000000000000
-0.000000000000000
-0.000000000000000
-0.000000000000000
0.000000000000001
0.000000000000000
-0.000000000000001
-0.000000000000000
0.000000000000000
-0.000000000000000
0.000000000000000
0.000000000000000
-0.000000000000000
-0.000000000000000
-0.000000000000000
0.000000000000001
0.000000000000000
-0.000000000000000
-0.000000000000000
-0.000000000000000
0.000000000000000
0.000000000000000
0.000000000000000
-0.000000000000000
-0.000000000000000
0.000000000000000
-0.000000000000000
-0.000000000000000
0.000000000000000
-0.000000000000000
-0.000000000000000
-0.000000000000000
-0.000000000000000
0.000000000000000
0.000000000000000
-0.000000000000000
0.000000000000000
-0.000000000000000
0.000000000000000
0.000000000000000
-0.000000000000000
-0.000000000000000
0.000000000000000
0.000000000000000
-0.000000000000000
0.000000000000000
-0.000000000000000
-0.000000000000000
0.000000000000001
-0.000000000000000
-0.000000000000000
-0.000000000000000
0.000000000000000
0.000000000000000
0.000000000000000
-0.000000000000001
-0.000000000000000
0.000000000000000
0.000000000000000
-0.000000000000000
-0.000000000000001
0.000000000000000
0.000000000000001
-0.000000000000000
-0.000000000000000
0.000000000000000
-0.000000000000000
0.000000000000000
-0.000000000000000
-0.000000000000000
0.000000000000000
0.000000000000000
0.000000000000000
-0.000000000000000
-0.000000000000000
0.000000000000000
0.000000000000000
-0.000000000000000
0.000000000000000
0.000000000000000
-0.000000000000000
-0.000000000000000
0.000000000000000
0.000000000000000
-0.000000000000000
-0.000000000000000
0.000000000000000
-0.000000000000000
0.000000000000000
0.000000000000000
-0.000000000000000
0.000000000000000
0.000000000000000
-0.000000000000000
-0.000000000000001
0.000000000000000
0.000000000000001
-0.000000000000000
-0.000000000000000
-0.000000000000000
0.000000000000000
-0.000000000000000
-0.000000000000000
0.000000000000000
0.000000000000000
-0.000000000000000
-0.000000000000000
0.000000000000000
0.000000000000000
0.000000000000000
0.000000000000000
0.000000000000000
-0.000000000000000
0.000000000000000
-0.000000000000000
0.000000000000000
0.000000000000000
-0.000000000000000
-0.000000000000000
0.000000000000000
-0.000000000000000
-0.000000000000000
0.000000000000000
0.000000000000000
-0.000000000000000
-0.000000000000000
-0.000000000000000
0.000000000000000
0.000000000000000
-0.000000000000000
-0.000000000000000
-0.000000000000000
0.000000000000000
-0.000000000000000
0.000000000000000
0.000000000000000
0.000000000000000
-0.000000000000000
-0.000000000000000
-0.000000000000000
0.000000000000000
0.000000000000000
-0.000000000000000
-0.000000000000000
0.000000000000000
0.000000000000000
0.000000000000000
-0.000000000000001
0.000000000000000
0.000000000000000
-0.000000000000000
-0.000000000000000
-0.000000000000000
-0.000000000000000
0.000000000000001
0.000000000000000
-0.000000000000000
-0.000000000000000
-0.000000000000000
0.000000000000000
0.000000000000000
-0.000000000000000
0.000000000000000
0.000000000000000
-0.000000000000000
0.000000000000000
-0.000000000000000
-0.000000000000000
-0.000000000000000
0.000000000000000
0.000000000000000
-0.000000000000000
-0.000000000000000
-0.000000000000000
0.000000000000000
-0.000000000000000
-0.000000000000000
-0.000000000000000
0.000000000000000
0.000000000000000
-0.000000000000000
-0.000000000000000
0.000000000000000
-0.000000000000000
-0.000000000000000
0.000000000000000
0.000000000000000
-0.000000000000000
-0.000000000000000
0.000000000000000
-0.000000000000000
-0.000000000000001
0.000000000000000
-0.000000000000000
-0.000000000000000
0.000000000000001
-0.000000000000001
0.000000000000000
0.000000000000000
-0.000000000000000
0.000000000000000
-0.000000000000000
-0.000000000000000
0.000000000000000
-0.000000000000000
-0.000000000000000
0.000000000000000
0.000000000000000
-0.000000000000000
-0.000000000000001
0.000000000000000
0.000000000000000
0.000000000000000
-0.000000000000000
-0.000000000000000
-0.000000000000000
0.000000000000000
-0.000000000000000
0.000000000000001
-0.000000000000001
-0.000000000000000
0.000000000000001
-0.000000000000000
-0.000000000000000
0.000000000000000
0.000000000000000
0.000000000000000
-0.000000000000001
0.000000000000000
0.000000000000000
-0.000000000000000
-0.000000000000000
0.000000000000000
-0.000000000000000
0.000000000000001
-0.000000000000001
0.000000000000000
0.000000000000001
-0.000000000000000
-0.000000000000000
-0.000000000000000
0.000000000000000
0.000000000000000
-0.000000000000001
0.000000000000000
0.000000000000000
-0.000000000000001
-0.000000000000000
0.000000000000001
-0.000000000000000
-0.000000000000000
0.000000000000001
-0.000000000000000
-0.000000000000001
0.000000000000000
0.000000000000000
0.000000000000001
-0.000000000000001
-0.000000000000000
0.000000000000000
0.000000000000000
-0.000000000000000
0.000000000000000
-0.000000000000000
-0.000000000000001
0.000000000000000
0.000000000000000
0.000000000000000
-0.000000000000000
0.000000000000000
