-0.000000010363692
-0.000000021211691
-0.000000032003519
-0.000000042847214
-0.000000053889777
-0.000000065276618
-0.000000077150879
-0.000000089655380
-0.000000102934611
-0.000000117136628
-0.000000132414867
-0.000000148929912
-0.000000166851239
-0.000000186358964
-0.000000207645613
-0.000000230917941
-0.000000256398817
-0.000000284329182
-0.000000314970119
-0.000000348605039
-0.000000385541995
-0.000000426116158
-0.000000470692465
-0.000000519668444
-0.000000573477257
-0.000000632590968
-0.000000697524053
-0.000000768837178
-0.000000847141273
-0.000000933101910
-0.000001027444019
-0.000001130956970
-0.000001244500041
-0.000001369008295
-0.000001505498920
-0.000001655078031
-0.000001818947991
-0.000001998415280
-0.000002194898938
-0.000002409939641
-0.000002645209428
-0.000002902522140
-0.000003183844617
-0.000003491308676
-0.000003827223952
-0.000004194091630
-0.000004594619141
-0.000005031735859
-0.000005508609881
-0.000006028665935
-0.000006595604492
-0.000007213422140
-0.000007886433308
-0.000008619293387
-0.000009417023350
-0.000010285035940
-0.000011229163500
-0.000012255687546
-0.000013371370152
-0.000014583487257
-0.000015899863966
-0.000017328911961
-0.000018879669101
-0.000020561841321
-0.000022385846936
-0.000024362863437
-0.000026504876907
-0.000028824734149
-0.000031336197634
-0.000034054003392
-0.000036993921947
-0.000040172822397
-0.000043608739777
-0.000047320945785
-0.000051330023001
-0.000055657942697
-0.000060328146350
-0.000065365630956
-0.000070797038245
-0.000076650747910
-0.000082956974911
-0.000089747870969
-0.000097057630324
-0.000104922599819
-0.000113381393391
-0.000122475011023
-0.000132246962196
-0.000142743393892
-0.000154013223162
-0.000166108274282
-0.000179083420483
-0.000192996730247
-0.000207909618138
-0.000223887000107
-0.000240997453204
-0.000259313379618
-0.000278911174909
-0.000299871400314
-0.000322278958966
-0.000346223275820
-0.000371798481096
-0.000399103596975
-0.000428242727285
-0.000459325249862
-0.000492466011253
-0.000527785523372
-0.000565410161716
-0.000605472364674
-0.000648110833449
-0.000693470732058
-0.000741703886845
-0.000792968984886
-0.000847431770638
-0.000905265240119
-0.000966649831880
-0.001031773613971
-0.001100832466066
-0.001174030255849
-0.001251579008747
-0.001333699070005
-0.001420619258090
-0.001512577008348
-0.001609818505790
-0.001712598805832
-0.001821181941809
-0.001935841017968
-0.002056858286680
-0.002184525208523
-0.002319142493868
-0.002461020124565
-0.002610477354293
-0.002767842686107
-0.002933453825695
-0.003107657608834
-0.003290809901520
-0.003483275471220
-0.003685427827725
-0.003897649032021
-0.004120329471667
-0.004353867601116
-0.004598669645474
-0.004855149266201
-0.005123727187273
-0.005404830780392
-0.005698893607848
-0.006006354921698
-0.006327659118006
-0.006663255144919
-0.007013595863478
-0.007379137360114
-0.007760338209902
-0.008157658689725
-0.008571559940649
-0.009002503078909
-0.009450948255045
-0.009917353660891
-0.010402174484246
-0.010905861811244
-0.011428861476599
-0.011971612862091
-0.012534547643847
-0.013118088489178
-0.013722647703929
-0.014348625831531
-0.014996410205161
-0.015666373454654
-0.016358871970032
-0.017074244323791
-0.017812809654296
-0.018574866012928
-0.019360688677858
-0.020170528437590
-0.021004609847678
-0.021863129464299
-0.022746254058587
-0.023654118815947
-0.024586825524777
-0.025544440759324
-0.026526994061616
-0.027534476127668
-0.028566837003420
-0.029623984296039
-0.030705781406491
-0.031812045789460
-0.032942547246885
-0.034097006261589
-0.035275092377606
-0.036476422633970
-0.037700560058865
-0.038947012231124
-0.040215229916160
-0.041504605783477
-0.042814473212940
-0.044144105196992
-0.045492713346010
-0.046859447003946
-0.048243392481306
-0.049643572412467
-0.051058945244164
-0.052488404861843
-0.053930780360379
-0.055384835965446
-0.056849271111550
-0.058322720682481
-0.059803755419602
-0.061290882503040
-0.062782546310492
-0.064277129357894
-0.065772953425817
-0.067268280874929
-0.068761316153380
-0.070250207498441
-0.071733048834146
-0.073207881866120
-0.074672698374157
-0.076125442702470
-0.077564014446909
-0.078986271337737
-0.080390032315879
-0.081773080799873
-0.083133168139995
-0.084468017255349
-0.085775326448945
-0.087052773395095
-0.088298019292655
-0.089508713176990
-0.090682496382738
-0.091817007148768
-0.092909885356007
-0.093958777388116
-0.094961341104323
-0.095915250913069
-0.096818202934467
-0.097667920239035
-0.098462158149504
-0.099198709592055
-0.099875410482766
-0.100490145134655
-0.101040851670231
-0.101525527424144
-0.101942234320176
-0.102289104206544
-0.102564344133304
-0.102766241555429
-0.102893169445078
-0.102943591296510
-0.102916066007101
-0.102809252618022
-0.102621914898260
-0.102352925755864
-0.102001271460586
-0.101566055662384
-0.101046503190675
-0.100441963619668
-0.099751914585630
-0.098975964842510
-0.098113857043003
-0.097165470232805
-0.096130822046593
-0.095010070595055
-0.093803516033152
-0.092511601800707
-0.091134915527379
-0.089674189595051
-0.088130301351726
-0.086504272972057
-0.084797270960786
-0.083010605296443
-0.081145728213858
-0.079204232625153
-0.077187850180119
-0.075098448968035
-0.072938030864193
-0.070708728525600
-0.068412802041498
-0.066052635245537
-0.063630731697586
-0.061149710344334
-0.058612300868905
-0.056021338740870
-0.053379759979002
-0.050690595640221
-0.047956966049092
-0.045182074783173
-0.042369202430388
-0.039521700135421
-0.036642982952856
-0.033736523025511
-0.030805842607025
-0.027854506948320
-0.024886117068047
-0.021904302427543
-0.018912713531161
-0.015915014473107
-0.012914875452090
-0.009915965275224
-0.006921943872608
-0.003936454844016
-0.000963118058943
0.001994477668913
0.004932781811961
0.007848289243379
0.010737547216173
0.013597162187122
0.016423806466720
0.019214224676861
0.021965239998703
0.024673760193933
0.027336783383488
0.029951403568659
0.032514815880418
0.035024321543847
0.037477332545489
0.039871375992565
0.042204098154064
0.044473268174813
0.046676781454825
0.048812662687346
0.050879068550200
0.052874290046239
0.054796754489859
0.056645027137757
0.058417812463274
0.060113955074834
0.061732440280144
0.063272394298980
0.064733084128439
0.066113917065692
0.067414439894254
0.068634337740852
0.069773432610907
0.070831681611611
0.071809174872432
0.072706133173735
0.073522905294982
0.074259965094698
0.074917908335074
0.075497449264667
0.075999416973240
0.076424751533253
0.076774499942953
0.077049811886386
0.077251935325946
0.077382211943331
0.077442072444930
0.077433031747819
0.077356684062563
0.077214697889032
0.077008810941385
0.076740825018212
0.076412600833709
0.076026052825464
0.075583143954204
0.075085880510463
0.074536306942814
0.073936500721822
0.073288567253457
0.072594634855165
0.071856849807288
0.071077371491918
0.070258367630691
0.069402009632397
0.068510468060615
0.067585908230931
0.066630485946599
0.065646343380801
0.064635605112969
0.063600374325894
0.062542729169642
0.061464719297577
0.060368362579051
0.059255641992634
0.058128502703041
0.056988849324214
0.055838543370335
0.054679400895887
0.053513190325219
0.052341630471474
0.051166388744052
0.049989079543320
0.048811262840580
0.047634442940894
0.046460067425776
0.045289526272332
0.044124151144948
0.042965214855242
0.041813930985566
0.040671453671035
0.039538877534701
0.038417237770212
0.037307510366037
0.036210612465103
0.035127402853491
0.034058682571684
0.033005195641699
0.031967629903363
0.030946617952871
0.029942738176756
0.028956515874355
0.027988424461849
0.027038886751026
0.026108276295900
0.025196918800464
0.024305093580908
0.023433035075741
0.022580934397447
0.021748940919378
0.020937163891827
0.020145674081346
0.019374505427624
0.018623656712403
0.017893093235151
0.017182748490431
0.016492525842138
0.015822300190025
0.015171919624164
0.014541207063274
0.013929961873047
0.013337961460925
0.012764962843955
0.012210704186685
0.011674906306253
0.011157274142104
0.010657498187996
0.010175255884220
0.009710212968175
0.009262024781682
0.008830337533649
0.008414789516897
0.008015012278196
0.007630631740745
0.007261269278517
0.006906542742107
0.006566067435862
0.006239457046270
0.005926324521708
0.005626282903865
0.005338946111200
0.005063929675014
0.004800851428784
0.004549332151549
0.004308996166214
0.004079471893746
0.003860392364325
0.003651395686579
0.003452125476096
0.003262231244483
0.003081368750271
0.002909200313013
0.002745395091979
0.002589629330843
0.002441586569807
0.002300957826609
0.002167441747883
0.002040744732317
0.001920581027077
0.001806672798954
0.001698750181661
0.001596551300706
0.001499822277249
0.001408317212305
0.001321798152663
0.001240035039807
0.001162805643159
0.001089895478866
0.001021097715348
0.000956213066783
0.000895049675649
0.000837422985416
0.000783155604427
0.000732077161963
0.000684024157456
0.000638839803749
0.000596373865263
0.000556482491910
0.000519028049496
0.000483878947366
0.000450909463963
0.000419999570953
0.000391034756507
0.000363905848302
0.000338508836765
0.000314744699024
0.000292519224024
0.000271742839203
0.000252330439093
0.000234201216191
0.000217278494402
0.000201489565304
0.000186765527510
0.000173041129304
0.000160254614766
0.000148347573525
0.000137264794290
0.000126954122256
0.000117366320498
0.000108454935402
0.000100176166202
0.000092488738655
0.000085353782866
0.000078734715276
0.000072597124801
0.000066908663107
0.000061638938964
0.000056759416679
0.000052243318506
0.000048065531012
0.000044202515303
0.000040632221061
0.000037334004275
0.000034288548623
0.000031477790381
0.000028884846784
0.000026493947726
0.000024290370725
0.000022260379028
0.000020391162763
0.000018670783044
0.000017088118908
0.000015632816997
0.000014295243871
0.000013066440862
0.000011938081356
0.000010902430406
0.000009952306591
0.000009081046005
0.000008282468288
0.000007550844623
0.000006880867585
0.000006267622768
0.000005706562101
0.000005193478776
0.000004724483696
0.000004295983377
0.000003904659227
0.000003547448118
0.000003221524208
0.000002924281914
0.000002653319995
0.000002406426674
0.000002181565748
0.000001976863611
0.000001790597167
0.000001621182548
0.000001467164613
0.000001327207168
0.000001200083871
0.000001084669775
0.000000979933465
0.000000884929768
0.000000798792971
0.000000720730550
0.000000650017343
0.000000585990159
0.000000528042788
0.000000475621383
0.000000428220189
0.000000385377598
0.000000346672503
0.000000311720939
0.000000280172983
0.000000251709885
0.000000226041445
0.000000202903580
0.000000182056093
0.000000163280619
0.000000146378744
0.000000131170266
0.000000117491601
0.000000105194328
0.000000094143849
0.000000084218158
0.000000075306720
0.000000067309437
0.000000060135714
0.000000053703588
0.000000047938947
0.000000042774808
0.000000038150661
0.000000034011872
0.000000030309133
0.000000026997965
0.000000024038264
0.000000021393892
0.000000019032294
0.000000016924161
0.000000015043118
0.000000013365442
0.000000011869805
0.000000010537040
0.000000009349933
0.000000008293030
0.000000007352464
0.000000006515796
0.000000005771877
0.000000005110715
0.000000004523361
0.000000004001805
0.000000003538878
0.000000003128171
0.000000002763952
0.000000002441100
0.000000002155044
0.000000001901699
0.000000001677422
0.000000001478967
0.000000001303437
0.000000001148251
0.000000001011111
0.000000000889973
0.000000000783014
0.000000000688617
0.000000000605343
0.000000000531913
0.000000000467193
0.000000000410173
0.000000000359959
0.000000000315758
0.000000000276867
0.000000000242664
0.000000000212594
0.000000000186173
0.000000000162966
0.000000000142591
0.000000000124711
0.000000000109026
0.000000000095274
0.000000000083221
0.000000000072662
0.000000000063416
0.000000000055323
0.000000000048242
0.000000000042050
0.000000000036637
0.000000000031907
0.000000000027776
0.000000000024170
0.000000000021023
0.000000000018278
0.000000000015885
0.000000000013799
0.000000000011982
0.000000000010400
0.000000000009023
0.000000000007825
0.000000000006783
0.000000000005878
0.000000000005090
0.000000000004407
0.000000000003814
0.000000000003299
0.000000000002853
0.000000000002465
0.000000000002130
0.000000000001839
0.000000000001587
0.000000000001370
0.000000000001182
0.000000000001019
0.000000000000878
0.000000000000755
0.000000000000651
0.000000000000561
0.000000000000482
0.000000000000415
0.000000000000356
0.000000000000306
0.000000000000263
0.000000000000226
0.000000000000194
0.000000000000166
0.000000000000143
0.000000000000122
0.000000000000104
0.000000000000090
0.000000000000077
0.000000000000066
0.000000000000056
0.000000000000048
0.000000000000041
0.000000000000035
0.000000000000030
0.000000000000025
0.000000000000022
0.000000000000019
0.000000000000016
0.000000000000013
0.000000000000012
0.000000000000010
0.000000000000008
0.000000000000007
0.000000000000006
0.000000000000005
0.000000000000004
0.000000000000004
0.000000000000003
0.000000000000002
0.000000000000003
0.000000000000001
0.000000000000002
0.000000000000002
0.000000000000001
0.000000000000001
0.000000000000001
0.000000000000001
0.000000000000000
0.000000000000000
0.000000000000000
0.000000000000001
0.000000000000000
0.000000000000000
0.000000000000000
-0.000000000000000
0.000000000000000
0.000000000000000
0.000000000000000
-0.000000000000000
0.000000000000000
-0.000000000000000
0.000000000000000
0.000000000000000
-0.000000000000000
0.000000000000000
-0.000000000000000
-0.000000000000000
0.000000000000000
0.000000000000000
0.000000000000000
-0.000000000000000
-0.000000000000000
0.000000000000000
-0.000000000000000
0.000000000000000
0.000000000000000
-0.000000000000000
0.000000000000000
0.000000000000000
-0.000000000000000
-0.000000000000000
0.000000000000000
0.000000000000000
-0.000000000000000
-0.000000000000000
-0.000000000000000
0.000000000000000
-0.000000000000000
0.000000000000000
-0.000000000000000
-0.000000000000000
0.000000000000000
0.000000000000000
-0.000000000000000
0.000000000000000
0.000000000000000
-0.000000000000000
-0.000000000000000
-0.000000000000000
0.000000000000000
0.000000000000000
-0.000000000000000
-0.000000000000000
0.000000000000000
0.000000000000000
-0.000000000000000
-0.000000000000000
-0.000000000000000
-0.000000000000000
0.000000000000000
-0.000000000000000
0.000000000000000
0.000000000000000
-0.000000000000000
-0.000000000000000
0.000000000000000
-0.000000000000000
0.000000000000000
0.000000000000000
-0.000000000000000
-0.000000000000000
0.000000000000000
0.000000000000000
-0.000000000000000
0.000000000000000
-0.000000000000000
-0.000000000000001
0.000000000000000
0.000000000000000
-0.000000000000000
0.000000000000000
-0.000000000000000
-0.000000000000001
-0.000000000000000
0.000000000000001
0.000000000000000
0.000000000000000
-0.000000000000000
-0.000000000000000
0.000000000000000
0.000000000000000
0.000000000000000
-0.000000000000000
-0.000000000000000
-0.000000000000000
0.000000000000000
0.000000000000000
0.000000000000000
-0.000000000000000
0.000000000000000
-0.000000000000000
-0.000000000000000
0.000000000000000
0.000000000000000
0.000000000000000
-0.000000000000000
-0.000000000000000
-0.000000000000000
0.000000000000000
0.000000000000000
-0.000000000000000
-0.000000000000000
-0.000000000000000
0.000000000000000
0.000000000000000
0.000000000000000
-0.000000000000000
-0.000000000000000
-0.000000000000000
0.000000000000000
-0.000000000000000
-0.000000000000000
-0.000000000000000
0.000000000000000
-0.000000000000000
-0.000000000000000
-0.000000000000000
-0.000000000000000
0.000000000000000
0.000000000000000
-0.000000000000000
-0.000000000000000
0.000000000000000
-0.000000000000000
0.000000000000000
0.000000000000000
0.000000000000000
-0.000000000000000
-0.000000000000000
-0.000000000000000
-0.000000000000000
0.000000000000000
0.000000000000000
-0.000000000000000
-0.000000000000000
0.000000000000000
0.000000000000000
0.000000000000000
0.000000000000000
-0.000000000000000
-0.000000000000000
-0.000000000000000
0.000000000000000
0.000000000000000
-0.000000000000000
0.000000000000000
-0.000000000000000
-0.000000000000000
0.000000000000000
0.000000000000000
0.000000000000000
0.000000000000000
-0.000000000000000
-0.000000000000000
-0.000000000000000
0.000000000000001
0.000000000000000
-0.000000000000000
0.000000000000000
0.000000000000000
-0.000000000000000
-0.000000000000000
0.000000000000000
0.000000000000000
0.000000000000000
-0.000000000000000
-0.000000000000000
-0.000000000000000
0.000000000000000
0.000000000000000
-0.000000000000000
-0.000000000000001
-0.000000000000000
0.000000000000000
-0.000000000000000
0.000000000000000
0.000000000000000
-0.000000000000001
-0.000000000000000
0.000000000000000
0.000000000000000
-0.000000000000000
-0.000000000000000
-0.000000000000000
-0.000000000000000
0.000000000000000
0.000000000000000
-0.000000000000000
-0.000000000000000
-0.000000000000000
-0.000000000000000
0.000000000000000
0.000000000000000
-0.000000000000000
0.000000000000000
-0.000000000000000
-0.000000000000000
0.000000000000000
-0.000000000000000
0.000000000000000
-0.000000000000000
-0.000000000000000
0.000000000000000
-0.000000000000000
-0.000000000000000
0.000000000000000
0.000000000000000
-0.000000000000000
0.000000000000000
-0.000000000000000
0.000000000000000
0.000000000000000
0.000000000000000
-0.000000000000000
-0.000000000000000
-0.000000000000000
0.000000000000000
0.000000000000000
-0.000000000000000
-0.000000000000000
0.000000000000000
0.000000000000000
-0.000000000000000
0.000000000000000
0.000000000000000
-0.000000000000000
-0.000000000000000
0.000000000000000
0.000000000000000
0.000000000000000
-0.000000000000000
-0.000000000000000
0.000000000000000
0.000000000000000
0.000000000000000
-0.000000000000000
-0.000000000000000
-0.000000000000000
0.000000000000000
-0.000000000000000
0.000000000000000
-0.000000000000000
0.000000000000000
-0.000000000000000
0.000000000000000
-0.000000000000000
0.000000000000000
0.000000000000000
-0.000000000000000
0.000000000000000
0.000000000000000
-0.000000000000000
-0.000000000000000
0.000000000000000
-0.000000000000000
-0.000000000000000
-0.000000000000000
0.000000000000000
0.000000000000000
0.000000000000000
-0.000000000000001
0.000000000000000
0.000000000000000
-0.000000000000000
-0.000000000000000
0.000000000000000
-0.000000000000000
-0.000000000000000
0.000000000000000
-0.000000000000000
0.000000000000000
0.000000000000000
-0.000000000000000
0.000000000000000
-0.000000000000000
-0.000000000000000
0.000000000000000
0.000000000000000
-0.000000000000000
0.000000000000000
0.000000000000000
-0.000000000000000
-0.000000000000000
0.000000000000000
0.000000000000000
0.000000000000000
-0.000000000000000
-0.000000000000000
-0.000000000000000
0.000000000000000
-0.000000000000000
0.000000000000000
-0.000000000000000
-0.000000000000000
0.000000000000000
-0.000000000000000
-0.000000000000000
0.000000000000000
-0.000000000000000
-0.000000000000000
0.000000000000000
-0.000000000000000
-0.000000000000000
0.000000000000000
-0.000000000000000
-0.000000000000000
-0.000000000000000
-0.000000000000000
0.000000000000001
-0.000000000000000
0.000000000000000
0.000000000000000
-0.000000000000000
0.000000000000000
0.000000000000000
0.000000000000000
-0.000000000000000
-0.000000000000000
0.000000000000000
-0.000000000000000
-0.000000000000000
0.000000000000000
0.000000000000000
-0.000000000000000
0.000000000000000
0.000000000000000
0.000000000000000
-0.000000000000000
-0.000000000000000
0.000000000000000
-0.000000000000000
0.000000000000000
0.000000000000000
-0.000000000000000
-0.000000000000000
-0.000000000000000
0.000000000000000
0.000000000000000
-0.000000000000000
0.000000000000000
-0.000000000000001
0.000000000000000
-0.000000000000000
-0.000000000000000
0.000000000000001
0.000000000000000
-0.000000000000000
-0.000000000000000
-0.000000000000000
0.000000000000000
-0.000000000000000
-0.000000000000000
-0.000000000000000
0.000000000000000
0.000000000000000
-0.000000000000000
0.000000000000000
-0.000000000000000
0.000000000000000
0.000000000000000
-0.000000000000001
0.000000000000000
0.000000000000000
0.000000000000000
-0.000000000000000
0.000000000000000
-0.000000000000000
-0.000000000000000
-0.000000000000000
0.000000000000001
-0.000000000000000
-0.000000000000000
-0.000000000000000
0.000000000000001
-0.000000000000000
-0.000000000000000
0.000000000000000
-0.000000000000000
0.000000000000000
0.000000000000000
-0.000000000000000
-0.000000000000000
0.000000000000000
-0.000000000000000
0.000000000000000
-0.000000000000000
0.000000000000001
-0.000000000000000
-0.000000000000000
0.000000000000001
-0.000000000000000
-0.000000000000000
0.000000000000001
-0.000000000000000
-0.000000000000000
0.000000000000000
-0.000000000000000
-0.000000000000000
0.000000000000000
-0.000000000000000
-0.000000000000000
0.000000000000000
0.000000000000000
-0.000000000000001
0.000000000000000
-0.000000000000000
-0.000000000000000
0.000000000000000
-0.000000000000000
0.000000000000001
-0.000000000000001
0.000000000000000
-0.000000000000000
-0.000000000000000
0.000000000000000
0.000000000000000
0.000000000000000
0.000000000000000
-0.000000000000000
-0.000000000000001
0.000000000000000
-0.000000000000000
0.000000000000000
0.000000000000001
-0.000000000000000
-0.000000000000000
-0.000000000000000
0.000000000000000
-0.000000000000000
0.000000000000000
-0.000000000000001
0.000000000000000
0.000000000000000
-0.000000000000000
-0.000000000000000
0.000000000000000
-0.000000000000000
0.000000000000000
0.000000000000000
0.000000000000000
-0.000000000000000
0.000000000000000
-0.000000000000000
-0.000000000000001
0.000000000000000
0.000000000000000
-0.000000000000000
-0.000000000000000
0.000000000000000
-0.000000000000000
0.000000000000000
0.000000000000000
-0.000000000000001
0.000000000000000
0.000000000000001
-0.000000000000000
-0.000000000000000
0.000000000000000
-0.000000000000000
0.000000000000001
-0.000000000000001
0.000000000000000
0.000000000000001
-0.000000000000001
0.000000000000001
-0.000000000000001
0.000000000000000
0.000000000000001
-0.000000000000001
-0.000000000000000
0.000000000000000
0.000000000000000
0.000000000000000
-0.000000000000001
0.000000000000000
-0.000000000000000
0.000000000000000
-0.000000000000000
0.000000000000000
-0.000000000000000
0.000000000000000
0.000000000000000
-0.000000000000000
-0.000000000000000
-0.000000000000000
0.000000000000001
-0.000000000000000
0.000000000000000
0.000000000000000
-0.000000000000001
0.000000000000000
0.000000000000000
0.000000000000000
-0.000000000000000
0.000000000000000
0.000000000000000
-0.000000000000000
0.000000000000000
-0.000000000000000
0.000000000000000
-0.000000000000000
-0.000000000000000
0.000000000000000
-0.000000000000000
-0.000000000000000
0.000000000000000
-0.000000000000000
-0.000000000000000
-0.000000000000000
0.000000000000001
-0.000000000000000
-0.000000000000000
-0.000000000000000
-0.000000000000000
0.000000000000001
-0.000000000000000
