0.000000266933080
0.000000545900188
0.000000822534882
0.000001099179570
0.000001379176366
0.000001665811110
0.000001962284571
0.000002271751705
0.000002597362186
0.000002942298262
0.000003309810262
0.000003703250330
0.000004126104915
0.000004582026433
0.000005074864547
0.000005608697373
0.000006187862977
0.000006816991421
0.000007501037647
0.000008245315442
0.000009055532717
0.000009937828331
0.000010898810661
0.000011945598139
0.000013085861947
0.000014327871078
0.000015680539949
0.000017153478780
0.000018757046910
0.000020502409274
0.000022401596213
0.000024467566837
0.000026714276136
0.000029156746039
0.000031811140636
0.000034694845762
0.000037826553164
0.000041226349461
0.000044915810098
0.000048918098539
0.000053258070880
0.000057962386135
0.000063059622376
0.000068580398968
0.000074557505095
0.000081026034791
0.000088023528683
0.000095590122634
0.000103768703491
0.000112605072104
0.000122148113806
0.000132449976491
0.000143566256461
0.000155556192155
0.000168482865878
0.000182413413622
0.000197419243054
0.000213576259703
0.000230965101384
0.000249671380824
0.000269785936464
0.000291405091344
0.000314630919954
0.000339571522892
0.000366341309114
0.000395061285525
0.000425859353604
0.000458870612686
0.000494237669496
0.000532110953429
0.000572649037033
0.000616018961069
0.000662396563447
0.000711966811258
0.000764924135063
0.000821472764463
0.000881827063955
0.000946211867926
0.001014862813571
0.001088026670428
0.001165961665101
0.001248937799657
0.001337237162062
0.001431154226930
0.001530996144731
0.001637083017498
0.001749748158985
0.001869338337059
0.001996213996069
0.002130749456759
0.002273333091222
0.002424367470265
0.002584269480460
0.002753470408031
0.002932415986659
0.003121566406173
0.003321396279008
0.003532394561232
0.003755064424881
0.003989923078244
0.004237501530725
0.004498344298830
0.004773009049811
0.005062066179470
0.005366098320623
0.005685699778727
0.006021475891198
0.006374042306996
0.006744024183097
0.007132055294560
0.007538777054996
0.007964837444372
0.008410889841200
0.008877591756365
0.009365603466008
0.009875586541103
0.010408202271633
0.010964109983484
0.011543965246550
0.012148417972791
0.012778110403399
0.013433674984567
0.014115732131803
0.014824887883134
0.015561731442062
0.016326832611570
0.017120739121072
0.017943973848695
0.018797031941896
0.019680377840013
0.020594442202978
0.021539618751071
0.022516261021282
0.023524679046520
0.024565135964635
0.025637844564948
0.026742963780693
0.027880595136574
0.029050779161330
0.030253491776012
0.031488640669406
0.032756061672775
0.034055515146873
0.035386682394875
0.036749162115613
0.038142466912165
0.039566019871550
0.041019151231881
0.042501095153948
0.044010986614745
0.045547858440981
0.047110638501059
0.048698147074430
0.050309094417529
0.051942078545821
0.053595583251656
0.055267976377745
0.056957508366139
0.058662311102518
0.060380397075460
0.062109658870131
0.063847869015504
0.065592680203736
0.067341625899841
0.069092121359062
0.070841465068650
0.072586840629796
0.074325319094497
0.076053861770997
0.077769323510199
0.079468456484081
0.081147914465674
0.082804257618546
0.084433957802047
0.086033404396738
0.087598910652477
0.089126720559652
0.090613016241852
0.092053925866119
0.093445532064546
0.094783880858655
0.096064991075499
0.097284864241947
0.098439494941011
0.099524881611496
0.100537037769624
0.101472003628593
0.102325858089434
0.103094731073837
0.103774816167008
0.104362383536057
0.104853793086824
0.105245507819644
0.105534107342120
0.105716301494685
0.105788944042577
0.105749046385754
0.105593791236406
0.105320546211937
0.104926877289696
0.104410562068385
0.103769602779827
0.103002238993808
0.102106959957969
0.101082516514183
0.099927932532600
0.098642515804531
0.097225868335617
0.095677895981247
0.093998817367049
0.092189172038380
0.090249827784139
0.088181987081963
0.085987192613883
0.083667331803768
0.081224640330573
0.078661704574229
0.075981462954250
0.073187206124571
0.070282575991873
0.067271563528659
0.064158505356574
0.060948079079965
0.057645297354347
0.054255500679389
0.050784348911057
0.047237811492865
0.043622156411495
0.039943937887637
0.036209982818402
0.032427375993407
0.028603444112261
0.024745738636944
0.020862017518242
0.016960225841054
0.013048475438960
0.009135023533915
0.005228250462266
0.001336636553462
-0.002531261767224
-0.006366836575847
-0.010161453666242
-0.013906478300973
-0.017593301408059
-0.021213366131195
-0.024758194637974
-0.028219415087757
-0.031588788658435
-0.034858236529307
-0.038019866715730
-0.041066000650099
-0.043989199403054
-0.046782289438690
-0.049438387797841
-0.051950926604367
-0.054313676790691
-0.056520770940675
-0.058566725150252
-0.060446459809060
-0.062155319209648
-0.063689089894610
-0.065044017656273
-0.066216823108284
-0.067204715753556
-0.068005406478631
-0.068617118410439
-0.069038596077728
-0.069269112826121
-0.069308476442658
-0.069157032952953
-0.068815668561499
-0.068285809713377
-0.067569421263417
-0.066669002746826
-0.065587582753379
-0.064328711415315
-0.062896451027259
-0.061295364824494
-0.059530503953996
-0.057607392680447
-0.055532011877276
-0.053310780860239
-0.050950537628416
-0.048458517584515
-0.045842330813133
-0.043109938001980
-0.040269625097109
-0.037329976788814
-0.034299848929980
-0.031188339993425
-0.028004761678952
-0.024758608784554
-0.021459528459375
-0.018117288958658
-0.014741748022992
-0.011342821005633
-0.007930448872623
-0.004514566200748
-0.001105069298133
0.002288215428566
0.005655562737803
0.008987379327041
0.012274233998826
0.015506887104069
0.018676319151123
0.021773758473345
0.024790707852440
0.027718969999857
0.030550671804030
0.033278287257056
0.035894658980666
0.038393018277870
0.040767003643510
0.043010677674085
0.045118542324507
0.047085552466991
0.048907127714919
0.050579162482290
0.052098034257186
0.053460610075531
0.054664251189263
0.055706815930796
0.056586660783340
0.057302639674222
0.057854101515676
0.058240886024795
0.058463317861272
0.058522199128217
0.058418800287715
0.058154849548824
0.057732520791432
0.057154420094681
0.056423570943588
0.055543398192000
0.054517710864087
0.053350683880173
0.052046838795921
0.050611023646515
0.049048391989759
0.047364381243735
0.045564690415960
0.043655257321746
0.041642235389842
0.039531970153273
0.037330975522745
0.035045909938929
0.032683552498520
0.030250779147109
0.027754539029638
0.025201831086614
0.022599680981272
0.019955118439582
0.017275155081393
0.014566762817122
0.011836852880257
0.009092255561576
0.006339700706437
0.003585799031731
0.000837024314235
-0.001900303502909
-0.004620034243944
-0.007316202437961
-0.009983041228773
-0.012614995231026
-0.015206732311588
-0.017753154280352
-0.020249406479623
-0.022690886266249
-0.025073250385464
-0.027392421240128
-0.029644592063610
-0.031826231008914
-0.033934084170846
-0.035965177561997
-0.037916818067093
-0.039786593403753
-0.041572371121056
-0.043272296670275
-0.044884790584996
-0.046408544810304
-0.047842518223023
-0.049185931386933
-0.050438260588660
-0.051599231201334
-0.052668810424339
-0.053647199448366
-0.054534825095660
-0.055332330985760
-0.056040568277200
-0.056660586035554
-0.057193621277937
-0.057641088743525
-0.058004570438954
-0.058285805006538
-0.058486676962144
-0.058609205848277
-0.058655535346504
-0.058627922391792
-0.058528726329587
-0.058360398154677
-0.058125469868941
-0.057826543993059
-0.057466283265188
-0.057047400557435
-0.056572649038785
-0.056044812610855
-0.055466696640638
-0.054841119012090
-0.054170901516150
-0.053458861596528
-0.052707804466348
-0.051920515608543
-0.051099753670709
-0.050248243763030
-0.049368671165830
-0.048463675451304
-0.047535845022077
-0.046587712067398
-0.045621747936017
-0.044640358923131
-0.043645882467208
-0.042640583751030
-0.041626652699895
-0.040606201368668
-0.039581261708158
-0.038553783700254
-0.037525633850258
-0.036498594023983
-0.035474360616420
-0.034454544038097
-0.033440668504683
-0.032434172114897
-0.031436407201429
-0.030448640939216
-0.029472056195286
-0.028507752604168
-0.027556747852897
-0.026619979159581
-0.025698304929665
-0.024792506574139
-0.023903290474160
-0.023031290076873
-0.022177068107483
-0.021341118883060
-0.020523870713964
-0.019725688379205
-0.018946875662599
-0.018187677937055
-0.017448284784902
-0.016728832642729
-0.016029407459788
-0.015350047359624
-0.014690745295186
-0.014051451688311
-0.013432077045075
-0.012832494539116
-0.012252542555674
-0.011692027189679
-0.011150724691814
-0.010628383857093
-0.010124728351043
-0.009639458969155
-0.009172255825801
-0.008722780469357
-0.008290677920745
-0.007875578633133
-0.007477100370951
-0.007094850006869
-0.006728425235742
-0.006377416204984
-0.006041407061140
-0.005719977412828
-0.005412703710493
-0.005119160543752
-0.004838921857360
-0.004571562087075
-0.004316657216961
-0.004073785759810
-0.003842529662613
-0.003622475139133
-0.003413213431773
-0.003214341505081
-0.003025462673309
-0.002846187164534
-0.002676132623933
-0.002514924558831
-0.002362196728192
-0.002217591479251
-0.002080760033974
-0.001951362728042
-0.001829069205046
-0.001713558568537
-0.001604519494555
-0.001501650307217
-0.001404659019871
-0.001313263344301
-0.001227190670374
-0.001146178018456
-0.001069971966856
-0.000998328556482
-0.000931013174797
-0.000867800421081
-0.000808473954941
-0.000752826329893
-0.000700658813771
-0.000651781197609
-0.000606011594601
-0.000563176230573
-0.000523109227409
-0.000485652380705
-0.000450654932895
-0.000417973342982
-0.000387471053927
-0.000359018258695
-0.000332491665837
-0.000307774265465
-0.000284755096350
-0.000263329014859
-0.000243396466346
-0.000224863259553
-0.000207640344527
-0.000191643594517
-0.000176793592200
-0.000163015420637
-0.000150238459205
-0.000138396184763
-0.000127425978295
-0.000117268937143
-0.000107869693013
-0.000099176235820
-0.000091139743454
-0.000083714417505
-0.000076857324958
-0.000070528245851
-0.000064689526855
-0.000059305940742
-0.000054344551649
-0.000049774586079
-0.000045567309512
-0.000041695908552
-0.000038135378444
-0.000034862415879
-0.000031855316911
-0.000029093879865
-0.000026559313079
-0.000024234147321
-0.000022102152749
-0.000020148260219
-0.000018358486822
-0.000016719865458
-0.000015220378303
-0.000013848894018
-0.000012595108520
-0.000011449489189
-0.000010403222333
-0.000009448163780
-0.000008576792439
-0.000007782166698
-0.000007057883506
-0.000006398040017
-0.000005797197663
-0.000005250348517
-0.000004752883841
-0.000004300564688
-0.000003889494450
-0.000003516093245
-0.000003177074027
-0.000002869420332
-0.000002590365561
-0.000002337373698
-0.000002108121392
-0.000001900481302
-0.000001712506641
-0.000001542416836
-0.000001388584232
-0.000001249521778
-0.000001123871621
-0.000001010394561
-0.000000907960294
-0.000000815538404
-0.000000732190045
-0.000000657060263
-0.000000589370921
-0.000000528414171
-0.000000473546457
-0.000000424182984
-0.000000379792634
-0.000000339893302
-0.000000304047597
-0.000000271858909
-0.000000242967794
-0.000000217048668
-0.000000193806763
-0.000000172975359
-0.000000154313238
-0.000000137602358
-0.000000122645729
-0.000000109265474
-0.000000097301059
-0.000000086607675
-0.000000077054765
-0.000000068524684
-0.000000060911475
-0.000000054119754
-0.000000048063705
-0.000000042666157
-0.000000037857746
-0.000000033576160
-0.000000029765450
-0.000000026375404
-0.000000023360984
-0.000000020681813
-0.000000018301707
-0.000000016188262
-0.000000014312471
-0.000000012648377
-0.000000011172771
-0.000000009864908
-0.000000008706252
-0.000000007680256
-0.000000006772147
-0.000000005968750
-0.000000005258319
-0.000000004630383
-0.000000004075619
-0.000000003585725
-0.000000003153313
-0.000000002771815
-0.000000002435388
-0.000000002138844
-0.000000001877575
-0.000000001647489
-0.000000001444958
-0.000000001266763
-0.000000001110050
-0.000000000972294
-0.000000000851255
-0.000000000744955
-0.000000000651640
-0.000000000569762
-0.000000000497952
-0.000000000434999
-0.000000000379837
-0.000000000331525
-0.000000000289229
-0.000000000252218
-0.000000000219846
-0.000000000191544
-0.000000000166812
-0.000000000145209
-0.000000000126349
-0.000000000109889
-0.000000000095532
-0.000000000083014
-0.000000000072105
-0.000000000062601
-0.000000000054326
-0.000000000047125
-0.000000000040860
-0.000000000035412
-0.000000000030677
-0.000000000026564
-0.000000000022992
-0.000000000019892
-0.000000000017202
-0.000000000014869
-0.000000000012847
-0.000000000011095
-0.000000000009578
-0.000000000008265
-0.000000000007129
-0.000000000006146
-0.000000000005296
-0.000000000004562
-0.000000000003927
-0.000000000003380
-0.000000000002908
-0.000000000002500
-0.000000000002149
-0.000000000001846
-0.000000000001585
-0.000000000001361
-0.000000000001168
-0.000000000001002
-0.000000000000858
-0.000000000000736
-0.000000000000630
-0.000000000000539
-0.000000000000462
-0.000000000000395
-0.000000000000338
-0.000000000000289
-0.000000000000246
-0.000000000000210
-0.000000000000180
-0.000000000000153
-0.000000000000130
-0.000000000000111
-0.000000000000095
-0.000000000000081
-0.000000000000069
-0.000000000000058
-0.000000000000050
-0.000000000000042
-0.000000000000036
-0.000000000000031
-0.000000000000026
-0.000000000000022
-0.000000000000018
-0.000000000000016
-0.000000000000014
-0.000000000000011
-0.000000000000010
-0.000000000000008
-0.000000000000007
-0.000000000000006
-0.000000000000005
-0.000000000000004
-0.000000000000003
-0.000000000000003
-0.000000000000003
-0.000000000000002
-0.000000000000002
-0.000000000000002
-0.000000000000001
-0.000000000000001
-0.000000000000001
-0.000000000000001
-0.000000000000000
-0.000000000000001
-0.000000000000000
-0.000000000000000
-0.000000000000001
-0.000000000000000
0.000000000000000
-0.000000000000000
-0.000000000000000
-0.000000000000000
-0.000000000000000
-0.000000000000000
-0.000000000000000
0.000000000000000
0.000000000000001
0.000000000000000
-0.000000000000001
-0.000000000000001
0.000000000000000
0.000000000000001
0.000000000000000
-0.000000000000000
-0.000000000000000
0.000000000000000
-0.000000000000000
-0.000000000000000
0.000000000000000
0.000000000000000
-0.000000000000000
-0.000000000000000
0.000000000000000
0.000000000000000
-0.000000000000000
0.000000000000000
-0.000000000000000
-0.000000000000000
0.000000000000000
-0.000000000000000
0.000000000000000
-0.000000000000000
-0.000000000000000
0.000000000000000
-0.000000000000000
0.000000000000000
-0.000000000000000
-0.000000000000000
0.000000000000000
0.000000000000000
0.000000000000000
-0.000000000000000
-0.000000000000000
-0.000000000000000
0.000000000000000
0.000000000000000
0.000000000000000
0.000000000000000
-0.000000000000000
-0.000000000000000
0.000000000000000
0.000000000000000
0.000000000000000
0.000000000000000
-0.000000000000000
0.000000000000000
-0.000000000000000
-0.000000000000000
0.000000000000000
0.000000000000000
-0.000000000000000
0.000000000000000
-0.000000000000000
-0.000000000000000
0.000000000000000
0.000000000000000
0.000000000000000
-0.000000000000000
0.000000000000000
-0.000000000000000
-0.000000000000000
-0.000000000000000
0.000000000000000
0.000000000000000
-0.000000000000000
-0.000000000000000
0.000000000000000
0.000000000000000
0.000000000000000
0.000000000000000
-0.000000000000000
-0.000000000000000
-0.000000000000000
0.000000000000000
0.000000000000000
-0.000000000000000
-0.000000000000000
0.000000000000000
-0.000000000000000
-0.000000000000000
0.000000000000000
0.000000000000000
-0.000000000000000
0.000000000000000
0.000000000000000
-0.000000000000001
0.000000000000000
0.000000000000000
0.000000000000000
0.000000000000000
-0.000000000000000
-0.000000000000000
0.000000000000000
0.000000000000000
0.000000000000000
-0.000000000000000
-0.000000000000000
0.000000000000000
0.000000000000000
-0.000000000000000
-0.000000000000000
0.000000000000000
0.000000000000000
0.000000000000000
-0.000000000000000
-0.000000000000000
-0.000000000000000
0.000000000000000
0.000000000000000
-0.000000000000000
0.000000000000000
-0.000000000000000
-0.000000000000000
-0.000000000000000
0.000000000000000
0.000000000000000
0.000000000000000
-0.000000000000000
-0.000000000000000
0.000000000000000
0.000000000000000
0.000000000000000
0.000000000000000
-0.000000000000000
-0.000000000000000
0.000000000000000
0.000000000000000
-0.000000000000000
0.000000000000000
-0.000000000000000
-0.000000000000000
0.000000000000000
0.000000000000000
-0.000000000000000
-0.000000000000000
0.000000000000000
-0.000000000000000
-0.000000000000000
0.000000000000000
0.000000000000000
0.000000000000000
0.000000000000000
-0.000000000000001
0.000000000000000
0.000000000000000
0.000000000000000
-0.000000000000000
-0.000000000000000
-0.000000000000000
0.000000000000000
-0.000000000000000
0.000000000000000
0.000000000000000
-0.000000000000000
-0.000000000000000
-0.000000000000000
0.000000000000000
0.000000000000001
-0.000000000000000
-0.000000000000000
-0.000000000000000
0.000000000000000
0.000000000000000
-0.000000000000000
-0.000000000000000
0.000000000000000
-0.000000000000000
-0.000000000000000
0.000000000000000
0.000000000000000
0.000000000000000
-0.000000000000000
0.000000000000000
0.000000000000000
-0.000000000000000
0.000000000000000
0.000000000000000
0.000000000000000
-0.000000000000000
-0.000000000000000
0.000000000000000
-0.000000000000000
0.000000000000000
-0.000000000000000
0.000000000000000
0.000000000000000
-0.000000000000000
0.000000000000000
-0.000000000000000
0.000000000000000
-0.000000000000000
-0.000000000000000
0.000000000000000
-0.000000000000000
0.000000000000000
0.000000000000000
-0.000000000000000
-0.000000000000000
-0.000000000000000
0.000000000000000
0.000000000000000
-0.000000000000000
-0.000000000000000
0.000000000000001
-0.000000000000000
-0.000000000000000
0.000000000000000
0.000000000000000
0.000000000000000
-0.000000000000000
-0.000000000000000
0.000000000000000
-0.000000000000000
0.000000000000000
-0.000000000000000
0.000000000000000
0.000000000000000
-0.000000000000001
0.000000000000000
0.000000000000000
0.000000000000000
0.000000000000000
-0.000000000000000
0.000000000000000
0.000000000000000
-0.000000000000000
0.000000000000000
0.000000000000001
-0.000000000000000
-0.000000000000001
-0.000000000000000
0.000000000000000
0.000000000000001
-0.000000000000001
-0.000000000000001
0.000000000000000
0.000000000000000
0.000000000000000
-0.000000000000000
0.000000000000000
-0.000000000000000
0.000000000000000
0.000000000000000
-0.000000000000000
-0.000000000000000
-0.000000000000000
-0.000000000000000
0.000000000000000
0.000000000000000
-0.000000000000000
-0.000000000000000
-0.000000000000000
0.000000000000000
0.000000000000000
-0.000000000000000
-0.000000000000000
-0.000000000000000
0.000000000000000
0.000000000000000
-0.000000000000000
-0.000000000000000
-0.000000000000000
0.000000000000000
0.000000000000000
0.000000000000000
-0.000000000000000
-0.000000000000001
0.000000000000000
0.000000000000000
-0.000000000000000
-0.000000000000000
-0.000000000000000
-0.000000000000000
0.000000000000001
-0.000000000000000
-0.000000000000000
-0.000000000000000
0.000000000000000
0.000000000000000
-0.000000000000000
-0.000000000000000
0.000000000000000
0.000000000000000
-0.000000000000000
-0.000000000000000
-0.000000000000000
0.000000000000000
0.000000000000000
0.000000000000000
-0.000000000000000
-0.000000000000000
-0.000000000000000
-0.000000000000000
-0.000000000000000
-0.000000000000000
0.000000000000001
-0.000000000000000
-0.000000000000001
0.000000000000000
0.000000000000001
-0.000000000000000
0.000000000000000
-0.000000000000001
0.000000000000000
0.000000000000000
0.000000000000001
-0.000000000000000
-0.000000000000000
0.000000000000000
-0.000000000000000
0.000000000000000
0.000000000000000
0.000000000000000
-0.000000000000001
-0.000000000000000
0.000000000000000
0.000000000000000
0.000000000000000
-0.000000000000000
-0.000000000000000
0.000000000000000
0.000000000000000
0.000000000000000
0.000000000000000
0.000000000000000
-0.000000000000000
0.000000000000000
0.000000000000000
0.000000000000000
0.000000000000000
-0.000000000000000
0.000000000000000
0.000000000000000
-0.000000000000000
-0.000000000000000
-0.000000000000000
0.000000000000000
0.000000000000000
-0.000000000000000
-0.000000000000000
0.000000000000000
-0.000000000000000
0.000000000000000
-0.000000000000000
0.000000000000000
-0.000000000000000
-0.000000000000000
0.000000000000000
0.000000000000000
0.000000000000000
-0.000000000000001
0.000000000000000
0.000000000000000
-0.000000000000000
0.000000000000000
-0.000000000000000
0.000000000000000
-0.000000000000000
-0.000000000000000
0.000000000000000
-0.000000000000000
0.000000000000000
-0.000000000000000
-0.000000000000000
0.000000000000001
0.000000000000000
-0.000000000000000
-0.000000000000000
0.000000000000000
0.000000000000000
-0.000000000000000
-0.000000000000000
0.000000000000000
-0.000000000000000
0.000000000000000
-0.000000000000000
0.000000000000000
0.000000000000000
0.000000000000000
-0.000000000000001
0.000000000000001
-0.000000000000001
0.000000000000000
-0.000000000000000
0.000000000000001
0.000000000000001
-0.000000000000000
-0.000000000000001
-0.000000000000000
0.000000000000000
-0.000000000000000
0.000000000000001
-0.000000000000001
-0.000000000000000
-0.000000000000000
0.000000000000000
0.000000000000000
-0.000000000000000
-0.000000000000000
-0.000000000000000
0.000000000000000
0.000000000000000
0.000000000000000
0.000000000000000
-0.000000000000000
0.000000000000000
-0.000000000000000
0.000000000000000
0.000000000000000
-0.000000000000000
0.000000000000000
-0.000000000000000
0.000000000000000
-0.000000000000000
0.000000000000001
-0.000000000000000
0.000000000000000
-0.000000000000000
-0.000000000000001
0.000000000000000
0.000000000000001
-0.000000000000000
0.000000000000000
-0.000000000000000
-0.000000000000000
0.000000000000000
-0.000000000000001
0.000000000000001
-0.000000000000001
0.000000000000000
-0.000000000000000
0.000000000000000
0.000000000000000
0.000000000000000
0.000000000000000
-0.000000000000000
-0.000000000000000
0.000000000000001
-0.000000000000000
-0.000000000000000
0.000000000000000
0.000000000000000
-0.000000000000000
-0.000000000000000
-0.000000000000000
0.000000000000000
-0.000000000000000
0.000000000000000
-0.000000000000000
-0.000000000000000
0.000000000000000
0.000000000000000
0.000000000000000
0.000000000000000
-0.000000000000001
0.000000000000000
0.000000000000000
-0.000000000000000
0.000000000000000
-0.000000000000000
-0.000000000000000
-0.000000000000000
0.000000000000001
-0.000000000000000
0.000000000000000
-0.000000000000000
-0.000000000000001
0.000000000000001
0.000000000000000
-0.000000000000001
0.000000000000000
-0.000000000000000
0.000000000000000
0.000000000000000
-0.000000000000000
0.000000000000000
0.000000000000000
-0.000000000000000
0.000000000000000
-0.000000000000001
0.000000000000000
0.000000000000001
0.000000000000000
-0.000000000000001
-0.000000000000000
0.000000000000000
0.000000000000000
-0.000000000000000
