0.000000001272278
0.000000002605059
0.000000003933059
0.000000005270596
0.000000006636792
0.000000008050618
0.000000009530844
0.000000011096305
0.000000012766176
0.000000014560234
0.000000016499114
0.000000018604555
0.000000020899651
0.000000023409108
0.000000026159498
0.000000029179531
0.000000032500337
0.000000036155762
0.000000040182684
0.000000044621350
0.000000049515738
0.000000054913941
0.000000060868591
0.000000067437303
0.000000074683169
0.000000082675283
0.000000091489309
0.000000101208108
0.000000111922402
0.000000123731506
0.000000136744113
0.000000151079150
0.000000166866701
0.000000184249010
0.000000203381567
0.000000224434285
0.000000247592768
0.000000273059684
0.000000301056257
0.000000331823872
0.000000365625805
0.000000402749103
0.000000443506606
0.000000488239123
0.000000537317793
0.000000591146611
0.000000650165161
0.000000714851555
0.000000785725596
0.000000863352177
0.000000948344939
0.000001041370195
0.000001143151153
0.000001254472435
0.000001376184936
0.000001509211024
0.000001654550118
0.000001813284662
0.000001986586511
0.000002175723773
0.000002382068112
0.000002607102560
0.000002852429858
0.000003119781354
0.000003411026498
0.000003728182964
0.000004073427436
0.000004449107089
0.000004857751807
0.000005302087182
0.000005785048326
0.000006309794548
0.000006879724932
0.000007498494863
0.000008170033558
0.000008898562635
0.000009688615774
0.000010545059541
0.000011473115389
0.000012478382933
0.000013566864522
0.000014744991180
0.000016019649968
0.000017398212829
0.000018888566974
0.000020499146864
0.000022238967865
0.000024117661611
0.000026145513164
0.000028333500020
0.000030693333010
0.000033237499192
0.000035979306755
0.000038932932022
0.000042113468609
0.000045536978783
0.000049220547092
0.000053182336311
0.000057441645761
0.000062018972054
0.000066936072296
0.000072216029815
0.000077883322435
0.000083963893329
0.000090485224506
0.000097476412925
0.000104968249281
0.000112993299461
0.000121585988686
0.000130782688336
0.000140621805447
0.000151143874856
0.000162391653990
0.000174410220242
0.000187247070891
0.000200952225518
0.000215578330844
0.000231180767905
0.000247817761474
0.000265550491622
0.000284443207298
0.000304563341784
0.000325981629886
0.000348772226673
0.000373012827598
0.000398784789789
0.000426173254288
0.000455267269005
0.000486159912122
0.000518948415678
0.000553734289030
0.000590623441879
0.000629726306513
0.000671157958921
0.000715038238388
0.000761491865173
0.000810648555848
0.000862643135848
0.000917615648777
0.000975711461968
0.001037081367808
0.001101881680280
0.001170274326181
0.001242426930461
0.001318512895064
0.001398711470699
0.001483207820890
0.001572193077685
0.001665864388353
0.001764424952413
0.001868084048299
0.001977057048976
0.002091565425806
0.002211836739937
0.002338104620522
0.002470608729022
0.002609594708885
0.002755314119879
0.002908024356343
0.003067988548663
0.003235475447253
0.003410759288354
0.003594119640961
0.003785841234223
0.003986213764669
0.004195531682639
0.004414093957328
0.004642203819875
0.004880168483981
0.005128298843551
0.005386909146908
0.005656316647187
0.005936841228535
0.006228805007823
0.006532531911614
0.006848347228196
0.007176577134557
0.007517548198234
0.007871586854051
0.008239018855827
0.008620168703213
0.009015359043899
0.009424910051506
0.009849138779593
0.010288358492244
0.010742877971861
0.011213000804810
0.011699024645723
0.012201240461325
0.012719931754747
0.013255373771421
0.013807832687708
0.014377564783552
0.014964815600534
0.015569819086793
0.016192796730409
0.016833956682910
0.017493492874705
0.018171584124273
0.018868393243123
0.019584066138550
0.020318730916346
0.021072496985692
0.021845454168544
0.022637671815901
0.023449197933409
0.024280058318818
0.025130255713889
0.025999768973372
0.026888552253736
0.027796534224384
0.028723617304084
0.029669676925406
0.030634560829945
0.031618088397129
0.032620050009408
0.033640206456585
0.034678288382081
0.035733995773817
0.036806997502439
0.037896930909484
0.039003401448084
0.040125982378681
0.041264214522190
0.042417606072906
0.043585632473385
0.044767736353403
0.045963327534943
0.047171783105092
0.048392447558498
0.049624633010958
0.050867619485502
0.052120655272175
0.053382957362541
0.054653711959741
0.055932075064737
0.057217173139182
0.058508103845109
0.059803936861480
0.061103714777338
0.062406454061142
0.063711146105589
0.065016758347038
0.066322235458360
0.067626500613859
0.068928456824624
0.070226988342474
0.071520962130386
0.072809229397093
0.074090627193290
0.075363980066664
0.076628101772748
0.077881797038371
0.079123863374272
0.080353092933263
0.081568274410095
0.082768194979026
0.083951642264909
0.085117406343461
0.086264281766196
0.087391069605413
0.088496579514452
0.089579631798378
0.090639059490093
0.091673710426840
0.092682449321997
0.093664159826959
0.094617746577943
0.095542137222475
0.096436284420354
0.097299167813882
0.098129795962205
0.098927208234626
0.099690476657882
0.100418707712386
0.101111044072595
0.101766666286771
0.102384794391526
0.102964689456701
0.103505655056311
0.104007038661443
0.104468232951232
0.104888677038211
0.105267857604584
0.105605309946201
0.105900618921263
0.106153419801045
0.106363399020204
0.106530294824496
0.106653897814060
0.106734051380658
0.106770652037615
0.106763649641488
0.106713047504790
0.106618902399427
0.106481324450807
0.106300476922903
0.106076575894847
0.105809889829964
0.105500739038443
0.105149495035156
0.104756579794431
0.104322464903874
0.103847670619617
0.103332764825644
0.102778361900126
0.102185121491913
0.101553747210624
0.100884985233967
0.100179622836152
0.099438486841474
0.098662442007311
0.097852389340985
0.097009264355052
0.096134035265778
0.095227701139642
0.094291289992838
0.093325856848845
0.092332481759184
0.091312267792562
0.090266338997639
0.089195838344664
0.088101925651238
0.086985775497458
0.085848575135656
0.084691522399901
0.083515823620390
0.082322691547721
0.081113343292040
0.079888998281847
0.078650876247190
0.077400195231814
0.076138169638687
0.074866008313156
0.073584912667840
0.072296074853142
0.071000675977104
0.069699884378122
0.068394853953799
0.067086722549033
0.065776610406202
0.064465618680061
0.063154828019771
0.061845297220188
0.060538061944368
0.059234133518951
0.057934497803857
0.056640114137526
0.055351914358608
0.054070801904884
0.052797650989862
0.051533305857324
0.050278580113837
0.049034256139059
0.047801084573400
0.046579783882444
0.045371039997294
0.044175506029830
0.042993802061674
0.041826515005479
0.040674198536989
0.039537373096168
0.038416525955521
0.037312111353616
0.036224550691672
0.035154232790969
0.034101514208712
0.033066719609895
0.032050142192624
0.031052044164282
0.030072657265837
0.029112183341564
0.028170794951399
0.027248636023089
0.026345822541318
0.025462443270930
0.024598560511409
0.023754210879736
0.022929406118813
0.022124133928607
0.021338358817233
0.020572022969251
0.019825047128439
0.019097331492422
0.018388756616561
0.017699184324581
0.017028458623484
0.016376406620399
0.015742839439044
0.015127553133642
0.014530329598144
0.013950937468759
0.013389133017879
0.012844661037550
0.012317255710809
0.011806641469232
0.011312533835208
0.010834640247514
0.010372660868903
0.009926289374480
0.009495213719805
0.009079116887707
0.008677677612924
0.008290571083795
0.007917469620290
0.007558043327806
0.007211960726219
0.006878889353792
0.006558496345611
0.006250448986325
0.005954415237048
0.005670064236331
0.005397066775233
0.005135095746557
0.004883826568407
0.004642937582267
0.004412110425893
0.004191030381327
0.003979386698446
0.003776872894455
0.003583187029817
0.003398031961139
0.003221115571586
0.003052150979392
0.002890856725127
0.002736956938346
0.002590181484317
0.002450266091504
0.002316952460548
0.002189988355444
0.002069127677674
0.001954130524039
0.001844763228932
0.001740798391814
0.001642014890654
0.001548197882065
0.001459138788907
0.001374635276067
0.001294491215179
0.001218516638977
0.001146527686005
0.001078346536367
0.001013801339206
0.000952726132556
0.000894960756234
0.000840350758369
0.000788747296203
0.000740007031720
0.000693992022689
0.000650569609653
0.000609612299378
0.000570997645269
0.000534608125236
0.000500331017433
0.000468058274340
0.000437686395564
0.000409116299750
0.000382253195979
0.000357006454986
0.000333289480504
0.000311019581055
0.000290117842449
0.000270509001253
0.000252121319468
0.000234886460632
0.000218739367544
0.000203618141797
0.000189463925279
0.000176220783791
0.000163835592914
0.000152257926242
0.000141439946070
0.000131336296655
0.000121904000084
0.000113102354840
0.000104892837106
0.000097239004846
0.000090106404691
0.000083462481644
0.000077276491628
0.000071519416854
0.000066163884025
0.000061184085349
0.000056555702338
0.000052255832375
0.000048262918007
0.000044556678931
0.000041118046629
0.000037929101600
0.000034973013155
0.000032233981692
0.000029697183434
0.000027348717531
0.000025175555493
0.000023165492881
0.000021307103194
0.000019589693886
0.000018003264445
0.000016538466480
0.000015186565730
0.000013939405951
0.000012789374593
0.000011729370215
0.000010752771578
0.000009853408331
0.000009025533248
0.000008263795941
0.000007563217992
0.000006919169440
0.000006327346575
0.000005783750964
0.000005284669672
0.000004826656607
0.000004406514947
0.000004021280595
0.000003668206609
0.000003344748557
0.000003048550769
0.000002777433404
0.000002529380337
0.000002302527778
0.000002095153614
0.000001905667422
0.000001732601123
0.000001574600233
0.000001430415689
0.000001298896202
0.000001178981128
0.000001069693803
0.000000970135331
0.000000879478798
0.000000796963871
0.000000721891778
0.000000653620635
0.000000591561099
0.000000535172327
0.000000483958225
0.000000437463962
0.000000395272741
0.000000357002799
0.000000322304629
0.000000290858412
0.000000262371631
0.000000236576867
0.000000213229765
0.000000192107150
0.000000173005284
0.000000155738270
0.000000140136563
0.000000126045606
0.000000113324571
0.000000101845203
0.000000091490750
0.000000082154985
0.000000073741294
0.000000066161859
0.000000059336886
0.000000053193909
0.000000047667145
0.000000042696913
0.000000038229084
0.000000034214595
0.000000030608989
0.000000027372008
0.000000024467207
0.000000021861612
0.000000019525405
0.000000017431629
0.000000015555930
0.000000013876311
0.000000012372917
0.000000011027834
0.000000009824906
0.000000008749569
0.000000007788698
0.000000006930478
0.000000006164268
0.000000005480496
0.000000004870552
0.000000004326698
0.000000003841979
0.000000003410149
0.000000003025602
0.000000002683306
0.000000002378749
0.000000002107886
0.000000001867091
0.000000001653118
0.000000001463060
0.000000001294317
0.000000001144561
0.000000001011713
0.000000000893914
0.000000000789503
0.000000000696999
0.000000000615078
0.000000000542561
0.000000000478395
0.000000000421643
0.000000000371469
0.000000000327130
0.000000000287964
0.000000000253382
0.000000000222861
0.000000000195935
0.000000000172191
0.000000000151261
0.000000000132820
0.000000000116579
0.000000000102282
0.000000000089701
0.000000000078635
0.000000000068906
0.000000000060354
0.000000000052842
0.000000000046247
0.000000000040458
0.000000000035378
0.000000000030924
0.000000000027019
0.000000000023598
0.000000000020600
0.000000000017977
0.000000000015681
0.000000000013672
0.000000000011916
0.000000000010382
0.000000000009041
0.000000000007870
0.000000000006847
0.000000000005955
0.000000000005178
0.000000000004500
0.000000000003909
0.000000000003394
0.000000000002946
0.000000000002555
0.000000000002216
0.000000000001921
0.000000000001664
0.000000000001442
0.000000000001249
0.000000000001081
0.000000000000934
0.000000000000808
0.000000000000698
0.000000000000604
0.000000000000522
0.000000000000450
0.000000000000388
0.000000000000334
0.000000000000288
0.000000000000249
0.000000000000215
0.000000000000185
0.000000000000159
0.000000000000136
0.000000000000117
0.000000000000101
0.000000000000087
0.000000000000075
0.000000000000064
0.000000000000055
0.000000000000046
0.000000000000040
0.000000000000035
0.000000000000030
0.000000000000026
0.000000000000021
0.000000000000018
0.000000000000016
0.000000000000013
0.000000000000012
0.000000000000010
0.000000000000009
0.000000000000007
0.000000000000006
0.000000000000005
0.000000000000004
0.000000000000004
0.000000000000004
0.000000000000003
0.000000000000002
0.000000000000002
0.000000000000002
0.000000000000002
0.000000000000002
0.000000000000001
0.000000000000001
0.000000000000001
0.000000000000000
0.000000000000000
0.000000000000001
0.000000000000001
0.000000000000000
0.000000000000000
-0.000000000000000
0.000000000000000
0.000000000000001
0.000000000000000
0.000000000000000
-0.000000000000000
0.000000000000000
0.000000000000000
0.000000000000000
0.000000000000000
-0.000000000000000
-0.000000000000000
0.000000000000000
0.000000000000000
-0.000000000000000
0.000000000000000
-0.000000000000000
-0.000000000000000
0.000000000000000
-0.000000000000000
0.000000000000000
-0.000000000000000
0.000000000000000
0.000000000000000
0.000000000000000
-0.000000000000000
-0.000000000000000
0.000000000000000
0.000000000000000
0.000000000000000
-0.000000000000000
-0.000000000000000
0.000000000000000
0.000000000000000
0.000000000000000
-0.000000000000000
-0.000000000000000
-0.000000000000000
-0.000000000000000
0.000000000000000
0.000000000000000
-0.000000000000000
0.000000000000000
0.000000000000000
-0.000000000000000
-0.000000000000000
0.000000000000000
0.000000000000000
0.000000000000000
-0.000000000000000
-0.000000000000000
-0.000000000000000
0.000000000000000
-0.000000000000000
0.000000000000000
0.000000000000000
-0.000000000000000
-0.000000000000000
0.000000000000000
0.000000000000000
-0.000000000000000
0.000000000000000
0.000000000000000
-0.000000000000000
-0.000000000000000
0.000000000000000
0.000000000000000
0.000000000000000
0.000000000000000
-0.000000000000000
-0.000000000000000
0.000000000000000
0.000000000000000
0.000000000000000
-0.000000000000000
-0.000000000000000
-0.000000000000000
-0.000000000000000
0.000000000000000
0.000000000000000
-0.000000000000000
-0.000000000000000
0.000000000000000
0.000000000000000
-0.000000000000000
0.000000000000000
-0.000000000000000
0.000000000000000
0.000000000000000
-0.000000000000000
-0.000000000000000
0.000000000000000
0.000000000000000
-0.000000000000000
0.000000000000000
0.000000000000000
-0.000000000000000
-0.000000000000000
-0.000000000000000
0.000000000000001
0.000000000000000
-0.000000000000000
-0.000000000000000
-0.000000000000000
-0.000000000000000
0.000000000000000
0.000000000000000
-0.000000000000000
-0.000000000000000
-0.000000000000000
0.000000000000000
0.000000000000000
0.000000000000000
-0.000000000000000
-0.000000000000000
-0.000000000000000
0.000000000000000
-0.000000000000000
0.000000000000000
0.000000000000000
-0.000000000000000
-0.000000000000000
-0.000000000000000
-0.000000000000000
0.000000000000000
-0.000000000000000
-0.000000000000000
-0.000000000000000
0.000000000000000
0.000000000000000
0.000000000000000
-0.000000000000000
0.000000000000000
-0.000000000000000
-0.000000000000000
0.000000000000000
0.000000000000000
0.000000000000000
0.000000000000000
-0.000000000000000
-0.000000000000000
0.000000000000000
0.000000000000000
0.000000000000000
-0.000000000000000
0.000000000000000
-0.000000000000000
0.000000000000000
0.000000000000000
0.000000000000000
0.000000000000000
-0.000000000000000
-0.000000000000000
-0.000000000000000
-0.000000000000000
0.000000000000000
0.000000000000000
-0.000000000000000
-0.000000000000000
-0.000000000000000
-0.000000000000000
0.000000000000001
0.000000000000000
-0.000000000000000
-0.000000000000000
-0.000000000000000
0.000000000000001
0.000000000000000
-0.000000000000000
-0.000000000000000
-0.000000000000000
-0.000000000000000
0.000000000000001
0.000000000000000
-0.000000000000000
-0.000000000000000
-0.000000000000000
0.000000000000000
0.000000000000000
0.000000000000000
-0.000000000000000
-0.000000000000000
0.000000000000000
0.000000000000000
-0.000000000000000
-0.000000000000000
0.000000000000000
0.000000000000000
-0.000000000000000
-0.000000000000000
0.000000000000000
0.000000000000000
0.000000000000000
-0.000000000000000
-0.000000000000000
-0.000000000000000
0.000000000000000
-0.000000000000000
0.000000000000000
-0.000000000000000
-0.000000000000000
-0.000000000000000
0.000000000000000
0.000000000000000
0.000000000000000
-0.000000000000000
-0.000000000000000
0.000000000000000
0.000000000000000
-0.000000000000000
-0.000000000000000
0.000000000000000
-0.000000000000000
-0.000000000000000
0.000000000000000
0.000000000000000
0.000000000000000
-0.000000000000000
-0.000000000000000
0.000000000000000
0.000000000000000
-0.000000000000000
0.000000000000000
0.000000000000000
-0.000000000000000
-0.000000000000000
0.000000000000000
0.000000000000000
-0.000000000000000
0.000000000000000
-0.000000000000000
-0.000000000000000
0.000000000000000
0.000000000000000
-0.000000000000000
0.000000000000000
-0.000000000000000
-0.000000000000001
0.000000000000000
0.000000000000000
0.000000000000000
-0.000000000000001
-0.000000000000000
0.000000000000000
0.000000000000000
0.000000000000000
-0.000000000000000
-0.000000000000000
0.000000000000000
-0.000000000000000
0.000000000000000
0.000000000000000
-0.000000000000000
-0.000000000000000
-0.000000000000000
0.000000000000000
0.000000000000000
-0.000000000000000
-0.000000000000000
0.000000000000000
-0.000000000000000
-0.000000000000000
0.000000000000000
0.000000000000000
0.000000000000000
-0.000000000000000
-0.000000000000000
0.000000000000000
0.000000000000000
-0.000000000000000
-0.000000000000000
0.000000000000000
0.000000000000000
-0.000000000000000
0.000000000000000
-0.000000000000000
0.000000000000000
0.000000000000000
-0.000000000000000
-0.000000000000000
0.000000000000000
0.000000000000000
-0.000000000000000
0.000000000000000
0.000000000000000
-0.000000000000000
-0.000000000000000
-0.000000000000000
0.000000000000000
0.000000000000000
-0.000000000000000
-0.000000000000001
0.000000000000000
0.000000000000000
0.000000000000000
-0.000000000000000
0.000000000000000
-0.000000000000000
-0.000000000000000
0.000000000000000
0.000000000000000
-0.000000000000000
-0.000000000000001
0.000000000000000
0.000000000000000
0.000000000000000
-0.000000000000000
0.000000000000000
0.000000000000000
0.000000000000000
0.000000000000000
-0.000000000000000
0.000000000000000
0.000000000000000
-0.000000000000000
0.000000000000000
-0.000000000000000
-0.000000000000000
0.000000000000000
-0.000000000000000
-0.000000000000000
0.000000000000000
0.000000000000000
0.000000000000000
-0.000000000000000
-0.000000000000000
0.000000000000000
0.000000000000000
-0.000000000000001
0.000000000000000
0.000000000000000
-0.000000000000000
0.000000000000000
-0.000000000000000
0.000000000000000
0.000000000000000
-0.000000000000000
0.000000000000000
-0.000000000000000
0.000000000000000
-0.000000000000000
-0.000000000000000
0.000000000000000
0.000000000000000
-0.000000000000000
-0.000000000000000
0.000000000000000
-0.000000000000000
-0.000000000000000
0.000000000000000
-0.000000000000000
-0.000000000000000
0.000000000000000
0.000000000000000
-0.000000000000000
0.000000000000000
0.000000000000000
-0.000000000000000
-0.000000000000000
0.000000000000000
-0.000000000000000
-0.000000000000000
0.000000000000000
0.000000000000000
-0.000000000000000
-0.000000000000000
-0.000000000000000
0.000000000000000
0.000000000000000
-0.000000000000000
-0.000000000000000
-0.000000000000000
0.000000000000000
0.000000000000000
0.000000000000000
-0.000000000000000
-0.000000000000000
0.000000000000000
-0.000000000000000
-0.000000000000000
0.000000000000000
0.000000000000000
0.000000000000000
0.000000000000000
0.000000000000000
-0.000000000000001
0.000000000000000
0.000000000000001
-0.000000000000000
0.000000000000000
-0.000000000000001
-0.000000000000001
0.000000000000000
0.000000000000001
-0.000000000000000
-0.000000000000001
-0.000000000000000
0.000000000000000
0.000000000000000
0.000000000000000
-0.000000000000000
-0.000000000000000
-0.000000000000000
0.000000000000000
0.000000000000000
-0.000000000000000
-0.000000000000000
0.000000000000001
0.000000000000000
-0.000000000000001
-0.000000000000000
0.000000000000000
0.000000000000001
0.000000000000000
-0.000000000000001
-0.000000000000000
0.000000000000001
0.000000000000000
-0.000000000000000
0.000000000000000
0.000000000000000
-0.000000000000000
-0.000000000000000
-0.000000000000000
0.000000000000000
0.000000000000001
-0.000000000000001
-0.000000000000000
0.000000000000001
-0.000000000000001
0.000000000000000
0.000000000000000
-0.000000000000000
-0.000000000000001
0.000000000000000
0.000000000000000
0.000000000000001
-0.000000000000000
-0.000000000000001
0.000000000000000
0.000000000000001
-0.000000000000000
-0.000000000000000
-0.000000000000000
0.000000000000001
-0.000000000000000
-0.000000000000001
0.000000000000000
0.000000000000000
-0.000000000000000
0.000000000000000
-0.000000000000000
-0.000000000000000
0.000000000000000
-0.000000000000000
-0.000000000000000
0.000000000000001
0.000000000000000
-0.000000000000001
-0.000000000000000
0.000000000000000
0.000000000000000
0.000000000000000
-0.000000000000000
0.000000000000000
0.000000000000000
-0.000000000000000
-0.000000000000000
0.000000000000000
-0.000000000000000
0.000000000000000
0.000000000000000
-0.000000000000000
0.000000000000000
-0.000000000000001
-0.000000000000000
0.000000000000000
0.000000000000000
-0.000000000000000
-0.000000000000000
-0.000000000000000
0.000000000000001
-0.000000000000000
0.000000000000000
0.000000000000000
-0.000000000000000
-0.000000000000000
0.000000000000000
-0.000000000000000
0.000000000000001
-0.000000000000000
-0.000000000000000
0.000000000000000
0.000000000000000
0.000000000000000
0.000000000000000
-0.000000000000000
-0.000000000000000
-0.000000000000000
0.000000000000000
-0.000000000000000
-0.000000000000000
0.000000000000000
0.000000000000000
-0.000000000000001
0.000000000000000
0.000000000000000
0.000000000000000
-0.000000000000000
-0.000000000000000
-0.000000000000001
0.000000000000001
0.000000000000000
-0.000000000000000
0.000000000000000
0.000000000000000
-0.000000000000000
-0.000000000000000
0.000000000000000
0.000000000000000
-0.000000000000000
0.000000000000000
-0.000000000000000
-0.000000000000000
0.000000000000000
0.000000000000000
-0.000000000000000
0.000000000000000
-0.000000000000000
0.000000000000000
0.000000000000000
-0.000000000000000
0.000000000000000
0.000000000000000
-0.000000000000000
-0.000000000000000
0.000000000000001
-0.000000000000000
