0.208
0.212
0.216
0.220
0.224
0.228
0.232
0.236
0.240
0.244
0.248
0.252
0.256
0.260
0.264
0.268
0.272
0.276
0.280
0.284
0.288
0.292
0.296
0.300
0.304
0.308
0.312
0.316
0.320
0.324
0.328
0.332
0.336
0.340
0.344
0.348
0.352
0.356
0.360
0.364
0.368
0.372
0.376
0.380
0.384
0.388
0.392
0.396
0.400
0.404
0.408
0.412
0.416
0.420
0.424
0.428
0.432
0.436
0.440
0.444
0.448
0.452
0.456
0.460
0.464
0.468
0.472
0.476
0.480
0.484
0.488
0.492
0.496
0.500
0.504
0.508
0.512
0.516
0.520
0.524
0.528
0.532
0.536
0.540
0.544
0.548
0.552
0.556
0.560
0.564
0.568
0.572
0.576
0.580
0.584
0.588
0.592
0.596
0.600
0.604
0.608
0.612
0.616
0.620
0.624
0.628
0.632
0.636
0.640
0.644
0.648
0.652
0.656
0.660
0.664
0.668
0.672
0.676
0.680
0.684
0.688
0.692
0.696
0.700
0.704
0.708
0.712
0.716
0.720
0.724
0.728
0.732
0.736
0.740
0.744
0.748
0.752
0.756
0.760
0.764
0.768
0.772
0.776
0.780
0.784
0.788
0.792
0.796
0.800
0.804
0.808
0.812
0.816
0.820
0.824
0.828
0.832
0.836
0.840
0.844
0.848
0.852
0.856
0.860
0.864
0.868
0.872
0.876
0.880
0.884
0.888
0.892
0.896
0.900
0.904
0.908
0.912
0.916
0.920
0.924
0.928
0.932
0.936
0.940
0.944
0.948
0.952
0.956
0.960
0.964
0.968
0.972
0.976
0.980
0.984
0.988
0.992
0.996
1.000
1.004
1.008
1.012
1.016
1.020
1.024
1.028
1.032
1.036
1.040
1.044
1.048
1.052
1.056
1.060
1.064
1.068
1.072
1.076
1.080
1.084
1.088
1.092
1.096
1.100
1.104
1.108
1.112
1.116
1.120
1.124
1.128
1.132
1.136
1.140
1.144
1.148
1.152
1.156
1.160
1.164
1.168
1.172
1.176
1.180
1.184
1.188
1.192
1.196
1.200
1.204
1.208
1.212
1.216
1.220
1.224
1.228
1.232
1.236
1.240
1.244
1.248
1.252
1.256
1.260
1.264
1.268
1.272
1.276
1.280
1.284
1.288
1.292
1.296
1.300
1.304
1.308
1.312
1.316
1.320
1.324
1.328
1.332
1.336
1.340
1.344
1.348
1.352
1.356
1.360
1.364
1.368
1.372
1.376
1.380
1.384
1.388
1.392
1.396
1.400
1.404
1.408
1.412
1.416
1.420
1.424
1.428
1.432
1.436
1.440
1.444
1.448
1.452
1.456
1.460
1.464
1.468
1.472
1.476
1.480
1.484
1.488
1.492
1.496
1.500
1.504
1.508
1.512
1.516
1.520
1.524
1.528
1.532
1.536
1.540
1.544
1.548
1.552
1.556
1.560
1.564
1.568
1.572
1.576
1.580
1.584
1.588
1.592
1.596
1.600
1.604
1.608
1.612
1.616
1.620
1.624
1.628
1.632
1.636
1.640
1.644
1.648
1.652
1.656
1.660
1.664
1.668
1.672
1.676
1.680
1.684
1.688
1.692
1.696
1.700
1.704
1.708
1.712
1.716
1.720
1.724
1.728
1.732
1.736
1.740
1.744
1.748
1.752
1.756
1.760
1.764
1.768
1.772
1.776
1.780
1.784
1.788
1.792
1.796
1.800
1.804
1.808
1.812
1.816
1.820
1.824
1.828
1.832
1.836
1.840
1.844
1.848
1.852
1.856
1.860
1.864
1.868
1.872
1.876
1.880
1.884
1.888
1.892
1.896
1.900
1.904
1.908
1.912
1.916
1.920
1.924
1.928
1.932
1.936
1.940
1.944
1.948
1.952
1.956
1.960
1.964
1.968
1.972
1.976
1.980
1.984
1.988
1.992
1.996
2.000
2.004
2.008
2.012
2.016
2.020
2.024
2.028
2.032
2.036
2.040
2.044
2.048
2.052
2.056
2.060
2.064
2.068
2.072
2.076
2.080
2.084
2.088
2.092
2.096
2.100
2.104
2.108
2.112
2.116
2.120
2.124
2.128
2.132
2.136
2.140
2.144
2.148
2.152
2.156
2.160
2.164
2.168
2.172
2.176
2.180
2.184
2.188
2.192
2.196
2.200
2.204
2.208
2.212
2.216
2.220
2.224
2.228
2.232
2.236
2.240
2.244
2.248
2.252
2.256
2.260
2.264
2.268
2.272
2.276
2.280
2.284
2.288
2.292
2.296
2.300
2.304
2.308
2.312
2.316
2.320
2.324
2.328
2.332
2.336
2.340
2.344
2.348
2.352
2.356
2.360
2.364
2.368
2.372
2.376
2.380
2.384
2.388
2.392
2.396
2.400
2.404
2.408
2.412
2.416
2.420
2.424
2.428
2.432
2.436
2.440
2.444
2.448
2.452
2.456
2.460
2.464
2.468
2.472
2.476
2.480
2.484
2.488
2.492
2.496
2.500
2.504
2.508
2.512
2.516
2.520
2.524
2.528
2.532
2.536
2.540
2.544
2.548
2.552
2.556
2.560
2.564
2.568
2.572
2.576
2.580
2.584
2.588
2.592
2.596
2.600
2.604
2.608
2.612
2.616
2.620
2.624
2.628
2.632
2.636
2.640
2.644
2.648
2.652
2.656
2.660
2.664
2.668
2.672
2.676
2.680
2.684
2.688
2.692
2.696
2.700
2.704
2.708
2.712
2.716
2.720
2.724
2.728
2.732
2.736
2.740
2.744
2.748
2.752
2.756
2.760
2.764
2.768
2.772
2.776
2.780
2.784
2.788
2.792
2.796
2.800
2.804
2.808
2.812
2.816
2.820
2.824
2.828
2.832
2.836
2.840
2.844
2.848
2.852
2.856
2.860
2.864
2.868
2.872
2.876
2.880
2.884
2.888
2.892
2.896
2.900
2.904
2.908
2.912
2.916
2.920
2.924
2.928
2.932
2.936
2.940
2.944
2.948
2.952
2.956
2.960
2.964
2.968
2.972
2.976
2.980
2.984
2.988
2.992
2.996
3.000
3.004
3.008
3.012
3.016
3.020
3.024
3.028
3.032
3.036
3.040
3.044
3.048
3.052
3.056
3.060
3.064
3.068
3.072
3.076
3.080
3.084
3.088
3.092
3.096
3.100
3.104
3.108
3.112
3.116
3.120
3.124
3.128
3.132
3.136
3.140
3.144
3.148
3.152
3.156
3.160
3.164
3.168
3.172
3.176
3.180
3.184
3.188
3.192
3.196
3.200
3.204
3.208
3.212
3.216
3.220
3.224
3.228
3.232
3.236
3.240
3.244
3.248
3.252
3.256
3.260
3.264
3.268
3.272
3.276
3.280
3.284
3.288
3.292
3.296
3.300
3.304
3.308
3.312
3.316
3.320
3.324
3.328
3.332
3.336
3.340
3.344
3.348
3.352
3.356
3.360
3.364
3.368
3.372
3.376
3.380
3.384
3.388
3.392
3.396
3.400
3.404
3.408
3.412
3.416
3.420
3.424
3.428
3.432
3.436
3.440
3.444
3.448
3.452
3.456
3.460
3.464
3.468
3.472
3.476
3.480
3.484
3.488
3.492
3.496
3.500
3.504
3.508
3.512
3.516
3.520
3.524
3.528
3.532
3.536
3.540
3.544
3.548
3.552
3.556
3.560
3.564
3.568
3.572
3.576
3.580
3.584
3.588
3.592
3.596
3.600
3.604
3.608
3.612
3.616
3.620
3.624
3.628
3.632
3.636
3.640
3.644
3.648
3.652
3.656
3.660
3.664
3.668
3.672
3.676
3.680
3.684
3.688
3.692
3.696
3.700
3.704
3.708
3.712
3.716
3.720
3.724
3.728
3.732
3.736
3.740
3.744
3.748
3.752
3.756
3.760
3.764
3.768
3.772
3.776
3.780
3.784
3.788
3.792
3.796
3.800
3.804
3.808
3.812
3.816
3.820
3.824
3.828
3.832
3.836
3.840
3.844
3.848
3.852
3.856
3.860
3.864
3.868
3.872
3.876
3.880
3.884
3.888
3.892
3.896
3.900
3.904
3.908
3.912
3.916
3.920
3.924
3.928
3.932
3.936
3.940
3.944
3.948
3.952
3.956
3.960
3.964
3.968
3.972
3.976
3.980
3.984
3.988
3.992
3.996
4.000
4.004
4.008
4.012
4.016
4.020
4.024
4.028
4.032
4.036
4.040
4.044
4.048
4.052
4.056
4.060
4.064
4.068
4.072
4.076
4.080
4.084
4.088
4.092
4.096
4.100
4.104
4.108
4.112
4.116
4.120
4.124
4.128
4.132
4.136
4.140
4.144
4.148
4.152
4.156
4.160
4.164
4.168
4.172
4.176
4.180
4.184
4.188
4.192
4.196
4.200
4.204
4.208
4.212
4.216
4.220
4.224
4.228
4.232
4.236
4.240
4.244
4.248
4.252
4.256
4.260
4.264
4.268
4.272
4.276
4.280
4.284
4.288
4.292
4.296
4.300
4.304
4.308
4.312
4.316
4.320
4.324
4.328
4.332
4.336
4.340
4.344
4.348
4.352
4.356
4.360
4.364
4.368
4.372
4.376
4.380
4.384
4.388
4.392
4.396
4.400
4.404
4.408
4.412
4.416
4.420
4.424
4.428
4.432
4.436
4.440
4.444
4.448
4.452
4.456
4.460
4.464
4.468
4.472
4.476
4.480
4.484
4.488
4.492
4.496
4.500
4.504
4.508
4.512
4.516
4.520
4.524
4.528
4.532
4.536
4.540
4.544
4.548
4.552
4.556
4.560
4.564
4.568
4.572
4.576
4.580
4.584
4.588
4.592
4.596
4.600
4.604
4.608
4.612
4.616
4.620
4.624
4.628
4.632
4.636
4.640
4.644
4.648
4.652
4.656
4.660
4.664
4.668
4.672
4.676
4.680
4.684
4.688
4.692
4.696
4.700
4.704
4.708
4.712
4.716
4.720
4.724
4.728
4.732
4.736
4.740
4.744
4.748
4.752
4.756
4.760
4.764
4.768
4.772
4.776
4.780
4.784
4.788
4.792
4.796
4.800
4.804
4.808
4.812
4.816
4.820
4.824
4.828
4.832
4.836
4.840
4.844
4.848
4.852
4.856
4.860
4.864
4.868
4.872
4.876
4.880
4.884
4.888
4.892
4.896
4.900
4.904
4.908
4.912
4.916
4.920
4.924
4.928
4.932
4.936
4.940
4.944
4.948
4.952
4.956
4.960
4.964
4.968
4.972
4.976
4.980
4.984
4.988
4.992
4.996
5.000
5.004
5.008
5.012
5.016
5.020
5.024
5.028
5.032
5.036
5.040
5.044
5.048
5.052
5.056
5.060
5.064
5.068
5.072
5.076
5.080
5.084
5.088
5.092
5.096
5.100
5.104
5.108
5.112
5.116
5.120
5.124
5.128
5.132
5.136
5.140
