5.678633430944926452
4.946343345552904225
4.296954419734022146
3.721887607578849178
3.213418025907458730
2.764591446597084889
2.369148880185317552
2.021458470287220255
1.716453993474006401
1.449579327150437136
1.216738309331192980
1.014249469680375215
0.838805161309581049
0.687434668141174821
0.557470903597405365
0.446520353391709979
0.352435948654206133
0.273292585861175663
0.207365037367484212
0.153108021040891579
0.109138219820773222
0.074218062199300175
0.047241092857065299
0.027218779164152680
0.013268614150398593
0.004603390007605909
0.000521528349579116
0.000398364447649665
0.003678292592487893
0.009867688709261423
0.018528534464615314
0.029272674433707475
0.041756644518817845
0.055677015795823959
0.070766203372530312
0.086788694728984220
0.103537656424690774
0.120831882046424241
0.138513047874123635
0.156443245998223540
0.174502767563201183
0.192588111469401496
0.210610196265692801
0.228492755133952286
0.246170895825131991
0.263589809175918233
0.280703611433036793
0.297474307055578369
0.313870859969242244
0.329868362423592187
0.345447291666494682
0.360592845609853607
0.375294349527541093
0.389544726609028280
0.403340025898780319
0.416679001789345860
0.429562739811867655
0.441994323987483673
0.453978541472176311
0.465521620650988788
0.476630999219559370
0.487315119135642016
0.497583245634303284
0.507445307781058674
0.516911758290309886
0.525993450564711362
0.534701531116958395
0.543047345721110131
0.551042357807916661
0.558698077769481882
0.566026001974558657
0.573037560418312331
0.579744072040784486
0.586156706847743236
0.592286454057180167
0.598144095575375845
0.603740184179060835
0.609085025845577999
0.614188665731739358
0.619060877355003814
0.623711154578172611
0.628148706041586791
0.632382451725268857
0.636421021357997385
0.640272754421344903
0.643945701524569758
0.647447626951263122
0.650786012201092445
0.653968060370093918
0.657000701231006290
0.659890596891284376
0.662644147920898208
0.665267499854957811
0.667766549987778180
0.670146954385334226
0.672414135052289752
0.674573287198018678
0.676629386553377898
0.678587196696528228
0.680451276351922041
0.682225986631733172
0.683915498193606308
0.685523798292657860
0.687054697709267304
0.688511837537375770
