-0.000000000000000000
-0.000000000000000000
-0.000000000000000000
-0.000000000000000000
-0.000000000000000000
-0.000000000000000000
-0.000000000000000000
-0.000000000000000000
-0.000000000000000000
-0.000000000000000000
-0.000000000000000000
-0.000000000000000000
-0.000000000000000000
-0.000000000000000000
-0.000000000000000000
-0.000000000000000000
-0.000000000000000000
-0.000000000000000000
0.000000000000000000
0.000000000000000000
0.000000000000000000
0.000000000000000001
0.000000000000000002
0.000000000000000005
0.000000000000000012
0.000000000000000025
0.000000000000000046
0.000000000000000075
0.000000000000000101
0.000000000000000108
0.000000000000000084
0.000000000000000041
0.000000000000000009
0.000000000000000010
0.000000000000000000
-0.000000000000000000
-0.000000000000000052
-0.000000000000000076
-0.000000000000000070
0.000000000000000009
-0.000000000000000022
-0.000000000000000057
-0.000000000000000037
0.000000000000000052
0.000000000000000137
0.000000000000000209
0.000000000000000089
-0.000000000000000204
-0.000000000000000210
0.000000000000000110
0.000000000000000072
-0.000000000000000105
-0.000000000000000078
-0.000000000000000074
-0.000000000000000186
0.000000000000000139
0.000000000000000190
-0.000000000000000094
0.000000000000000140
0.000000000000000133
-0.000000000000000086
0.000000000000000175
-0.000000000000000024
-0.000000000000000091
0.000000000000000266
0.000000000000000002
0.000000000000000075
0.000000000000000327
0.000000000000000573
0.000000000000001431
0.000000000000004310
0.000000000000013192
0.000000000000041838
0.000000000000125660
0.000000000000369817
0.000000000001062037
0.000000000002975092
0.000000000008130102
0.000000000021666577
0.000000000056305070
0.000000000143020233
0.000000000355097398
0.000000000861424499
0.000000002040854827
0.000000004721616655
0.000000010691100704
0.000000023694053794
0.000000051376437679
0.000000108939736413
0.000000225851338289
0.000000458772355281
0.000000913224574631
0.000001780721255317
0.000003399629198787
0.000006352796694251
0.000011643120144068
0.000020933918703870
0.000036911152418035
0.000063791714859493
0.000108023757068394
0.000179571830995366
0.000293133195089686
0.000469756158640309
0.000738642418055285
0.001139123064413445
0.001725967214483048
0.002570391208116206
0.003761605013050204
0.005406724582413173
0.007629188683829584
0.010584850846870811
0.014446484926281044
0.019393108719822510
0.025593738181439830
0.033189292815831391
0.042348910572827983
0.053198085477730576
0.065785844208402083
0.080050821604692846
0.095799060027789068
0.112886090486119653
0.131051781299002190
0.149891600492343818
0.168843889000290404
0.187210253511312541
0.204527569239886770
0.220287774054839430
0.233929376433185565
0.244854897879054068
0.252483008547982113
0.256697169598510577
0.257455870993873570
0.254765594717854094
0.248680738219998115
0.239327528636968989
0.227243196593954255
0.212983398610503194
0.197077282612674209
0.180012195362677568
0.162237211060756253
0.144352046417664054
0.126854525897267090
0.110125298151670617
0.094434855222035138
0.079960805727086803
0.066882849646903400
0.055285133268457375
0.045169738609891520
0.036477126253470320
0.029106587383676649
0.022956972834342095
0.017903226984390952
0.013807934253215569
0.010532026932523475
0.007942779714615674
0.005924277880600796
0.004371403390703647
0.003191619899304492
0.002305810768813277
0.001648069453891853
0.001165650591185618
0.000816026960485419
0.000565535094508699
0.000388024605660677
0.000263538320773952
0.000177213433758424
0.000118006141451995
0.000077828062794183
0.000050841975807371
0.000032894512802968
0.000021081854552742
0.000013386040231674
0.000008421990931278
0.000005250861815180
0.000003243971589355
0.000001986152649784
0.000001205313350972
0.000000725092824728
0.000000432442721374
0.000000255680064964
0.000000149881601379
0.000000087123711434
0.000000050223758756
0.000000028714543360
0.000000016282400833
0.000000009158026550
0.000000005109730388
0.000000002828454101
0.000000001553423153
0.000000000846512717
0.000000000457739274
0.000000000245630730
0.000000000130816610
0.000000000069150322
0.000000000036282283
0.000000000018897780
0.000000000009771430
0.000000000005016495
0.000000000002557196
0.000000000001294297
0.000000000000650906
0.000000000000324631
0.000000000000161138
0.000000000000079180
0.000000000000038739
0.000000000000018863
0.000000000000008988
0.000000000000004450
0.000000000000002052
0.000000000000000900
0.000000000000000568
0.000000000000000144
0.000000000000000205
-0.000000000000000119
0.000000000000000138
0.000000000000000039
-0.000000000000000083
0.000000000000000113
-0.000000000000000138
0.000000000000000006
0.000000000000000061
-0.000000000000000110
0.000000000000000125
-0.000000000000000054
0.000000000000000053
0.000000000000000014
-0.000000000000000127
0.000000000000000105
-0.000000000000000068
-0.000000000000000082
0.000000000000000068
-0.000000000000000226
0.000000000000000254
-0.000000000000000301
0.000000000000000154
-0.000000000000000090
0.000000000000000003
0.000000000000000087
-0.000000000000000118
0.000000000000000163
-0.000000000000000117
0.000000000000000120
-0.000000000000000074
-0.000000000000000056
0.000000000000000035
-0.000000000000000134
0.000000000000000124
-0.000000000000000066
0.000000000000000078
-0.000000000000000036
0.000000000000000051
-0.000000000000000078
0.000000000000000081
0.000000000000000002
0.000000000000000010
0.000000000000000080
-0.000000000000000024
0.000000000000000003
0.000000000000000013
-0.000000000000000080
0.000000000000000065
-0.000000000000000105
0.000000000000000225
-0.000000000000000224
0.000000000000000219
-0.000000000000000235
0.000000000000000241
-0.000000000000000102
0.000000000000000165
-0.000000000000000144
0.000000000000000115
-0.000000000000000119
0.000000000000000091
-0.000000000000000129
0.000000000000000122
-0.000000000000000111
0.000000000000000054
-0.000000000000000062
0.000000000000000019
-0.000000000000000010
0.000000000000000025
-0.000000000000000010
0.000000000000000032
0.000000000000000015
-0.000000000000000032
0.000000000000000064
0.000000000000000062
0.000000000000000013
0.000000000000000008
-0.000000000000000035
0.000000000000000085
-0.000000000000000108
0.000000000000000156
-0.000000000000000164
0.000000000000000129
-0.000000000000000153
0.000000000000000126
-0.000000000000000123
0.000000000000000147
-0.000000000000000125
0.000000000000000069
-0.000000000000000088
0.000000000000000035
-0.000000000000000028
0.000000000000000036
0.000000000000000007
-0.000000000000000007
0.000000000000000001
0.000000000000000009
-0.000000000000000017
-0.000000000000000019
0.000000000000000011
-0.000000000000000009
-0.000000000000000003
-0.000000000000000010
0.000000000000000018
-0.000000000000000004
0.000000000000000008
-0.000000000000000003
-0.000000000000000005
0.000000000000000001
0.000000000000000004
0.000000000000000003
0.000000000000000004
0.000000000000000000
-0.000000000000000004
0.000000000000000001
-0.000000000000000000
0.000000000000000002
-0.000000000000000001
0.000000000000000003
-0.000000000000000001
0.000000000000000001
-0.000000000000000002
0.000000000000000001
-0.000000000000000001
0.000000000000000001
-0.000000000000000001
0.000000000000000000
-0.000000000000000000
0.000000000000000000
-0.000000000000000000
0.000000000000000000
-0.000000000000000000
0.000000000000000000
-0.000000000000000000
0.000000000000000000
-0.000000000000000000
0.000000000000000000
-0.000000000000000000
0.000000000000000000
-0.000000000000000000
0.000000000000000000
-0.000000000000000000
0.000000000000000000
-0.000000000000000000
0.000000000000000000
-0.000000000000000000
0.000000000000000000
-0.000000000000000000
0.000000000000000000
-0.000000000000000000
0.000000000000000000
-0.000000000000000000
0.000000000000000000
-0.000000000000000000
0.000000000000000000
-0.000000000000000000
-0.000000000000000000
0.000000000000000000
-0.000000000000000000
0.000000000000000000
-0.000000000000000000
0.000000000000000000
-0.000000000000000000
0.000000000000000000
-0.000000000000000000
0.000000000000000000
-0.000000000000000000
0.000000000000000000
0.000000000000000000
0.000000000000000000
0.000000000000000000
-0.000000000000000000
0.000000000000000000
-0.000000000000000000
0.000000000000000000
-0.000000000000000000
0.000000000000000000
-0.000000000000000000
0.000000000000000000
-0.000000000000000000
-0.000000000000000000
0.000000000000000000
-0.000000000000000000
0.000000000000000000
-0.000000000000000000
0.000000000000000000
-0.000000000000000000
0.000000000000000000
-0.000000000000000000
-0.000000000000000000
0.000000000000000000
-0.000000000000000000
0.000000000000000000
-0.000000000000000000
0.000000000000000000
-0.000000000000000000
0.000000000000000000
-0.000000000000000000
0.000000000000000000
-0.000000000000000000
0.000000000000000000
0.000000000000000000
-0.000000000000000000
0.000000000000000000
-0.000000000000000000
0.000000000000000000
-0.000000000000000000
0.000000000000000000
-0.000000000000000000
-0.000000000000000000
0.000000000000000000
-0.000000000000000000
0.000000000000000000
-0.000000000000000000
0.000000000000000000
-0.000000000000000000
-0.000000000000000000
0.000000000000000000
-0.000000000000000000
0.000000000000000000
-0.000000000000000000
0.000000000000000000
-0.000000000000000000
-0.000000000000000000
0.000000000000000000
-0.000000000000000000
0.000000000000000000
-0.000000000000000000
0.000000000000000000
-0.000000000000000000
0.000000000000000000
-0.000000000000000000
0.000000000000000000
-0.000000000000000000
-0.000000000000000000
0.000000000000000000
-0.000000000000000000
0.000000000000000000
-0.000000000000000000
0.000000000000000000
-0.000000000000000000
0.000000000000000000
0.000000000000000000
-0.000000000000000000
0.000000000000000000
-0.000000000000000000
0.000000000000000000
-0.000000000000000000
-0.000000000000000000
0.000000000000000000
-0.000000000000000000
0.000000000000000000
-0.000000000000000000
0.000000000000000000
-0.000000000000000000
-0.000000000000000000
0.000000000000000000
-0.000000000000000000
0.000000000000000000
-0.000000000000000000
0.000000000000000000
0.000000000000000000
-0.000000000000000000
0.000000000000000000
-0.000000000000000000
0.000000000000000000
-0.000000000000000000
0.000000000000000000
-0.000000000000000000
0.000000000000000000
-0.000000000000000000
0.000000000000000000
-0.000000000000000000
-0.000000000000000000
0.000000000000000000
-0.000000000000000000
0.000000000000000000
-0.000000000000000000
0.000000000000000000
0.000000000000000000
-0.000000000000000000
0.000000000000000000
-0.000000000000000000
0.000000000000000000
-0.000000000000000000
-0.000000000000000000
0.000000000000000000
-0.000000000000000000
0.000000000000000000
-0.000000000000000000
0.000000000000000000
0.000000000000000000
-0.000000000000000000
0.000000000000000000
-0.000000000000000000
0.000000000000000000
-0.000000000000000000
-0.000000000000000000
0.000000000000000000
-0.000000000000000000
0.000000000000000000
-0.000000000000000000
0.000000000000000000
0.000000000000000000
-0.000000000000000000
