0.000000000000000000
0.000000000000000000
0.000000000000000000
0.000000000000000000
0.000000000000000000
0.000000000000000000
0.000000000000000000
0.000000000000000000
0.000000000000000000
0.000000000000000000
0.000000000000000000
-0.000000000000000000
-0.000000000000000000
-0.000000000000000000
-0.000000000000000000
-0.000000000000000000
-0.000000000000000000
-0.000000000000000000
-0.000000000000000000
-0.000000000000000000
-0.000000000000000000
-0.000000000000000000
-0.000000000000000001
-0.000000000000000002
-0.000000000000000007
-0.000000000000000015
-0.000000000000000030
-0.000000000000000064
-0.000000000000000101
-0.000000000000000156
-0.000000000000000170
-0.000000000000000153
-0.000000000000000092
-0.000000000000000019
0.000000000000000031
0.000000000000000088
0.000000000000000097
0.000000000000000119
0.000000000000000101
-0.000000000000000047
-0.000000000000000112
-0.000000000000000010
0.000000000000000239
0.000000000000000370
0.000000000000000061
-0.000000000000000035
0.000000000000000030
-0.000000000000000021
-0.000000000000000273
-0.000000000000000218
0.000000000000000075
0.000000000000000233
0.000000000000000025
-0.000000000000000072
0.000000000000000060
0.000000000000000050
-0.000000000000000123
-0.000000000000000029
-0.000000000000000010
-0.000000000000000067
-0.000000000000000054
0.000000000000000034
0.000000000000000030
0.000000000000000003
-0.000000000000000070
0.000000000000000058
0.000000000000000367
0.000000000000000930
0.000000000000003058
0.000000000000009998
0.000000000000032384
0.000000000000100783
0.000000000000308487
0.000000000000921837
0.000000000002675953
0.000000000007579869
0.000000000020947841
0.000000000056456002
0.000000000148329001
0.000000000379912255
0.000000000950811470
0.000000002325196787
0.000000005553799501
0.000000012950283479
0.000000029476039316
0.000000065634429482
0.000000142986770691
0.000000304629622507
0.000000634357188032
0.000001290855308608
0.000002572331603552
0.000005020481051226
0.000009592908286706
0.000017934919304784
0.000032797956075987
0.000058784115864402
0.000103285184982902
0.000177832414761941
0.000299863138320156
0.000494978267101521
0.000801310211689261
0.001272617698113345
0.001982090972903933
0.003025584476968927
0.004523978740735359
0.006637053908405758
0.009557104568898956
0.013503065366023576
0.018707165451633843
0.025395771603303894
0.033830021897753852
0.044236295247194628
0.056760336430969761
0.071412969818647948
0.088022313357076346
0.106399041652989898
0.126149967736661650
0.146628945069827071
0.166911248658849376
0.185817885877492428
0.202359579524839989
0.215449251339495912
0.223935128347692830
0.226678081768806494
0.222678551734265040
0.211613503057751368
0.193453480271449485
0.168475306192915841
0.137292429481019884
0.100881565425246081
0.060734892454020167
0.018508441718093103
-0.024066387691931646
-0.065255706070893330
-0.103404911090446958
-0.137161204101307888
-0.165480536663494326
-0.187637729800180536
-0.203221480985100816
-0.212131885684582605
-0.214807523660809407
-0.211918855104983817
-0.204274611237519638
-0.192750808963276565
-0.178243057563764934
-0.161800513698174220
-0.144362287938454403
-0.126714360898436434
-0.109478151667008097
-0.093118729291058577
-0.078036815182712133
-0.064477130902754434
-0.052548763669892397
-0.042254650659741162
-0.033521771968679469
-0.026250340107711802
-0.020299809314825654
-0.015507424263899682
-0.011704290313377509
-0.008727177106823122
-0.006430978534996775
-0.004684880398128982
-0.003374797834416361
-0.002404245492821944
-0.001693790756624887
-0.001180332054713175
-0.000813812843439448
-0.000555278224284941
-0.000374982667624643
-0.000250613197167117
-0.000165797419986292
-0.000108598362505318
-0.000070439485120367
-0.000045248300456425
-0.000028785296061607
-0.000018138155782103
-0.000011322541095210
-0.000007003057440835
-0.000004292082566453
-0.000002606664920268
-0.000001568910818079
-0.000000935985294690
-0.000000553545250534
-0.000000324557753601
-0.000000188666870732
-0.000000108746150993
-0.000000062158226278
-0.000000035236912892
-0.000000019813024168
-0.000000011050345831
-0.000000006113864063
-0.000000003355941647
-0.000000001827735606
-0.000000000987755839
-0.000000000529722367
-0.000000000281933874
-0.000000000148930146
-0.000000000078089494
-0.000000000040645005
-0.000000000021002351
-0.000000000010774090
-0.000000000005488208
-0.000000000002775615
-0.000000000001394187
-0.000000000000695510
-0.000000000000344452
-0.000000000000169589
-0.000000000000082883
-0.000000000000040148
-0.000000000000019489
-0.000000000000009125
-0.000000000000004479
-0.000000000000002148
-0.000000000000000862
-0.000000000000000624
0.000000000000000041
-0.000000000000000394
0.000000000000000352
-0.000000000000000302
0.000000000000000160
-0.000000000000000031
-0.000000000000000128
0.000000000000000158
-0.000000000000000213
0.000000000000000286
-0.000000000000000285
0.000000000000000162
-0.000000000000000122
0.000000000000000005
0.000000000000000035
0.000000000000000015
0.000000000000000006
0.000000000000000032
-0.000000000000000063
0.000000000000000056
-0.000000000000000018
-0.000000000000000021
0.000000000000000083
-0.000000000000000112
0.000000000000000167
-0.000000000000000184
0.000000000000000204
-0.000000000000000233
0.000000000000000120
-0.000000000000000092
0.000000000000000085
-0.000000000000000074
0.000000000000000063
-0.000000000000000068
0.000000000000000036
-0.000000000000000091
0.000000000000000096
-0.000000000000000098
0.000000000000000109
-0.000000000000000095
0.000000000000000115
-0.000000000000000094
0.000000000000000060
0.000000000000000005
-0.000000000000000060
0.000000000000000076
-0.000000000000000097
0.000000000000000008
-0.000000000000000093
-0.000000000000000018
0.000000000000000030
-0.000000000000000051
0.000000000000000091
-0.000000000000000084
0.000000000000000073
-0.000000000000000070
0.000000000000000011
-0.000000000000000004
-0.000000000000000044
0.000000000000000124
-0.000000000000000169
0.000000000000000135
-0.000000000000000114
0.000000000000000131
-0.000000000000000109
0.000000000000000102
-0.000000000000000038
0.000000000000000020
-0.000000000000000037
0.000000000000000036
0.000000000000000014
-0.000000000000000020
0.000000000000000037
-0.000000000000000061
0.000000000000000053
-0.000000000000000055
0.000000000000000069
-0.000000000000000099
0.000000000000000113
-0.000000000000000121
0.000000000000000136
-0.000000000000000133
0.000000000000000141
-0.000000000000000156
0.000000000000000139
-0.000000000000000132
0.000000000000000134
-0.000000000000000120
0.000000000000000118
-0.000000000000000100
0.000000000000000099
-0.000000000000000088
0.000000000000000075
-0.000000000000000068
0.000000000000000056
-0.000000000000000041
0.000000000000000038
-0.000000000000000031
0.000000000000000022
-0.000000000000000021
0.000000000000000013
-0.000000000000000007
0.000000000000000005
-0.000000000000000006
0.000000000000000003
-0.000000000000000001
0.000000000000000003
-0.000000000000000001
0.000000000000000001
-0.000000000000000002
0.000000000000000001
-0.000000000000000001
0.000000000000000001
0.000000000000000000
0.000000000000000000
-0.000000000000000000
0.000000000000000001
0.000000000000000000
0.000000000000000000
0.000000000000000000
0.000000000000000000
-0.000000000000000000
-0.000000000000000000
-0.000000000000000000
0.000000000000000000
-0.000000000000000000
0.000000000000000000
-0.000000000000000000
0.000000000000000000
-0.000000000000000000
0.000000000000000000
-0.000000000000000000
0.000000000000000000
-0.000000000000000000
0.000000000000000000
-0.000000000000000000
-0.000000000000000000
-0.000000000000000000
0.000000000000000000
-0.000000000000000000
0.000000000000000000
-0.000000000000000000
0.000000000000000000
-0.000000000000000000
0.000000000000000000
-0.000000000000000000
0.000000000000000000
-0.000000000000000000
0.000000000000000000
-0.000000000000000000
0.000000000000000000
-0.000000000000000000
0.000000000000000000
-0.000000000000000000
0.000000000000000000
-0.000000000000000000
0.000000000000000000
-0.000000000000000000
0.000000000000000000
-0.000000000000000000
0.000000000000000000
-0.000000000000000000
0.000000000000000000
-0.000000000000000000
0.000000000000000000
-0.000000000000000000
0.000000000000000000
-0.000000000000000000
-0.000000000000000000
0.000000000000000000
-0.000000000000000000
0.000000000000000000
-0.000000000000000000
0.000000000000000000
-0.000000000000000000
0.000000000000000000
-0.000000000000000000
-0.000000000000000000
0.000000000000000000
-0.000000000000000000
-0.000000000000000000
0.000000000000000000
-0.000000000000000000
0.000000000000000000
0.000000000000000000
-0.000000000000000000
0.000000000000000000
-0.000000000000000000
0.000000000000000000
0.000000000000000000
-0.000000000000000000
0.000000000000000000
-0.000000000000000000
-0.000000000000000000
0.000000000000000000
-0.000000000000000000
0.000000000000000000
0.000000000000000000
-0.000000000000000000
0.000000000000000000
-0.000000000000000000
-0.000000000000000000
0.000000000000000000
-0.000000000000000000
0.000000000000000000
0.000000000000000000
-0.000000000000000000
0.000000000000000000
-0.000000000000000000
-0.000000000000000000
0.000000000000000000
-0.000000000000000000
0.000000000000000000
0.000000000000000000
-0.000000000000000000
0.000000000000000000
-0.000000000000000000
-0.000000000000000000
0.000000000000000000
-0.000000000000000000
0.000000000000000000
-0.000000000000000000
-0.000000000000000000
0.000000000000000000
-0.000000000000000000
0.000000000000000000
-0.000000000000000000
-0.000000000000000000
0.000000000000000000
-0.000000000000000000
0.000000000000000000
-0.000000000000000000
-0.000000000000000000
0.000000000000000000
-0.000000000000000000
0.000000000000000000
-0.000000000000000000
0.000000000000000000
-0.000000000000000000
0.000000000000000000
-0.000000000000000000
0.000000000000000000
-0.000000000000000000
-0.000000000000000000
0.000000000000000000
-0.000000000000000000
0.000000000000000000
-0.000000000000000000
-0.000000000000000000
0.000000000000000000
-0.000000000000000000
0.000000000000000000
-0.000000000000000000
0.000000000000000000
-0.000000000000000000
0.000000000000000000
-0.000000000000000000
0.000000000000000000
-0.000000000000000000
0.000000000000000000
-0.000000000000000000
0.000000000000000000
-0.000000000000000000
0.000000000000000000
-0.000000000000000000
0.000000000000000000
-0.000000000000000000
0.000000000000000000
-0.000000000000000000
-0.000000000000000000
-0.000000000000000000
0.000000000000000000
-0.000000000000000000
0.000000000000000000
-0.000000000000000000
0.000000000000000000
-0.000000000000000000
0.000000000000000000
-0.000000000000000000
0.000000000000000000
-0.000000000000000000
0.000000000000000000
0.000000000000000000
-0.000000000000000000
0.000000000000000000
-0.000000000000000000
0.000000000000000000
-0.000000000000000000
0.000000000000000000
0.000000000000000000
-0.000000000000000000
0.000000000000000000
-0.000000000000000000
0.000000000000000000
-0.000000000000000000
0.000000000000000000
-0.000000000000000000
0.000000000000000000
0.000000000000000000
-0.000000000000000000
0.000000000000000000
-0.000000000000000000
