-0.000000000000000000
-0.000000000000000000
-0.000000000000000000
-0.000000000000000000
-0.000000000000000000
-0.000000000000000000
-0.000000000000000000
-0.000000000000000000
-0.000000000000000000
-0.000000000000000000
-0.000000000000000000
-0.000000000000000000
-0.000000000000000000
-0.000000000000000000
-0.000000000000000000
-0.000000000000000000
-0.000000000000000000
-0.000000000000000000
-0.000000000000000000
-0.000000000000000000
-0.000000000000000000
-0.000000000000000000
-0.000000000000000001
-0.000000000000000002
-0.000000000000000005
-0.000000000000000011
-0.000000000000000019
-0.000000000000000029
-0.000000000000000039
-0.000000000000000035
-0.000000000000000025
-0.000000000000000013
0.000000000000000006
0.000000000000000014
0.000000000000000051
0.000000000000000024
0.000000000000000016
-0.000000000000000005
-0.000000000000000066
-0.000000000000000031
0.000000000000000039
-0.000000000000000028
-0.000000000000000233
-0.000000000000000363
-0.000000000000000201
-0.000000000000000055
-0.000000000000000045
-0.000000000000000067
-0.000000000000000167
-0.000000000000000066
0.000000000000000139
0.000000000000000107
-0.000000000000000121
-0.000000000000000048
0.000000000000000302
0.000000000000000079
0.000000000000000036
0.000000000000000241
0.000000000000000036
0.000000000000000060
-0.000000000000000028
-0.000000000000000207
0.000000000000000166
0.000000000000000120
-0.000000000000000009
0.000000000000000170
0.000000000000000043
-0.000000000000000089
-0.000000000000000483
-0.000000000000001257
-0.000000000000004396
-0.000000000000013550
-0.000000000000041556
-0.000000000000126311
-0.000000000000370081
-0.000000000001061239
-0.000000000002972604
-0.000000000008122855
-0.000000000021646569
-0.000000000056254037
-0.000000000142894474
-0.000000000354791522
-0.000000000860697986
-0.000000002039173179
-0.000000004717813694
-0.000000010682688914
-0.000000023675853198
-0.000000051337925550
-0.000000108860082378
-0.000000225690350479
-0.000000458453727594
-0.000000912606923482
-0.000001779549089254
-0.000003397452616345
-0.000006348843474307
-0.000011636083163610
-0.000020921639150515
-0.000036890154866069
-0.000063756551892125
-0.000107966115027523
-0.000179479162612245
-0.000292987046200957
-0.000469530123639387
-0.000738299808274150
-0.001138614405715342
-0.001725226292706501
-0.002569331976752107
-0.003760119287172012
-0.005404681316865368
-0.007626435419444800
-0.010581210758988640
-0.014441761451732281
-0.019387094973228103
-0.025586231849247701
-0.033180115621524425
-0.042337909873737770
-0.053185154911122613
-0.065770948605361715
-0.080034023532563614
-0.095780542812287345
-0.112866135916224228
-0.131030775981439501
-0.149870038366352265
-0.168822365784583206
-0.187189448700490174
-0.204508177887801762
-0.220270476254722486
-0.233914806467265451
-0.244843611510404402
-0.252475449242724248
-0.256693625128579794
-0.257456461985154927
-0.254770271916569035
-0.248689286826007910
-0.239339580517367867
-0.227258266489274663
-0.213000916517484179
-0.197096625689388821
-0.180032718152108140
-0.162258274494944094
-0.144373068630525958
-0.126875001397898063
-0.110144807669772027
-0.094453068774440471
-0.079977481351719865
-0.066897844993722616
-0.055298392724738028
-0.045181277052165111
-0.036487012388000076
-0.029114928424504780
-0.022963907963800632
-0.017908912980528640
-0.013812533357840190
-0.010535697656955202
-0.007945670526511963
-0.005926525304648362
-0.004373128971801810
-0.003192928806043895
-0.002306791769491871
-0.001648795860368517
-0.001166182194219609
-0.000816411581834469
-0.000565810279879643
-0.000388219328190905
-0.000263674582119039
-0.000177307754285318
-0.000118070740728389
-0.000077871847844595
-0.000050871348854632
-0.000032914014580223
-0.000021094671628544
-0.000013394380555358
-0.000008427365345217
-0.000005254291696958
-0.000003246139373280
-0.000001987509750847
-0.000001206155020938
-0.000000725610036623
-0.000000432757667149
-0.000000255870104921
-0.000000149995245891
-0.000000087191073595
-0.000000050263341386
-0.000000028737602788
-0.000000016295720263
-0.000000009165654410
-0.000000005114063058
-0.000000002830894666
-0.000000001554786168
-0.000000000847268599
-0.000000000458154996
-0.000000000245857057
-0.000000000130939923
-0.000000000069216178
-0.000000000036317429
-0.000000000018916379
-0.000000000009781177
-0.000000000005021515
-0.000000000002559672
-0.000000000001295653
-0.000000000000651238
-0.000000000000325125
-0.000000000000160965
-0.000000000000079555
-0.000000000000038664
-0.000000000000019135
-0.000000000000009135
-0.000000000000004257
-0.000000000000002376
-0.000000000000000676
-0.000000000000000781
0.000000000000000113
-0.000000000000000295
-0.000000000000000089
0.000000000000000139
-0.000000000000000215
0.000000000000000255
-0.000000000000000224
0.000000000000000055
0.000000000000000079
-0.000000000000000192
0.000000000000000296
-0.000000000000000355
0.000000000000000317
-0.000000000000000170
0.000000000000000069
0.000000000000000100
-0.000000000000000090
0.000000000000000076
0.000000000000000004
-0.000000000000000080
0.000000000000000246
-0.000000000000000165
0.000000000000000191
-0.000000000000000087
-0.000000000000000005
0.000000000000000043
-0.000000000000000084
0.000000000000000126
-0.000000000000000070
0.000000000000000021
-0.000000000000000045
0.000000000000000087
-0.000000000000000138
0.000000000000000112
-0.000000000000000180
0.000000000000000122
-0.000000000000000152
0.000000000000000087
-0.000000000000000097
0.000000000000000048
0.000000000000000013
0.000000000000000015
0.000000000000000019
-0.000000000000000006
0.000000000000000013
0.000000000000000071
-0.000000000000000098
0.000000000000000115
-0.000000000000000073
0.000000000000000172
-0.000000000000000051
0.000000000000000071
-0.000000000000000024
-0.000000000000000059
0.000000000000000033
-0.000000000000000015
0.000000000000000019
0.000000000000000144
0.000000000000000030
0.000000000000000024
-0.000000000000000085
0.000000000000000057
0.000000000000000006
-0.000000000000000090
0.000000000000000065
-0.000000000000000113
0.000000000000000132
-0.000000000000000130
0.000000000000000069
-0.000000000000000092
0.000000000000000046
-0.000000000000000004
-0.000000000000000030
0.000000000000000056
-0.000000000000000030
0.000000000000000025
-0.000000000000000026
0.000000000000000012
0.000000000000000065
-0.000000000000000033
0.000000000000000140
-0.000000000000000168
0.000000000000000171
-0.000000000000000190
0.000000000000000171
-0.000000000000000186
0.000000000000000196
-0.000000000000000179
0.000000000000000172
-0.000000000000000165
0.000000000000000138
-0.000000000000000144
0.000000000000000125
-0.000000000000000136
0.000000000000000132
-0.000000000000000126
0.000000000000000133
-0.000000000000000105
0.000000000000000120
-0.000000000000000092
0.000000000000000106
-0.000000000000000086
0.000000000000000085
-0.000000000000000085
0.000000000000000075
-0.000000000000000074
0.000000000000000073
-0.000000000000000059
0.000000000000000048
-0.000000000000000049
0.000000000000000038
-0.000000000000000031
0.000000000000000027
-0.000000000000000024
0.000000000000000019
-0.000000000000000016
0.000000000000000011
-0.000000000000000011
0.000000000000000008
-0.000000000000000005
0.000000000000000005
-0.000000000000000005
0.000000000000000003
-0.000000000000000003
0.000000000000000001
-0.000000000000000001
0.000000000000000001
-0.000000000000000001
0.000000000000000001
-0.000000000000000000
0.000000000000000000
-0.000000000000000000
0.000000000000000000
-0.000000000000000000
0.000000000000000000
-0.000000000000000000
0.000000000000000000
-0.000000000000000000
0.000000000000000000
-0.000000000000000000
0.000000000000000000
-0.000000000000000000
0.000000000000000000
-0.000000000000000000
0.000000000000000000
-0.000000000000000000
0.000000000000000000
-0.000000000000000000
0.000000000000000000
-0.000000000000000000
0.000000000000000000
-0.000000000000000000
0.000000000000000000
0.000000000000000000
-0.000000000000000000
0.000000000000000000
-0.000000000000000000
0.000000000000000000
-0.000000000000000000
-0.000000000000000000
0.000000000000000000
-0.000000000000000000
0.000000000000000000
-0.000000000000000000
-0.000000000000000000
0.000000000000000000
-0.000000000000000000
0.000000000000000000
-0.000000000000000000
0.000000000000000000
0.000000000000000000
-0.000000000000000000
0.000000000000000000
-0.000000000000000000
0.000000000000000000
0.000000000000000000
-0.000000000000000000
0.000000000000000000
-0.000000000000000000
0.000000000000000000
-0.000000000000000000
-0.000000000000000000
0.000000000000000000
-0.000000000000000000
-0.000000000000000000
0.000000000000000000
-0.000000000000000000
0.000000000000000000
-0.000000000000000000
0.000000000000000000
-0.000000000000000000
0.000000000000000000
-0.000000000000000000
0.000000000000000000
-0.000000000000000000
0.000000000000000000
-0.000000000000000000
0.000000000000000000
-0.000000000000000000
0.000000000000000000
-0.000000000000000000
0.000000000000000000
-0.000000000000000000
0.000000000000000000
-0.000000000000000000
0.000000000000000000
-0.000000000000000000
0.000000000000000000
-0.000000000000000000
0.000000000000000000
-0.000000000000000000
0.000000000000000000
0.000000000000000000
-0.000000000000000000
0.000000000000000000
-0.000000000000000000
0.000000000000000000
-0.000000000000000000
0.000000000000000000
-0.000000000000000000
0.000000000000000000
-0.000000000000000000
0.000000000000000000
-0.000000000000000000
0.000000000000000000
-0.000000000000000000
0.000000000000000000
0.000000000000000000
-0.000000000000000000
0.000000000000000000
-0.000000000000000000
0.000000000000000000
-0.000000000000000000
0.000000000000000000
-0.000000000000000000
0.000000000000000000
-0.000000000000000000
0.000000000000000000
-0.000000000000000000
0.000000000000000000
-0.000000000000000000
-0.000000000000000000
0.000000000000000000
-0.000000000000000000
0.000000000000000000
-0.000000000000000000
0.000000000000000000
-0.000000000000000000
0.000000000000000000
-0.000000000000000000
0.000000000000000000
-0.000000000000000000
0.000000000000000000
-0.000000000000000000
0.000000000000000000
0.000000000000000000
-0.000000000000000000
0.000000000000000000
-0.000000000000000000
0.000000000000000000
-0.000000000000000000
0.000000000000000000
0.000000000000000000
-0.000000000000000000
0.000000000000000000
0.000000000000000000
-0.000000000000000000
0.000000000000000000
0.000000000000000000
-0.000000000000000000
0.000000000000000000
-0.000000000000000000
0.000000000000000000
-0.000000000000000000
0.000000000000000000
0.000000000000000000
-0.000000000000000000
0.000000000000000000
-0.000000000000000000
0.000000000000000000
-0.000000000000000000
0.000000000000000000
-0.000000000000000000
0.000000000000000000
-0.000000000000000000
0.000000000000000000
-0.000000000000000000
0.000000000000000000
0.000000000000000000
-0.000000000000000000
0.000000000000000000
-0.000000000000000000
0.000000000000000000
-0.000000000000000000
-0.000000000000000000
0.000000000000000000
-0.000000000000000000
0.000000000000000000
0.000000000000000000
-0.000000000000000000
0.000000000000000000
0.000000000000000000
-0.000000000000000000
0.000000000000000000
-0.000000000000000000
0.000000000000000000
