0.000000000000000
-0.000000000000000
0.000000000000000
0.000000000000000
0.000000000000000
0.000000000000000
0.000000000000000
0.000000000000000
0.000000000000000
0.000000000000000
0.000000000000000
0.000000000000000
0.000000000000000
-0.000000000000000
-0.000000000000000
0.000000000000000
-0.000000000000000
-0.000000000000000
0.000000000000000
-0.000000000000000
-0.000000000000000
0.000000000000000
-0.000000000000000
-0.000000000000000
0.000000000000000
0.000000000000000
-0.000000000000000
-0.000000000000000
0.000000000000000
0.000000000000000
-0.000000000000000
0.000000000000000
0.000000000000000
0.000000000000000
0.000000000000001
0.000000000000001
0.000000000000000
0.000000000000000
0.000000000000000
0.000000000000000
0.000000000000000
0.000000000000000
0.000000000000001
0.000000000000000
-0.000000000000000
-0.000000000000000
-0.000000000000000
-0.000000000000000
-0.000000000000000
-0.000000000000000
-0.000000000000000
-0.000000000000000
-0.000000000000000
-0.000000000000000
0.000000000000000
0.000000000000000
-0.000000000000000
0.000000000000000
0.000000000000000
-0.000000000000000
0.000000000000000
0.000000000000000
0.000000000000000
-0.000000000000000
-0.000000000000000
-0.000000000000001
-0.000000000000001
-0.000000000000001
-0.000000000000001
-0.000000000000001
-0.000000000000001
-0.000000000000001
-0.000000000000001
-0.000000000000001
-0.000000000000000
-0.000000000000001
-0.000000000000001
-0.000000000000000
-0.000000000000001
-0.000000000000001
0.000000000000000
-0.000000000000000
-0.000000000000000
-0.000000000000000
-0.000000000000000
0.000000000000000
-0.000000000000000
-0.000000000000000
-0.000000000000000
-0.000000000000000
-0.000000000000000
0.000000000000000
-0.000000000000000
-0.000000000000000
-0.000000000000000
0.000000000000000
-0.000000000000000
-0.000000000000000
-0.000000000000001
-0.000000000000001
-0.000000000000000
-0.000000000000000
-0.000000000000000
-0.000000000000001
-0.000000000000001
-0.000000000000000
-0.000000000000000
-0.000000000000000
-0.000000000000000
-0.000000000000000
-0.000000000000000
-0.000000000000000
-0.000000000000000
-0.000000000000000
-0.000000000000000
-0.000000000000000
-0.000000000000000
0.000000000000000
-0.000000000000000
-0.000000000000000
-0.000000000000000
0.000000000000000
0.000000000000000
0.000000000000000
0.000000000000000
0.000000000000000
0.000000000000000
-0.000000000000000
-0.000000000000001
-0.000000000000001
-0.000000000000001
-0.000000000000001
-0.000000000000000
-0.000000000000000
0.000000000000000
0.000000000000001
0.000000000000001
0.000000000000001
0.000000000000001
0.000000000000001
0.000000000000000
-0.000000000000000
-0.000000000000001
-0.000000000000001
-0.000000000000001
-0.000000000000000
-0.000000000000000
-0.000000000000000
-0.000000000000000
-0.000000000000000
-0.000000000000000
-0.000000000000000
-0.000000000000001
-0.000000000000000
-0.000000000000000
0.000000000000000
0.000000000000000
0.000000000000000
0.000000000000001
0.000000000000000
0.000000000000000
0.000000000000000
0.000000000000000
-0.000000000000000
-0.000000000000000
-0.000000000000001
-0.000000000000001
-0.000000000000001
-0.000000000000001
-0.000000000000001
-0.000000000000000
-0.000000000000001
-0.000000000000000
0.000000000000000
0.000000000000000
0.000000000000000
0.000000000000000
0.000000000000000
0.000000000000000
0.000000000000000
0.000000000000000
-0.000000000000000
0.000000000000000
0.000000000000000
0.000000000000000
0.000000000000001
0.000000000000001
0.000000000000002
0.000000000000002
0.000000000000001
0.000000000000001
0.000000000000001
-0.000000000000000
-0.000000000000000
0.000000000000000
-0.000000000000000
0.000000000000000
0.000000000000000
0.000000000000001
0.000000000000000
0.000000000000001
0.000000000000001
0.000000000000001
0.000000000000000
0.000000000000000
0.000000000000000
-0.000000000000001
-0.000000000000001
-0.000000000000001
-0.000000000000002
-0.000000000000002
-0.000000000000002
-0.000000000000002
-0.000000000000003
-0.000000000000003
-0.000000000000004
-0.000000000000004
-0.000000000000006
-0.000000000000008
-0.000000000000010
-0.000000000000015
-0.000000000000022
-0.000000000000032
-0.000000000000046
-0.000000000000067
-0.000000000000096
-0.000000000000137
-0.000000000000196
-0.000000000000280
-0.000000000000399
-0.000000000000567
-0.000000000000805
-0.000000000001141
-0.000000000001611
-0.000000000002272
-0.000000000003197
-0.000000000004488
-0.000000000006288
-0.000000000008788
-0.000000000012254
-0.000000000017048
-0.000000000023664
-0.000000000032773
-0.000000000045283
-0.000000000062426
-0.000000000085865
-0.000000000117834
-0.000000000161341
-0.000000000220409
-0.000000000300419
-0.000000000408541
-0.000000000554315
-0.000000000750394
-0.000000001013523
-0.000000001365807
-0.000000001836350
-0.000000002463383
-0.000000003296996
-0.000000004402652
-0.000000005865693
-0.000000007797100
-0.000000010340824
-0.000000013683122
-0.000000018064368
-0.000000023794002
-0.000000031269355
-0.000000040999318
-0.000000053633999
-0.000000070001785
-0.000000091155518
-0.000000118429873
-0.000000153512420
-0.000000198531410
-0.000000256163873
-0.000000329768337
-0.000000423547290
-0.000000542745451
-0.000000693890977
-0.000000885088042
-0.000001126370571
-0.000001430128612
-0.000001811620589
-0.000002289586774
-0.000002886981590
-0.000003631844857
-0.000004558334921
-0.000005707949559
-0.000007130963865
-0.000008888117767
-0.000011052589491
-0.000013712295116
-0.000016972558276
-0.000020959197966
-0.000025822086323
-0.000031739231880
-0.000038921447166
-0.000047617662420
-0.000058120949304
-0.000070775319910
-0.000085983366405
-0.000104214805501
-0.000126015988902
-0.000152020435909
-0.000182960436978
-0.000219679766902
-0.000263147533058
-0.000314473167495
-0.000374922551154
-0.000445935233880
-0.000529142684932
-0.000626387475017
-0.000739743252580
-0.000871535333887
-0.001024361678613
-0.001201113970341
-0.001404998464968
-0.001639556210114
-0.001908682176020
-0.002216642774059
-0.002568091174165
-0.002968079768620
-0.003422069068526
-0.003935932262760
-0.004515954619619
-0.005168826870852
-0.005901631689114
-0.006721822355565
-0.007637192717105
-0.008655837555416
-0.009786102535020
-0.011036522967543
-0.012415750726460
-0.013932468772497
-0.015595292906088
-0.017412660550305
-0.019392706585817
-0.021543126507625
-0.023871027450104
-0.026382767929539
-0.029083787478110
-0.031978427685589
-0.035069746518921
-0.038359328148474
-0.041847090865436
-0.045531096018554
-0.049407361221015
-0.053469681369436
-0.057709461266465
-0.062115563835763
-0.066674178052928
-0.071368710778319
-0.076179706658813
-0.081084800157395
-0.086058703565740
-0.091073234551217
-0.096097386383350
-0.101097443475988
-0.106037144272583
-0.110877892798610
-0.115579019415350
-0.120098090444267
-0.124391265404775
-0.128413699637079
-0.132119989084803
-0.135464653010373
-0.138402649432322
-0.140889917131479
-0.142883937196864
-0.144344306296104
-0.145233313182945
-0.145516509417868
-0.145163264896775
-0.144147298574454
-0.142447174747450
-0.140046755434938
-0.136935599771454
-0.133109301902202
-0.128569759645795
-0.123325367150923
-0.117391125907968
-0.110788669764452
-0.103546201010481
-0.095698336119081
-0.087285861315132
-0.078355399771777
-0.068958993858866
-0.059153607457964
-0.049000554876191
-0.038564864301583
-0.027914585012566
-0.017120048653437
-0.006253095790133
0.004613720355728
0.015407940647860
0.026058004702110
0.036494040977844
0.046648630090444
0.056457529681206
0.065860349949734
0.074801169932879
0.083229085779832
0.091098683597103
0.098370430888496
0.105010982159631
0.110993395858578
0.116297261447157
0.120908737005452
0.124820499330182
0.128031609962919
0.130547301947008
0.132378693336065
0.133542434540127
0.134060297480439
0.133958715217973
0.133268281216633
0.132023217697232
0.130260822635361
0.128020904862103
0.125345216452672
0.122276891149446
0.118859896980634
0.115138510524806
0.111156819457066
0.106958259118528
0.102585187901083
0.098078505258079
0.093477315161755
0.088818636851733
0.084137163775744
0.079465070731713
0.074831868394780
0.070264303666327
0.065786303624423
0.061418960293254
0.057180552987149
0.053086604624229
0.049149968144409
0.045380939003292
0.041787389641922
0.038374921845741
0.035147032995995
0.032105292373995
0.029249523893342
0.026577991896866
0.024087586953665
0.021774008916802
0.019631944844510
0.017655239737998
0.015837058398991
0.014170037052563
0.012646423709524
0.011258206552053
0.009997229912458
0.008855297674641
0.007824264158736
0.006896112750472
0.006063022707409
0.005317424714810
0.004652045875455
0.004059944901671
0.003534538336233
0.003069618663760
0.002659365188415
0.002298348549526
0.001981529727060
0.001704254356188
0.001462243127046
0.001251578994762
0.001068691867918
0.000910341383083
0.000773598310545
0.000655825073558
0.000554655801621
0.000467976278531
0.000393904089280
0.000330769216776
0.000277095290407
0.000231581644046
0.000193086301183
0.000160609969642
0.000133281097696
0.000110342017096
0.000091136176393
0.000075096449711
0.000061734491386
0.000050631095404
0.000041427509911
0.000033817650915
0.000027541155314
0.000022377211224
0.000018139102969
0.000014669408696
0.000011835790238
0.000009527317206
0.000007651270281
0.000006130372019
0.000004900397116
0.000003908117815
0.000003109543899
0.000002468420444
0.000001954950111
0.000001544710186
0.000001217737819
0.000000957759963
0.000000751547255
0.000000588373699
0.000000459566273
0.000000358130713
0.000000278441569
0.000000215986305
0.000000167154675
0.000000129065908
0.000000099427326
0.000000076419058
0.000000058600292
0.000000044833284
0.000000034221924
0.000000026062248
0.000000019802651
0.000000015012022
0.000000011354289
0.000000008568128
0.000000006450859
0.000000004845686
0.000000003631611
0.000000002715502
0.000000002025854
0.000000001507904
0.000000001119817
0.000000000829713
0.000000000613363
0.000000000452393
0.000000000332907
0.000000000244422
0.000000000179047
0.000000000130859
0.000000000095422
0.000000000069424
0.000000000050394
0.000000000036497
0.000000000026372
0.000000000019013
0.000000000013676
0.000000000009815
0.000000000007028
0.000000000005021
0.000000000003579
0.000000000002546
0.000000000001806
0.000000000001279
0.000000000000904
0.000000000000637
0.000000000000448
0.000000000000314
0.000000000000220
0.000000000000153
0.000000000000107
0.000000000000075
0.000000000000051
0.000000000000036
0.000000000000025
0.000000000000017
0.000000000000012
0.000000000000008
0.000000000000005
0.000000000000004
0.000000000000002
0.000000000000002
0.000000000000001
0.000000000000001
0.000000000000001
0.000000000000000
0.000000000000000
0.000000000000001
-0.000000000000000
0.000000000000000
0.000000000000000
0.000000000000000
0.000000000000000
-0.000000000000000
0.000000000000000
0.000000000000000
0.000000000000000
0.000000000000000
-0.000000000000000
0.000000000000000
-0.000000000000000
-0.000000000000000
0.000000000000000
-0.000000000000000
0.000000000000000
-0.000000000000000
0.000000000000000
0.000000000000000
-0.000000000000000
0.000000000000000
-0.000000000000000
0.000000000000000
-0.000000000000000
-0.000000000000000
-0.000000000000000
0.000000000000000
-0.000000000000000
0.000000000000000
-0.000000000000000
0.000000000000000
-0.000000000000000
0.000000000000000
-0.000000000000000
-0.000000000000000
-0.000000000000000
0.000000000000000
-0.000000000000000
0.000000000000000
-0.000000000000000
0.000000000000000
-0.000000000000000
-0.000000000000000
-0.000000000000000
-0.000000000000000
-0.000000000000000
0.000000000000000
-0.000000000000000
0.000000000000000
-0.000000000000000
0.000000000000000
-0.000000000000000
0.000000000000000
-0.000000000000000
0.000000000000000
-0.000000000000000
0.000000000000000
-0.000000000000000
0.000000000000000
0.000000000000000
-0.000000000000000
0.000000000000000
-0.000000000000000
-0.000000000000000
0.000000000000000
-0.000000000000000
0.000000000000000
-0.000000000000000
0.000000000000000
-0.000000000000000
-0.000000000000000
0.000000000000000
-0.000000000000000
-0.000000000000000
0.000000000000000
-0.000000000000000
0.000000000000000
-0.000000000000000
0.000000000000000
-0.000000000000000
0.000000000000000
0.000000000000000
0.000000000000000
0.000000000000000
-0.000000000000000
0.000000000000000
-0.000000000000000
0.000000000000000
-0.000000000000000
-0.000000000000000
0.000000000000000
-0.000000000000000
-0.000000000000000
0.000000000000000
-0.000000000000000
0.000000000000000
0.000000000000000
-0.000000000000000
0.000000000000000
-0.000000000000000
0.000000000000000
-0.000000000000000
0.000000000000000
-0.000000000000000
0.000000000000000
-0.000000000000000
0.000000000000000
-0.000000000000000
0.000000000000000
0.000000000000000
-0.000000000000000
0.000000000000000
-0.000000000000000
-0.000000000000000
0.000000000000000
-0.000000000000000
0.000000000000000
-0.000000000000000
0.000000000000000
0.000000000000000
-0.000000000000000
0.000000000000000
-0.000000000000000
0.000000000000000
-0.000000000000000
0.000000000000000
0.000000000000000
0.000000000000000
-0.000000000000000
-0.000000000000000
-0.000000000000000
0.000000000000000
-0.000000000000000
0.000000000000000
0.000000000000000
-0.000000000000000
0.000000000000000
-0.000000000000000
0.000000000000000
-0.000000000000000
0.000000000000000
0.000000000000000
-0.000000000000000
0.000000000000000
-0.000000000000000
-0.000000000000000
0.000000000000000
0.000000000000000
-0.000000000000000
0.000000000000000
-0.000000000000000
0.000000000000000
0.000000000000000
-0.000000000000000
0.000000000000000
-0.000000000000000
0.000000000000000
0.000000000000000
-0.000000000000000
0.000000000000000
-0.000000000000000
0.000000000000000
-0.000000000000000
-0.000000000000000
0.000000000000000
-0.000000000000000
0.000000000000000
-0.000000000000000
-0.000000000000000
0.000000000000000
-0.000000000000000
0.000000000000001
-0.000000000000000
0.000000000000000
-0.000000000000000
-0.000000000000000
0.000000000000000
-0.000000000000000
-0.000000000000000
0.000000000000000
-0.000000000000000
0.000000000000000
-0.000000000000000
0.000000000000000
-0.000000000000000
0.000000000000000
0.000000000000000
0.000000000000000
-0.000000000000000
0.000000000000000
-0.000000000000000
0.000000000000000
-0.000000000000000
0.000000000000000
-0.000000000000000
-0.000000000000000
0.000000000000000
-0.000000000000000
0.000000000000000
-0.000000000000000
-0.000000000000000
0.000000000000000
-0.000000000000000
0.000000000000000
0.000000000000000
-0.000000000000000
0.000000000000000
-0.000000000000000
0.000000000000000
0.000000000000000
-0.000000000000000
0.000000000000000
-0.000000000000000
0.000000000000000
0.000000000000000
-0.000000000000000
0.000000000000000
-0.000000000000000
-0.000000000000000
0.000000000000000
-0.000000000000000
0.000000000000000
0.000000000000000
-0.000000000000000
0.000000000000000
-0.000000000000000
0.000000000000000
-0.000000000000000
0.000000000000000
-0.000000000000000
0.000000000000000
-0.000000000000000
0.000000000000000
-0.000000000000000
0.000000000000000
0.000000000000000
-0.000000000000000
0.000000000000000
-0.000000000000000
0.000000000000000
-0.000000000000000
0.000000000000000
0.000000000000000
0.000000000000000
-0.000000000000000
-0.000000000000000
0.000000000000000
-0.000000000000000
0.000000000000000
-0.000000000000000
-0.000000000000000
0.000000000000000
-0.000000000000000
0.000000000000000
-0.000000000000000
0.000000000000000
0.000000000000000
-0.000000000000000
0.000000000000000
-0.000000000000000
0.000000000000000
-0.000000000000000
0.000000000000000
-0.000000000000000
0.000000000000000
-0.000000000000000
0.000000000000000
0.000000000000000
0.000000000000000
-0.000000000000000
0.000000000000000
-0.000000000000000
0.000000000000000
-0.000000000000000
-0.000000000000000
0.000000000000000
-0.000000000000000
0.000000000000000
0.000000000000000
-0.000000000000000
0.000000000000000
-0.000000000000000
0.000000000000000
0.000000000000000
-0.000000000000000
0.000000000000000
-0.000000000000000
0.000000000000000
-0.000000000000000
0.000000000000000
0.000000000000000
-0.000000000000000
0.000000000000000
-0.000000000000000
0.000000000000000
0.000000000000000
-0.000000000000000
0.000000000000000
-0.000000000000000
-0.000000000000000
0.000000000000000
-0.000000000000000
0.000000000000000
-0.000000000000000
0.000000000000000
0.000000000000000
-0.000000000000000
0.000000000000000
-0.000000000000000
0.000000000000000
-0.000000000000000
0.000000000000000
-0.000000000000000
0.000000000000000
0.000000000000000
-0.000000000000000
0.000000000000000
0.000000000000000
-0.000000000000000
0.000000000000000
-0.000000000000000
-0.000000000000000
0.000000000000000
-0.000000000000000
-0.000000000000000
0.000000000000000
-0.000000000000000
0.000000000000000
-0.000000000000000
-0.000000000000000
0.000000000000000
-0.000000000000000
0.000000000000000
0.000000000000000
-0.000000000000000
0.000000000000000
-0.000000000000000
0.000000000000000
-0.000000000000000
-0.000000000000000
0.000000000000000
0.000000000000000
-0.000000000000000
-0.000000000000000
0.000000000000000
-0.000000000000000
0.000000000000000
0.000000000000000
-0.000000000000000
-0.000000000000000
0.000000000000000
-0.000000000000000
0.000000000000000
0.000000000000000
-0.000000000000000
0.000000000000000
-0.000000000000000
0.000000000000000
0.000000000000000
-0.000000000000000
-0.000000000000000
0.000000000000000
-0.000000000000000
0.000000000000000
0.000000000000000
-0.000000000000000
0.000000000000000
-0.000000000000000
-0.000000000000000
0.000000000000000
-0.000000000000000
-0.000000000000000
0.000000000000000
-0.000000000000000
0.000000000000000
0.000000000000000
-0.000000000000000
0.000000000000000
0.000000000000000
-0.000000000000000
0.000000000000000
-0.000000000000000
-0.000000000000000
0.000000000000000
-0.000000000000000
0.000000000000000
-0.000000000000000
0.000000000000000
-0.000000000000000
0.000000000000000
-0.000000000000000
0.000000000000000
-0.000000000000000
0.000000000000000
-0.000000000000000
-0.000000000000000
0.000000000000000
-0.000000000000000
0.000000000000000
-0.000000000000000
-0.000000000000000
0.000000000000000
-0.000000000000000
0.000000000000000
-0.000000000000000
-0.000000000000000
0.000000000000000
-0.000000000000000
0.000000000000000
0.000000000000000
-0.000000000000000
0.000000000000000
-0.000000000000000
-0.000000000000000
0.000000000000000
-0.000000000000000
0.000000000000000
-0.000000000000000
0.000000000000000
-0.000000000000000
-0.000000000000000
0.000000000000000
-0.000000000000000
0.000000000000000
-0.000000000000000
-0.000000000000000
0.000000000000000
-0.000000000000000
0.000000000000000
-0.000000000000000
-0.000000000000000
0.000000000000000
-0.000000000000000
0.000000000000000
-0.000000000000000
0.000000000000000
-0.000000000000000
0.000000000000000
-0.000000000000000
0.000000000000000
-0.000000000000000
0.000000000000000
-0.000000000000000
0.000000000000000
-0.000000000000000
0.000000000000000
-0.000000000000000
0.000000000000000
0.000000000000000
-0.000000000000000
0.000000000000000
-0.000000000000000
-0.000000000000000
0.000000000000000
-0.000000000000000
0.000000000000000
-0.000000000000000
0.000000000000000
-0.000000000000000
-0.000000000000000
0.000000000000000
-0.000000000000000
0.000000000000000
-0.000000000000000
0.000000000000000
-0.000000000000000
0.000000000000000
-0.000000000000000
0.000000000000000
0.000000000000000
-0.000000000000000
0.000000000000000
0.000000000000000
0.000000000000000
-0.000000000000000
0.000000000000001
-0.000000000000000
0.000000000000000
0.000000000000000
-0.000000000000000
0.000000000000000
0.000000000000000
-0.000000000000001
0.000000000000000
