0.000000000000000
0.000000000000000
0.000000000000000
0.000000000000000
0.000000000000000
0.000000000000000
-0.000000000000000
0.000000000000000
0.000000000000000
-0.000000000000000
-0.000000000000000
-0.000000000000000
-0.000000000000000
-0.000000000000000
-0.000000000000000
0.000000000000000
0.000000000000000
0.000000000000000
0.000000000000001
0.000000000000000
-0.000000000000000
-0.000000000000000
-0.000000000000000
0.000000000000000
-0.000000000000000
-0.000000000000000
-0.000000000000000
-0.000000000000000
-0.000000000000000
-0.000000000000000
-0.000000000000000
0.000000000000000
0.000000000000000
0.000000000000000
0.000000000000001
0.000000000000001
0.000000000000000
0.000000000000000
0.000000000000001
0.000000000000001
0.000000000000000
0.000000000000000
0.000000000000000
0.000000000000000
0.000000000000000
-0.000000000000000
-0.000000000000000
-0.000000000000000
-0.000000000000000
0.000000000000000
0.000000000000000
0.000000000000000
0.000000000000000
0.000000000000000
0.000000000000000
0.000000000000000
-0.000000000000000
0.000000000000000
-0.000000000000000
-0.000000000000000
-0.000000000000000
-0.000000000000000
-0.000000000000000
-0.000000000000000
-0.000000000000000
-0.000000000000000
-0.000000000000000
-0.000000000000000
-0.000000000000000
-0.000000000000000
-0.000000000000000
-0.000000000000000
-0.000000000000000
-0.000000000000000
-0.000000000000000
-0.000000000000000
-0.000000000000000
-0.000000000000000
-0.000000000000000
0.000000000000000
0.000000000000000
0.000000000000000
0.000000000000001
0.000000000000000
0.000000000000000
0.000000000000001
0.000000000000000
0.000000000000001
0.000000000000001
0.000000000000000
0.000000000000001
0.000000000000000
0.000000000000000
0.000000000000000
0.000000000000000
0.000000000000000
-0.000000000000000
-0.000000000000000
-0.000000000000000
-0.000000000000000
0.000000000000000
0.000000000000000
0.000000000000000
0.000000000000000
0.000000000000000
0.000000000000000
0.000000000000000
-0.000000000000000
-0.000000000000000
-0.000000000000000
-0.000000000000000
-0.000000000000000
0.000000000000000
0.000000000000000
-0.000000000000000
-0.000000000000000
-0.000000000000000
-0.000000000000000
-0.000000000000000
-0.000000000000000
0.000000000000000
0.000000000000000
0.000000000000001
0.000000000000001
0.000000000000001
0.000000000000001
0.000000000000001
0.000000000000000
0.000000000000000
0.000000000000000
0.000000000000000
0.000000000000000
0.000000000000000
0.000000000000000
0.000000000000000
-0.000000000000000
-0.000000000000001
-0.000000000000001
-0.000000000000001
-0.000000000000001
-0.000000000000001
-0.000000000000000
-0.000000000000001
-0.000000000000001
-0.000000000000001
-0.000000000000001
-0.000000000000001
-0.000000000000001
-0.000000000000000
-0.000000000000001
-0.000000000000001
-0.000000000000001
-0.000000000000001
-0.000000000000001
-0.000000000000002
-0.000000000000002
-0.000000000000001
-0.000000000000001
-0.000000000000000
-0.000000000000000
-0.000000000000000
-0.000000000000000
-0.000000000000001
-0.000000000000001
-0.000000000000001
-0.000000000000001
-0.000000000000001
-0.000000000000001
-0.000000000000000
-0.000000000000000
-0.000000000000000
-0.000000000000000
-0.000000000000000
0.000000000000000
0.000000000000000
-0.000000000000000
0.000000000000000
0.000000000000000
-0.000000000000000
-0.000000000000001
-0.000000000000000
0.000000000000000
0.000000000000000
0.000000000000000
0.000000000000001
0.000000000000001
0.000000000000001
0.000000000000000
0.000000000000000
0.000000000000000
-0.000000000000000
-0.000000000000000
-0.000000000000001
-0.000000000000001
-0.000000000000001
-0.000000000000001
-0.000000000000001
-0.000000000000001
-0.000000000000001
-0.000000000000001
-0.000000000000001
-0.000000000000001
-0.000000000000001
0.000000000000000
0.000000000000000
0.000000000000002
0.000000000000003
0.000000000000005
0.000000000000008
0.000000000000013
0.000000000000019
0.000000000000027
0.000000000000040
0.000000000000058
0.000000000000085
0.000000000000123
0.000000000000179
0.000000000000260
0.000000000000376
0.000000000000543
0.000000000000783
0.000000000001125
0.000000000001611
0.000000000002302
0.000000000003280
0.000000000004664
0.000000000006615
0.000000000009361
0.000000000013216
0.000000000018615
0.000000000026157
0.000000000036668
0.000000000051282
0.000000000071552
0.000000000099599
0.000000000138315
0.000000000191627
0.000000000264862
0.000000000365226
0.000000000502433
0.000000000689554
0.000000000944132
0.000000001289643
0.000000001757431
0.000000002389230
0.000000003240467
0.000000004384563
0.000000005918519
0.000000007970157
0.000000010707466
0.000000014350649
0.000000019187586
0.000000025593637
0.000000034056926
0.000000045210523
0.000000059873289
0.000000079101552
0.000000104254304
0.000000137075188
0.000000179795283
0.000000235261592
0.000000307097111
0.000000399899644
0.000000519487968
0.000000673205597
0.000000870294451
0.000001122352991
0.000001443896033
0.000001853036535
0.000002372313079
0.000003029690748
0.000003859767467
0.000004905222857
0.000006218552067
0.000007864133033
0.000009920682120
0.000012484160022
0.000015671197170
0.000019623115576
0.000024510631880
0.000030539334214
0.000037956033148
0.000047056094104
0.000058191864876
0.000071782316947
0.000088324022519
0.000108403590140
0.000132711679785
0.000162058712571
0.000197392380132
0.000239817043192
0.000290615087183
0.000351270273871
0.000423493090953
0.000509248055528
0.000610782871350
0.000730659273061
0.000871785312559
0.001037448752786
0.001231351132541
0.001457641952364
0.001720952306969
0.002026427154959
0.002379755273478
0.002787195796134
0.003255600080039
0.003792427495788
0.004405753587065
0.005104268909667
0.005897266738953
0.006794617736931
0.007806729602675
0.008944489700541
0.010219188677925
0.011642423156637
0.013225975717634
0.014981670605955
0.016921203868360
0.019055947006675
0.021396723689730
0.023953559618721
0.026735406285227
0.029749840095276
0.033002739151183
0.036497940875967
0.040236884619789
0.044218244386805
0.048437557842674
0.052886858782077
0.057554321222662
0.062423924213812
0.067475147269556
0.072682707016694
0.078016346152390
0.083440686090392
0.088915154703379
0.094394000304779
0.099826402425049
0.105156688998952
0.110324668273186
0.115266082058202
0.119913184885050
0.124195451200071
0.128040409962505
0.131374602941301
0.134124659690050
0.136218478679027
0.137586500459998
0.138163055123350
0.137887762779411
0.136706962465144
0.134575141857691
0.131456337583111
0.127325473856134
0.122169605782876
0.115989033001902
0.108798249513972
0.100626696624208
0.091519287936818
0.081536678322087
0.070755252710209
0.059266815419208
0.047177966426668
0.034609157448050
0.021693427759419
0.008574827242582
-0.004593458045004
-0.017651254566248
-0.030433793283910
-0.042774306527195
-0.054506784521929
-0.065468840342738
-0.075504627046546
-0.084467746956166
-0.092224090643370
-0.098654542241285
-0.103657488385523
-0.107151070387522
-0.109075123179931
-0.109392750091647
-0.108091489508846
-0.105184037810357
-0.100708502438445
-0.094728169347922
-0.087330780102135
-0.078627325263412
-0.068750372150423
-0.057851956190844
-0.046101075672594
-0.033680839390906
-0.020785325224545
-0.007616214806403
0.005620725024697
0.018719239552892
0.031476185984207
0.043695059463696
0.055189371045323
0.065785807201785
0.075327106064828
0.083674592774095
0.090710324872500
0.096338808368853
0.100488255614537
0.103111367210667
0.104185631464524
0.103713146137944
0.101719978073076
0.098255086458541
0.093388844753849
0.087211204398644
0.079829550212448
0.071366302701178
0.061956326237106
0.051744204226309
0.040881442926765
0.029523664582240
0.017827848085599
0.005949671611218
-0.005958993276619
-0.017752392435624
-0.029292967940361
-0.040453175134249
-0.051117015747912
-0.061181272533080
-0.070556438397707
-0.079167340267896
-0.086953464673286
-0.093868998206884
-0.099882601427523
-0.104976939361993
-0.109147995463195
-0.112404198658791
-0.114765394978653
-0.116261696202084
-0.116932238064002
-0.116823879870229
-0.115989875979087
-0.114488547606183
-0.112381980906336
-0.109734774390842
-0.106612855560370
-0.103082383282051
-0.099208749016698
-0.095055686603424
-0.090684497019246
-0.086153391423741
-0.081516952934357
-0.076825715004222
-0.072125852025808
-0.067458975882526
-0.062862030626083
-0.058367276269290
-0.054002351841170
-0.049790407334904
-0.045750293963653
-0.041896802193951
-0.038240937316661
-0.034790222805118
-0.031549022361352
-0.028518872327587
-0.025698817005576
-0.023085740347751
-0.020674688431021
-0.018459178069484
-0.016431487843004
-0.014582928695283
-0.012904092072156
-0.011385074316829
-0.010015676705530
-0.008785581089761
-0.007684501608316
-0.006702313344044
-0.005829159129978
-0.005055535961552
-0.004372362652019
-0.003771030483937
-0.003243438668094
-0.002782016430410
-0.002379733514908
-0.002030100824577
-0.001727162828958
-0.001465483254403
-0.001240125446265
-0.001046628657139
-0.000880981376495
-0.000739592678429
-0.000619262429233
-0.000517151067501
-0.000430749548539
-0.000357849933362
-0.000296517001388
-0.000245061175505
-0.000202012968739
-0.000166099092805
-0.000136220310335
-0.000111431063504
-0.000090920871745
-0.000073997459219
-0.000060071547861
-0.000048643233410
-0.000039289848784
-0.000031655210859
-0.000025440142274
-0.000020394158613
-0.000016308212633
-0.000013008390473
-0.000010350459528
-0.000008215173492
-0.000006504246587
-0.000005136915872
-0.000004047017608
-0.000003180510621
-0.000002493386466
-0.000001949912662
-0.000001521161436
-0.000001183782085
-0.000000918980306
-0.000000711672624
-0.000000549788331
-0.000000423695178
-0.000000325728513
-0.000000249806505
-0.000000191116795
-0.000000145862110
-0.000000111054464
-0.000000084349157
-0.000000063911347
-0.000000048309100
-0.000000036427964
-0.000000027402931
-0.000000020564420
-0.000000015395522
-0.000000011498254
-0.000000008567026
-0.000000006367808
-0.000000004721855
-0.000000003493004
-0.000000002577806
-0.000000001897874
-0.000000001393961
-0.000000001021414
-0.000000000746658
-0.000000000544516
-0.000000000396160
-0.000000000287542
-0.000000000208211
-0.000000000150412
-0.000000000108401
-0.000000000077939
-0.000000000055906
-0.000000000040007
-0.000000000028563
-0.000000000020344
-0.000000000014456
-0.000000000010248
-0.000000000007248
-0.000000000005114
-0.000000000003600
-0.000000000002529
-0.000000000001772
-0.000000000001239
-0.000000000000864
-0.000000000000601
-0.000000000000417
-0.000000000000289
-0.000000000000200
-0.000000000000138
-0.000000000000095
-0.000000000000065
-0.000000000000045
-0.000000000000031
-0.000000000000021
-0.000000000000014
-0.000000000000010
-0.000000000000007
-0.000000000000004
-0.000000000000003
-0.000000000000002
-0.000000000000001
-0.000000000000001
-0.000000000000001
-0.000000000000001
-0.000000000000000
-0.000000000000000
-0.000000000000000
-0.000000000000000
0.000000000000000
-0.000000000000000
0.000000000000000
-0.000000000000000
0.000000000000000
-0.000000000000000
0.000000000000000
-0.000000000000000
0.000000000000000
-0.000000000000000
0.000000000000000
-0.000000000000000
0.000000000000000
-0.000000000000000
0.000000000000000
-0.000000000000000
-0.000000000000000
0.000000000000000
-0.000000000000000
0.000000000000000
-0.000000000000000
0.000000000000000
-0.000000000000000
0.000000000000000
-0.000000000000000
-0.000000000000000
0.000000000000000
-0.000000000000000
0.000000000000000
-0.000000000000000
0.000000000000000
-0.000000000000000
0.000000000000000
0.000000000000000
-0.000000000000000
0.000000000000000
-0.000000000000000
-0.000000000000000
0.000000000000000
0.000000000000000
-0.000000000000000
0.000000000000000
-0.000000000000000
0.000000000000000
-0.000000000000000
0.000000000000000
-0.000000000000000
0.000000000000000
-0.000000000000000
0.000000000000000
-0.000000000000000
-0.000000000000000
0.000000000000000
-0.000000000000000
0.000000000000000
-0.000000000000000
0.000000000000000
-0.000000000000000
-0.000000000000000
0.000000000000000
-0.000000000000000
0.000000000000000
0.000000000000000
-0.000000000000000
0.000000000000000
-0.000000000000000
-0.000000000000000
0.000000000000000
-0.000000000000000
0.000000000000000
0.000000000000000
-0.000000000000000
0.000000000000000
-0.000000000000000
0.000000000000000
0.000000000000000
-0.000000000000000
0.000000000000000
-0.000000000000000
-0.000000000000000
0.000000000000000
0.000000000000000
-0.000000000000000
0.000000000000000
-0.000000000000000
0.000000000000000
-0.000000000000000
0.000000000000000
-0.000000000000000
-0.000000000000000
-0.000000000000000
0.000000000000000
0.000000000000000
0.000000000000000
0.000000000000000
-0.000000000000000
-0.000000000000000
-0.000000000000000
-0.000000000000000
0.000000000000000
-0.000000000000000
0.000000000000000
0.000000000000000
0.000000000000000
-0.000000000000000
0.000000000000000
-0.000000000000000
0.000000000000000
-0.000000000000000
0.000000000000000
0.000000000000000
-0.000000000000000
0.000000000000000
-0.000000000000000
0.000000000000000
-0.000000000000000
-0.000000000000000
0.000000000000000
-0.000000000000000
0.000000000000000
-0.000000000000000
0.000000000000000
-0.000000000000000
0.000000000000000
-0.000000000000000
0.000000000000000
0.000000000000000
-0.000000000000000
0.000000000000000
-0.000000000000000
0.000000000000000
0.000000000000000
-0.000000000000000
0.000000000000000
-0.000000000000000
0.000000000000000
-0.000000000000000
-0.000000000000000
0.000000000000000
-0.000000000000000
0.000000000000000
0.000000000000000
-0.000000000000000
0.000000000000000
-0.000000000000000
0.000000000000000
0.000000000000000
-0.000000000000000
0.000000000000000
-0.000000000000000
0.000000000000000
0.000000000000000
-0.000000000000000
-0.000000000000000
0.000000000000000
-0.000000000000000
0.000000000000000
-0.000000000000000
0.000000000000000
-0.000000000000000
0.000000000000000
-0.000000000000000
0.000000000000000
-0.000000000000000
0.000000000000000
0.000000000000000
-0.000000000000000
0.000000000000000
-0.000000000000000
0.000000000000000
-0.000000000000000
0.000000000000000
0.000000000000000
-0.000000000000000
0.000000000000000
0.000000000000000
-0.000000000000000
0.000000000000000
-0.000000000000000
-0.000000000000000
0.000000000000000
-0.000000000000000
0.000000000000000
-0.000000000000000
-0.000000000000000
-0.000000000000000
-0.000000000000000
-0.000000000000000
0.000000000000000
-0.000000000000000
0.000000000000000
0.000000000000000
-0.000000000000000
0.000000000000000
-0.000000000000000
0.000000000000000
0.000000000000000
-0.000000000000000
0.000000000000000
-0.000000000000000
-0.000000000000000
0.000000000000000
-0.000000000000000
0.000000000000000
-0.000000000000000
0.000000000000000
0.000000000000000
-0.000000000000000
0.000000000000000
-0.000000000000000
-0.000000000000000
0.000000000000000
-0.000000000000000
0.000000000000000
0.000000000000000
-0.000000000000000
0.000000000000000
0.000000000000000
-0.000000000000000
0.000000000000000
-0.000000000000000
0.000000000000000
0.000000000000000
-0.000000000000000
0.000000000000000
-0.000000000000000
0.000000000000000
0.000000000000000
-0.000000000000000
0.000000000000000
-0.000000000000000
0.000000000000000
-0.000000000000000
0.000000000000000
-0.000000000000000
0.000000000000000
-0.000000000000000
0.000000000000000
-0.000000000000000
0.000000000000000
0.000000000000000
-0.000000000000000
0.000000000000000
-0.000000000000000
0.000000000000000
-0.000000000000000
0.000000000000000
0.000000000000000
-0.000000000000000
0.000000000000000
-0.000000000000000
0.000000000000000
0.000000000000000
-0.000000000000000
0.000000000000000
-0.000000000000000
0.000000000000000
0.000000000000000
-0.000000000000000
0.000000000000000
-0.000000000000000
0.000000000000000
0.000000000000000
-0.000000000000000
-0.000000000000000
0.000000000000000
-0.000000000000000
0.000000000000000
-0.000000000000000
0.000000000000000
-0.000000000000000
-0.000000000000000
0.000000000000000
-0.000000000000000
-0.000000000000000
0.000000000000000
-0.000000000000000
0.000000000000000
-0.000000000000000
0.000000000000000
-0.000000000000000
0.000000000000000
-0.000000000000000
-0.000000000000000
-0.000000000000000
0.000000000000000
-0.000000000000000
0.000000000000000
-0.000000000000000
-0.000000000000000
0.000000000000000
-0.000000000000000
0.000000000000000
-0.000000000000000
-0.000000000000000
0.000000000000000
0.000000000000000
-0.000000000000000
0.000000000000000
0.000000000000000
-0.000000000000000
0.000000000000000
-0.000000000000000
0.000000000000000
-0.000000000000000
0.000000000000000
-0.000000000000000
-0.000000000000000
0.000000000000000
0.000000000000000
0.000000000000000
0.000000000000000
-0.000000000000000
0.000000000000000
-0.000000000000000
-0.000000000000000
0.000000000000000
-0.000000000000000
0.000000000000000
0.000000000000000
-0.000000000000000
0.000000000000000
-0.000000000000000
0.000000000000000
-0.000000000000000
-0.000000000000000
0.000000000000000
-0.000000000000000
0.000000000000000
-0.000000000000000
-0.000000000000000
0.000000000000000
-0.000000000000000
0.000000000000000
-0.000000000000000
0.000000000000000
0.000000000000000
-0.000000000000000
-0.000000000000000
0.000000000000000
-0.000000000000000
0.000000000000000
0.000000000000000
-0.000000000000000
0.000000000000000
-0.000000000000000
-0.000000000000000
0.000000000000000
-0.000000000000000
-0.000000000000000
0.000000000000000
-0.000000000000000
0.000000000000000
0.000000000000000
-0.000000000000000
-0.000000000000000
-0.000000000000000
0.000000000000000
-0.000000000000000
0.000000000000000
0.000000000000000
-0.000000000000000
0.000000000000000
-0.000000000000000
0.000000000000000
0.000000000000000
-0.000000000000000
0.000000000000000
-0.000000000000000
0.000000000000000
0.000000000000000
-0.000000000000000
0.000000000000000
-0.000000000000000
-0.000000000000000
0.000000000000000
-0.000000000000000
-0.000000000000000
0.000000000000000
-0.000000000000000
0.000000000000000
-0.000000000000000
-0.000000000000000
0.000000000000000
-0.000000000000000
0.000000000000000
0.000000000000000
-0.000000000000000
0.000000000000000
-0.000000000000000
0.000000000000000
-0.000000000000000
-0.000000000000000
0.000000000000000
-0.000000000000000
-0.000000000000000
0.000000000000000
-0.000000000000000
0.000000000000000
0.000000000000000
-0.000000000000000
0.000000000000000
-0.000000000000000
0.000000000000000
-0.000000000000000
0.000000000000000
-0.000000000000000
-0.000000000000000
0.000000000000000
-0.000000000000000
-0.000000000000000
0.000000000000000
-0.000000000000000
0.000000000000000
0.000000000000000
-0.000000000000000
0.000000000000000
-0.000000000000000
-0.000000000000000
0.000000000000000
-0.000000000000000
-0.000000000000000
0.000000000000000
-0.000000000000000
0.000000000000000
-0.000000000000000
-0.000000000000000
0.000000000000000
-0.000000000000000
0.000000000000000
0.000000000000000
-0.000000000000000
-0.000000000000000
0.000000000000000
-0.000000000000000
-0.000000000000000
0.000000000000000
-0.000000000000000
-0.000000000000000
0.000000000000000
-0.000000000000000
0.000000000000000
0.000000000000000
-0.000000000000000
-0.000000000000000
0.000000000000000
-0.000000000000000
0.000000000000000
-0.000000000000000
-0.000000000000000
0.000000000000000
-0.000000000000000
0.000000000000000
0.000000000000000
-0.000000000000000
0.000000000000000
-0.000000000000000
0.000000000000000
0.000000000000000
0.000000000000000
-0.000000000000000
0.000000000000000
0.000000000000000
-0.000000000000000
0.000000000000000
-0.000000000000000
-0.000000000000000
0.000000000000000
0.000000000000000
-0.000000000000000
-0.000000000000000
0.000000000000000
-0.000000000000000
