0.000000000000000131
0.000000000000000111
0.000000000000000167
0.000000000000000238
0.000000000000000407
0.000000000000000564
0.000000000000000412
0.000000000000000086
0.000000000000000015
-0.000000000000000026
0.000000000000000185
0.000000000000000246
0.000000000000000256
0.000000000000000439
0.000000000000000665
0.000000000000000557
0.000000000000000190
0.000000000000000092
0.000000000000000118
0.000000000000000316
0.000000000000000331
0.000000000000000059
0.000000000000000097
0.000000000000000145
0.000000000000000045
-0.000000000000000214
-0.000000000000000354
-0.000000000000000172
-0.000000000000000098
-0.000000000000000277
-0.000000000000000443
-0.000000000000000417
-0.000000000000000035
0.000000000000000306
0.000000000000001208
0.000000000000003293
0.000000000000007002
0.000000000000013446
0.000000000000024806
0.000000000000044577
0.000000000000078771
0.000000000000137481
0.000000000000237550
0.000000000000407485
0.000000000000694400
0.000000000001175919
0.000000000001977801
0.000000000003303532
0.000000000005478566
0.000000000009019896
0.000000000014748323
0.000000000023952239
0.000000000038637784
0.000000000061902170
0.000000000098493638
0.000000000155691136
0.000000000244520231
0.000000000381550978
0.000000000591495517
0.000000000910950748
0.000000001394176114
0.000000002120607108
0.000000003205658819
0.000000004815767642
0.000000007189325022
0.000000010668632552
0.000000015738665212
0.000000023081438500
0.000000033649032396
0.000000048761879109
0.000000070258688048
0.000000100663379758
0.000000143414961943
0.000000203165519269
0.000000286168579003
0.000000400880059075
0.000000558556391619
0.000000774071945521
0.000001066941579467
0.000001462612793332
0.000001994540307985
0.000002705949108262
0.000003652273428004
0.000004904098695790
0.000006550772529816
0.000008706633905111
0.000011515162016153
0.000015155034510383
0.000019847160178564
0.000025863088620341
0.000033541489218809
0.000043295278787381
0.000055623905461869
0.000071127014349453
0.000090520470475467
0.000114675439203370
0.000144623985775535
0.000181578411839045
0.000226951657237138
0.000282381185771087
0.000349813942393236
0.000431490122401588
0.000529963097247120
0.000648118562599063
0.000789198835693247
0.000956976402258753
0.001155661658152781
0.001389902351190112
0.001664779188816090
0.001985811214157130
0.002359295796759386
0.002792030797566072
0.003291254192078715
0.003864579151675316
0.004519952731822720
0.005266299718494950
0.006112880171108857
0.007069119266038948
0.008144442596552011
0.009348168523783576
0.010690678945384257
0.012182169817636821
0.013832332226650741
0.015650071424687655
0.017643347106126184
0.019821187172825844
0.022191558297590577
0.024760896442893584
0.027533740353201674
0.030512586258780304
0.033701115087920924
0.037100932644111580
0.040710996781187322
0.044527246321214388
0.048542579314742339
0.052751620668235702
0.057146161259144790
0.061714560609097295
0.066441472564227264
0.071308055371744380
0.076298428702162788
0.081393766959978353
0.086571746871730929
0.091806440847096521
0.097068808824086389
0.102334703286552461
0.107577725869712218
0.112768741229618844
0.117875938425608062
0.122865560738587065
0.127711001143061692
0.132384692935126835
0.136857655076192436
0.141099650073548633
0.145080026455088718
0.148777219226595342
0.152170090740749997
0.155237445951551173
0.157958183292744386
0.160312097622634264
0.162289042744368089
0.163880237581812721
0.165077709667271699
0.165874358717780723
0.166264605295616624
0.166252594585841851
0.165844004122905009
0.165045425921055200
0.163864321954094339
0.162309478996036566
0.160397872629017280
0.158147440035318720
0.155576461742045508
0.152703447006118181
0.149547426366160030
0.146133358791781270
0.142486178493110793
0.138630257374937199
0.134589286643181233
0.130386474910420380
0.126048591469965027
0.121601399736553664
0.117069263906667567
0.112475084041780901
0.107840463767727476
0.103188603374589696
0.098541046539830729
0.093917453466236242
0.089335614251665835
0.084811621770863307
0.080361865597240123
0.076000885703405893
0.071741292087716652
0.067593846798411211
0.063567646137146883
0.059671448783123124
0.055912368733236767
0.052295895217013486
0.048826012795239217
0.045505377499852111
0.042336170690882184
0.039319366769686850
0.036454802005395630
0.033741298742464836
0.031176816109510362
0.028758976159918719
0.026484687201344555
0.024350220778224674
0.022351315228333401
0.020483288414806285
0.018741344244589005
0.017120393978413750
0.015615117696256136
0.014220036080359435
0.012929582910590440
0.011738270014673086
0.010640606960911505
0.009631138964658368
0.008704487353484714
0.007855387778330928
0.007078768686441514
0.006369714185441301
0.005723480549377310
0.005135512449935294
0.004601456763244229
0.004117192058640350
0.003678808169250868
0.003282607882500498
0.002925107878594736
0.002603038090940290
0.002313346347712846
0.002053184070448139
0.001819900054372761
0.001611033842347843
0.001424308440928761
0.001257624492676536
0.001109048864158245
0.000976805722737541
0.000859267637246415
0.000754946657031065
0.000662485712297774
0.000580649486573209
0.000508315862378250
0.000444467655642423
0.000388184644528511
0.000338635705045265
0.000295071902237941
0.000256819644185150
0.000223274210565665
0.000193893661586971
0.000168192864396118
0.000145738611163575
0.000126144731854887
0.000109067552956919
0.000094201699032494
0.000081276030847490
0.000070050418847351
0.000060312535989966
0.000051874919636178
0.000044572293916924
0.000038259018401181
0.000032807081785680
0.000028104134334605
0.000024051707194890
0.000020563608975422
0.000017564420615494
0.000014988314265534
0.000012777912653704
0.000010883267742168
0.000009260950570676
0.000007873208747186
0.000006687304450331
0.000005674884882524
0.000004811423887166
0.000004075728911065
0.000003449490417989
0.000002916926937566
0.000002464452411504
0.000002080383655055
0.000001754684172568
0.000001478732749596
0.000001245140644505
0.000001047582571269
0.000000880649217995
0.000000739719051664
0.000000620843746848
0.000000520657434162
0.000000436293838193
0.000000365314485646
0.000000305646725323
0.000000255528865625
0.000000213466625037
0.000000178193818132
0.000000148638511757
0.000000123893996069
0.000000103193310001
0.000000085888985155
0.000000071434948256
0.000000059371036995
0.000000049309795225
0.000000040924978966
0.000000033942401552
0.000000028131833937
0.000000023300115748
0.000000019285308825
0.000000015951646009
0.000000013185504942
0.000000010891879620
0.000000008991388725
0.000000007417753904
0.000000006115633833
0.000000005038901163
0.000000004149137202
0.000000003414368003
0.000000002808000514
0.000000002307915704
0.000000001895747114
0.000000001556254883
0.000000001276802383
0.000000001046918522
0.000000000857926058
0.000000000702646024
0.000000000575141672
0.000000000470508657
0.000000000384695991
0.000000000314359784
0.000000000256741851
0.000000000209570270
0.000000000170973579
0.000000000139410959
0.000000000113614058
0.000000000092542165
0.000000000075339757
0.000000000061303102
0.000000000049856175
0.000000000040526126
0.000000000032925663
0.000000000026737452
0.000000000021701347
0.000000000017605399
0.000000000014275737
0.000000000011570213
0.000000000009372829
0.000000000007588990
0.000000000006142304
0.000000000004968862
0.000000000004017941
0.000000000003247168
0.000000000002623350
0.000000000002118269
0.000000000001709663
0.000000000001379557
0.000000000001112881
0.000000000000896833
0.000000000000722205
0.000000000000581684
0.000000000000468675
0.000000000000377340
0.000000000000303679
0.000000000000243893
0.000000000000195618
0.000000000000157172
0.000000000000126509
0.000000000000101678
0.000000000000081738
0.000000000000065514
0.000000000000052563
0.000000000000041703
0.000000000000033477
0.000000000000026995
0.000000000000021669
0.000000000000017067
0.000000000000013840
0.000000000000011385
0.000000000000009038
0.000000000000006745
0.000000000000005374
0.000000000000004423
0.000000000000003807
0.000000000000002993
0.000000000000002680
0.000000000000001919
0.000000000000001072
0.000000000000000909
0.000000000000001078
0.000000000000000845
0.000000000000000929
0.000000000000000460
-0.000000000000000111
0.000000000000000565
0.000000000000000407
-0.000000000000000001
0.000000000000000133
0.000000000000000219
-0.000000000000000276
0.000000000000000243
0.000000000000000272
-0.000000000000000137
0.000000000000000182
-0.000000000000000225
-0.000000000000000123
0.000000000000000251
-0.000000000000000133
0.000000000000000084
0.000000000000000028
-0.000000000000000084
-0.000000000000000110
-0.000000000000000213
0.000000000000000634
-0.000000000000000184
0.000000000000000158
-0.000000000000000201
-0.000000000000000175
-0.000000000000000065
0.000000000000000110
0.000000000000000104
0.000000000000000192
0.000000000000000173
-0.000000000000000184
-0.000000000000000557
-0.000000000000000090
0.000000000000000200
0.000000000000000311
0.000000000000000361
-0.000000000000000170
-0.000000000000000375
-0.000000000000000472
0.000000000000000060
0.000000000000000373
0.000000000000000076
0.000000000000000204
0.000000000000000250
-0.000000000000000624
-0.000000000000000446
0.000000000000000216
0.000000000000000349
0.000000000000000184
-0.000000000000000133
-0.000000000000000207
-0.000000000000000024
0.000000000000000271
0.000000000000000118
-0.000000000000000130
-0.000000000000000348
0.000000000000000101
0.000000000000000149
0.000000000000000280
0.000000000000000134
-0.000000000000000470
-0.000000000000000048
0.000000000000000497
0.000000000000000010
-0.000000000000000552
0.000000000000000153
0.000000000000000153
-0.000000000000000081
0.000000000000000074
0.000000000000000033
0.000000000000000033
-0.000000000000000107
-0.000000000000000445
0.000000000000000007
0.000000000000000703
0.000000000000000105
-0.000000000000000302
-0.000000000000000165
0.000000000000000166
0.000000000000000125
-0.000000000000000461
0.000000000000000366
0.000000000000000392
-0.000000000000000125
-0.000000000000000248
-0.000000000000000358
0.000000000000000032
0.000000000000000365
0.000000000000000036
-0.000000000000000160
0.000000000000000188
-0.000000000000000089
-0.000000000000000622
0.000000000000000268
0.000000000000000507
-0.000000000000000004
-0.000000000000000282
0.000000000000000044
-0.000000000000000331
0.000000000000000199
0.000000000000000287
-0.000000000000000147
0.000000000000000230
-0.000000000000000262
-0.000000000000000526
0.000000000000000230
0.000000000000000134
0.000000000000000154
0.000000000000000299
-0.000000000000000035
-0.000000000000000471
0.000000000000000230
0.000000000000000094
-0.000000000000000257
0.000000000000000407
0.000000000000000004
-0.000000000000000062
-0.000000000000000041
-0.000000000000000226
-0.000000000000000046
0.000000000000000091
-0.000000000000000055
0.000000000000000271
0.000000000000000119
-0.000000000000000219
-0.000000000000000154
0.000000000000000307
-0.000000000000000264
-0.000000000000000118
