-0.000000000000189
-0.000000000000394
-0.000000000000607
-0.000000000000831
-0.000000000001070
-0.000000000001331
-0.000000000001619
-0.000000000001938
-0.000000000002296
-0.000000000002699
-0.000000000003155
-0.000000000003672
-0.000000000004262
-0.000000000004934
-0.000000000005703
-0.000000000006582
-0.000000000007587
-0.000000000008738
-0.000000000010055
-0.000000000011562
-0.000000000013286
-0.000000000015259
-0.000000000017516
-0.000000000020098
-0.000000000023050
-0.000000000026424
-0.000000000030278
-0.000000000034681
-0.000000000039707
-0.000000000045444
-0.000000000051990
-0.000000000059455
-0.000000000067967
-0.000000000077667
-0.000000000088717
-0.000000000101300
-0.000000000115621
-0.000000000131916
-0.000000000150449
-0.000000000171519
-0.000000000195464
-0.000000000222664
-0.000000000253551
-0.000000000288610
-0.000000000328389
-0.000000000373505
-0.000000000424654
-0.000000000482618
-0.000000000548282
-0.000000000622636
-0.000000000706799
-0.000000000802025
-0.000000000909726
-0.000000001031486
-0.000000001169085
-0.000000001324522
-0.000000001500036
-0.000000001698143
-0.000000001921660
-0.000000002173744
-0.000000002457931
-0.000000002778181
-0.000000003138924
-0.000000003545115
-0.000000004002294
-0.000000004516654
-0.000000005095111
-0.000000005745387
-0.000000006476104
-0.000000007296876
-0.000000008218428
-0.000000009252712
-0.000000010413045
-0.000000011714258
-0.000000013172860
-0.000000014807219
-0.000000016637765
-0.000000018687206
-0.000000020980781
-0.000000023546516
-0.000000026415531
-0.000000029622355
-0.000000033205291
-0.000000037206805
-0.000000041673957
-0.000000046658876
-0.000000052219281
-0.000000058419050
-0.000000065328846
-0.000000073026800
-0.000000081599266
-0.000000091141638
-0.000000101759252
-0.000000113568366
-0.000000126697239
-0.000000141287299
-0.000000157494431
-0.000000175490366
-0.000000195464216
-0.000000217624130
-0.000000242199104
-0.000000269440961
-0.000000299626488
-0.000000333059776
-0.000000370074755
-0.000000411037956
-0.000000456351499
-0.000000506456348
-0.000000561835834
-0.000000623019478
-0.000000690587133
-0.000000765173465
-0.000000847472813
-0.000000938244433
-0.000001038318178
-0.000001148600628
-0.000001270081716
-0.000001403841867
-0.000001551059714
-0.000001713020403
-0.000001891124546
-0.000002086897854
-0.000002302001515
-0.000002538243340
-0.000002797589750
-0.000003082178648
-0.000003394333239
-0.000003736576850
-0.000004111648826
-0.000004522521554
-0.000004972418694
-0.000005464834690
-0.000006003555630
-0.000006592681541
-0.000007236650200
-0.000007940262547
-0.000008708709787
-0.000009547602286
-0.000010463000338
-0.000011461446922
-0.000012550002544
-0.000013736282274
-0.000015028495083
-0.000016435485599
-0.000017966778405
-0.000019632624982
-0.000021444053434
-0.000023412921121
-0.000025551970312
-0.000027874887009
-0.000030396363059
-0.000033132161691
-0.000036099186617
-0.000039315554825
-0.000042800673208
-0.000046575319150
-0.000050661725223
-0.000055083668113
-0.000059866561911
-0.000065037555896
-0.000070625636936
-0.000076661736634
-0.000083178843312
-0.000090212118973
-0.000097799021320
-0.000105979430930
-0.000114795783674
-0.000124293208450
-0.000134519670296
-0.000145526118923
-0.000157366642713
-0.000170098628192
-0.000183782924977
-0.000198484016191
-0.000214270194288
-0.000231213742243
-0.000249391120005
-0.000268883156119
-0.000289775244358
-0.000312157545210
-0.000336125192009
-0.000361778501479
-0.000389223188419
-0.000418570584223
-0.000449937858881
-0.000483448246074
-0.000519231270939
-0.000557422980002
-0.000598166172781
-0.000641610634458
-0.000687913369010
-0.000737238832104
-0.000789759163039
-0.000845654414923
-0.000905112782254
-0.000968330824976
-0.001035513688070
-0.001106875315617
-0.001182638658266
-0.001263035872935
-0.001348308513542
-0.001438707711465
-0.001534494344400
-0.001635939192208
-0.001743323078264
-0.001856936994800
-0.001977082210629
-0.002104070359614
-0.002238223508160
-0.002379874199985
-0.002529365476347
-0.002687050869869
-0.002853294370070
-0.003028470358642
-0.003212963512510
-0.003407168672669
-0.003611490676754
-0.003826344153316
-0.004052153275726
-0.004289351473664
-0.004538381100122
-0.004799693051889
-0.005073746341488
-0.005361007618581
-0.005661950638892
-0.005977055678751
-0.006306808893430
-0.006651701617509
-0.007012229605599
-0.007388892211854
-0.007782191506810
-0.008192631330209
-0.008620716278620
-0.009066950626803
-0.009531837181940
-0.010015876070038
-0.010519563453989
-0.011043390183006
-0.011587840373350
-0.012153389920522
-0.012740504943344
-0.013349640160592
-0.013981237201175
-0.014635722849094
-0.015313507224759
-0.016014981904543
-0.016740517980779
-0.017490464064772
-0.018265144235715
-0.019064855938784
-0.019889867836053
-0.020740417614231
-0.021616709753630
-0.022518913263129
-0.023447159386322
-0.024401539284410
-0.025382101701784
-0.026388850620656
-0.027421742911465
-0.028480685986174
-0.029565535461944
-0.030676092843045
-0.031812103229200
-0.032973253058924
-0.034159167896713
-0.035369410273279
-0.036603477588281
-0.037860800085291
-0.039140738908953
-0.040442584254531
-0.041765553620182
-0.043108790172501
-0.044471361235942
-0.045852256916825
-0.047250388872715
-0.048664589237883
-0.050093609715599
-0.051536120847880
-0.052990711473182
-0.054455888382376
-0.055930076183099
-0.057411617382292
-0.058898772696439
-0.060389721598590
-0.061882563110874
-0.063375316850668
-0.064865924338095
-0.066352250571893
-0.067832085880061
-0.069303148050999
-0.070763084750082
-0.072209476225833
-0.073639838308961
-0.075051625706684
-0.076442235593750
-0.077809011500622
-0.079149247498224
-0.080460192677589
-0.081739055921634
-0.082983010965152
-0.084189201737914
-0.085354747984622
-0.086476751154190
-0.087552300549642
-0.088578479728631
-0.089552373143365
-0.090471073007465
-0.091331686376028
-0.092131342423935
-0.092867199906234
-0.093536454783203
-0.094136347991567
-0.094664173342149
-0.095117285523197
-0.095493108187526
-0.095789142100641
-0.096002973326057
-0.096132281423131
-0.096174847631957
-0.096128563019083
-0.095991436557195
-0.095761603111331
-0.095437331303694
-0.095017031228785
-0.094499261990263
-0.093882739030775
-0.093166341225934
-0.092349117713658
-0.091430294430237
-0.090409280324785
-0.089285673224100
-0.088059265320505
-0.086730048255839
-0.085298217775547
-0.083764177927703
-0.082128544782765
-0.080392149651021
-0.078556041775898
-0.076621490482656
-0.074589986763467
-0.072463244281443
-0.070243199777845
-0.067932012868497
-0.065532065217291
-0.063045959076611
-0.060476515186570
-0.057826770027033
-0.055099972418603
-0.052299579470969
-0.049429251879298
-0.046492848571680
-0.043494420713013
-0.040438205073048
-0.037328616768754
-0.034170241393529
-0.030967826548170
-0.027726272790875
-0.024450624025915
-0.021146057352867
-0.017817872400578
-0.014471480172198
-0.011112391429739
-0.007746204648642
-0.004378593574790
-0.001015294418221
0.002337907280459
0.005675190073360
0.008990710279207
0.012278615867409
0.015533060510693
0.018748217763577
0.021918295323136
0.025037549327719
0.028100298648743
0.031100939130268
0.034033957730862
0.036893946522186
0.039675616498883
0.042373811154669
0.044983519779976
0.047499890437230
0.049918242570632
0.052234079208367
0.054443098716338
0.056541206063916
0.058524523563663
0.060389401048714
0.062132425453324
0.063750429764024
0.065240501310996
0.066599989371454
0.067826512059214
0.068917962477073
0.069872514111188
0.070688625449268
0.071365043807157
0.071900808351121
0.072295252306010
0.072548004342366
0.072658989138402
0.072628427115743
0.072456833350715
0.072145015665899
0.071694071909531
0.071105386433217
0.070380625781214
0.069521733607288
0.068530924837843
0.067410679102601
0.066163733456624
0.064793074419870
0.063301929362769
0.061693757268448
0.059972238904304
0.058141266437486
0.056204932530627
0.054167518955737
0.052033484765618
0.049807454063453
0.047494203412289
0.045098648927100
0.042625833092869
0.040080911352707
0.037469138510429
0.034795854992260
0.032066473012370
0.029286462686834
0.026461338140307
0.023596643649257
0.020697939864954
0.017770790158627
0.014820747130257
0.011853339321381
0.008874058171042
0.005888345252624
0.002901579827856
-0.000080933247424
-0.003053975232818
-0.006012424797204
-0.008951268867722
-0.011865613006808
-0.014750691292263
-0.017601875677498
-0.020414684811286
-0.023184792298633
-0.025908034386631
-0.028580417061486
-0.031198122545214
-0.033757515182826
-0.036255146713141
-0.038687760918643
-0.041052297652083
-0.043345896239754
-0.045565898263546
-0.047709849726032
-0.049775502604902
-0.051760815805074
-0.053663955518724
-0.055483295005344
-0.057217413805668
-0.058865096405004
-0.060425330363035
-0.061897303928653
-0.063280403159712
-0.064574208568857
-0.065778491317698
-0.066893208982640
-0.067918500916549
-0.068854683231251
-0.069702243426509
-0.070461834691689
-0.071134269906738
-0.071720515369444
-0.072221684276132
-0.072639029983072
-0.072973939075820
-0.073227924273662
-0.073402617196028
-0.073499761017515
-0.073521203037689
-0.073468887191352
-0.073344846524395
-0.073151195659682
-0.072890123276681
-0.072563884627748
-0.072174794113130
-0.071725217935789
-0.071217566856229
-0.070654289066434
-0.070037863201020
-0.069370791502568
-0.068655593157021
-0.067894797813853
-0.067090939304605
-0.066246549572152
-0.065364152821949
-0.064446259905297
-0.063495362943492
-0.062513930200583
-0.061504401211297
-0.060469182169563
-0.059410641581955
-0.058331106189296
-0.057232857158618
-0.056118126546623
-0.054989094034847
-0.053847883935754
-0.052696562468075
-0.051537135298878
-0.050371545349009
-0.049201670857774
-0.048029323702022
-0.046856247964122
-0.045684118742661
-0.044514541199169
-0.043349049833617
-0.042189107980975
-0.041036107520686
-0.039891368790546
-0.038756140696159
-0.037631601006839
-0.036518856828635
-0.035418945244935
-0.034332834115009
-0.033261423020711
-0.032205544351548
-0.031165964518285
-0.030143385285290
-0.029138445211877
-0.028151721193018
-0.027183730089901
-0.026234930440970
-0.025305724244296
-0.024396458802295
-0.023507428620089
-0.022638877349023
-0.021790999767146
-0.020963943788768
-0.020157812495466
-0.019372666181307
-0.018608524405294
-0.017865368044471
-0.017143141341409
-0.016441753940170
-0.015761082905205
-0.015100974717986
-0.014461247246552
-0.013841691683473
-0.013242074448123
-0.012662139049490
-0.012101607906078
-0.011560184119830
-0.011037553201305
-0.010533384743668
-0.010047334043376
-0.009579043665744
-0.009128144953847
-0.008694259479533
-0.008277000435551
-0.007875973968095
-0.007490780449269
-0.007121015689243
-0.006766272088078
-0.006426139727397
-0.006100207402264
-0.005788063593864
-0.005489297383653
-0.005203499309891
-0.004930262167562
-0.004669181752805
-0.004419857553137
-0.004181893384823
-0.003954897978832
-0.003738485516929
-0.003532276119493
-0.003335896286731
-0.003148979294994
-0.002971165549945
-0.002802102898359
-0.002641446900358
-0.002488861063890
-0.002344017043280
-0.002206594803668
-0.002076282753141
-0.001952777844355
-0.001835785647434
-0.001725020395882
-0.001620205007229
-0.001521071080109
-0.001427358869404
-0.001338817241064
-0.001255203608161
-0.001176283849693
-0.001101832213601
-0.001031631205395
-0.000965471463779
-0.000903151624535
-0.000844478173958
-0.000789265292996
-0.000737334693260
-0.000688515445958
-0.000642643804797
-0.000599563023803
-0.000559123170991
-0.000521180938716
-0.000485599451526
-0.000452248072273
-0.000421002207163
-0.000391743110409
-0.000364357689088
-0.000338738308746
-0.000314782600269
-0.000292393268491
-0.000271477902938
-0.000251948791125
-0.000233722734714
-0.000216720868870
-0.000200868485073
-0.000186094857620
-0.000172333074051
-0.000159519869632
-0.000147595466097
-0.000136503414730
-0.000126190443915
-0.000116606311219
-0.000107703660054
-0.000099437880982
-0.000091766977647
-0.000084651437361
-0.000078054106315
-0.000071940069387
-0.000066276534524
-0.000061032721612
-0.000056179755803
-0.000051690565213
-0.000047539782904
-0.000043703653079
-0.000040159941382
-0.000036887849213
-0.000033867931946
-0.000031082020957
-0.000028513149338
-0.000026145481184
-0.000023964244355
-0.000021955666583
-0.000020106914806
-0.000018406037629
-0.000016841910778
-0.000015404185448
-0.000014083239415
-0.000012870130814
-0.000011756554462
-0.000010734800621
-0.000009797716096
-0.000008938667556
-0.000008151506985
-0.000007430539156
-0.000006770491039
-0.000006166483033
-0.000005614001961
-0.000005108875701
-0.000004647249404
-0.000004225563191
-0.000003840531265
-0.000003489122352
-0.000003168541414
-0.000002876212538
-0.000002609762960
-0.000002367008146
-0.000002145937867
-0.000001944703225
-0.000001761604549
-0.000001595080131
-0.000001443695746
-0.000001306134890
-0.000001181189726
-0.000001067752652
-0.000000964808487
-0.000000871427216
-0.000000786757263
-0.000000710019254
-0.000000640500247
-0.000000577548385
-0.000000520567952
-0.000000469014799
-0.000000422392126
-0.000000380246574
-0.000000342164632
-0.000000307769310
-0.000000276717087
-0.000000248695078
-0.000000223418446
-0.000000200628010
-0.000000180088044
-0.000000161584259
-0.000000144921941
-0.000000129924255
-0.000000116430671
-0.000000104295532
-0.000000093386742
-0.000000083584553
-0.000000074780469
-0.000000066876227
-0.000000059782879
-0.000000053419947
-0.000000047714646
-0.000000042601181
-0.000000038020107
-0.000000033917735
-0.000000030245602
-0.000000026959980
-0.000000024021432
-0.000000021394410
-0.000000019046881
-0.000000016949996
-0.000000015077787
-0.000000013406885
-0.000000011916276
-0.000000010587066
-0.000000009402280
-0.000000008346671
-0.000000007406551
-0.000000006569638
-0.000000005824914
-0.000000005162503
-0.000000004573556
-0.000000004050144
-0.000000003585172
-0.000000003172287
-0.000000002805807
-0.000000002480655
-0.000000002192290
-0.000000001936658
-0.000000001710138
-0.000000001509498
-0.000000001331855
-0.000000001174641
-0.000000001035563
-0.000000000912581
-0.000000000803878
-0.000000000707836
-0.000000000623014
-0.000000000548135
-0.000000000482059
-0.000000000423777
-0.000000000372390
-0.000000000327102
-0.000000000287204
-0.000000000252071
-0.000000000221146
-0.000000000193936
-0.000000000170006
-0.000000000148968
-0.000000000130480
-0.000000000114241
-0.000000000099982
-0.000000000087468
-0.000000000076489
-0.000000000066861
-0.000000000058421
-0.000000000051026
-0.000000000044549
-0.000000000038879
-0.000000000033916
-0.000000000029575
-0.000000000025779
-0.000000000022462
-0.000000000019563
-0.000000000017032
-0.000000000014822
-0.000000000012894
-0.000000000011212
-0.000000000009745
-0.000000000008467
-0.000000000007353
-0.000000000006384
-0.000000000005540
-0.000000000004806
-0.000000000004167
-0.000000000003612
-0.000000000003129
-0.000000000002710
-0.000000000002346
-0.000000000002030
-0.000000000001756
-0.000000000001519
-0.000000000001313
-0.000000000001134
-0.000000000000979
-0.000000000000845
-0.000000000000729
-0.000000000000629
-0.000000000000543
-0.000000000000468
-0.000000000000403
-0.000000000000347
-0.000000000000298
-0.000000000000257
-0.000000000000221
-0.000000000000190
-0.000000000000164
-0.000000000000140
-0.000000000000120
-0.000000000000104
-0.000000000000089
-0.000000000000076
-0.000000000000065
-0.000000000000056
-0.000000000000048
-0.000000000000041
-0.000000000000036
-0.000000000000030
-0.000000000000026
-0.000000000000022
-0.000000000000018
-0.000000000000016
-0.000000000000014
-0.000000000000012
-0.000000000000010
-0.000000000000008
-0.000000000000007
-0.000000000000006
-0.000000000000005
-0.000000000000005
-0.000000000000004
-0.000000000000003
-0.000000000000003
-0.000000000000002
-0.000000000000002
-0.000000000000002
-0.000000000000001
-0.000000000000001
-0.000000000000001
-0.000000000000001
-0.000000000000001
-0.000000000000001
-0.000000000000000
-0.000000000000001
-0.000000000000001
-0.000000000000000
-0.000000000000000
-0.000000000000000
-0.000000000000000
-0.000000000000000
-0.000000000000000
-0.000000000000000
-0.000000000000000
-0.000000000000000
-0.000000000000000
-0.000000000000000
-0.000000000000000
0.000000000000000
0.000000000000000
-0.000000000000000
-0.000000000000000
-0.000000000000000
-0.000000000000000
0.000000000000000
0.000000000000000
0.000000000000000
0.000000000000000
0.000000000000000
-0.000000000000000
-0.000000000000000
0.000000000000000
-0.000000000000000
-0.000000000000000
-0.000000000000000
0.000000000000000
0.000000000000000
0.000000000000000
0.000000000000000
-0.000000000000000
-0.000000000000000
-0.000000000000000
0.000000000000000
0.000000000000001
0.000000000000000
-0.000000000000000
-0.000000000000000
-0.000000000000000
0.000000000000000
0.000000000000000
-0.000000000000000
-0.000000000000000
0.000000000000000
0.000000000000000
0.000000000000000
-0.000000000000000
-0.000000000000000
-0.000000000000000
-0.000000000000000
0.000000000000000
0.000000000000000
-0.000000000000000
-0.000000000000000
0.000000000000000
0.000000000000000
0.000000000000000
-0.000000000000000
-0.000000000000000
-0.000000000000000
0.000000000000000
0.000000000000000
0.000000000000000
0.000000000000000
-0.000000000000000
-0.000000000000000
-0.000000000000000
0.000000000000000
0.000000000000000
0.000000000000000
0.000000000000000
-0.000000000000000
-0.000000000000000
0.000000000000000
-0.000000000000000
0.000000000000000
0.000000000000000
0.000000000000000
-0.000000000000000
0.000000000000000
-0.000000000000000
-0.000000000000000
-0.000000000000000
0.000000000000000
0.000000000000000
0.000000000000000
0.000000000000000
-0.000000000000000
-0.000000000000000
0.000000000000000
-0.000000000000000
0.000000000000000
-0.000000000000000
0.000000000000000
0.000000000000000
-0.000000000000000
-0.000000000000000
0.000000000000000
-0.000000000000000
-0.000000000000000
0.000000000000000
-0.000000000000000
-0.000000000000000
-0.000000000000000
0.000000000000000
0.000000000000000
0.000000000000000
0.000000000000000
0.000000000000000
-0.000000000000000
-0.000000000000000
-0.000000000000000
0.000000000000000
0.000000000000000
0.000000000000000
0.000000000000000
-0.000000000000000
-0.000000000000000
-0.000000000000000
0.000000000000000
0.000000000000000
0.000000000000000
-0.000000000000000
0.000000000000000
-0.000000000000000
-0.000000000000000
-0.000000000000000
0.000000000000000
0.000000000000000
-0.000000000000000
0.000000000000000
-0.000000000000000
0.000000000000000
0.000000000000000
-0.000000000000000
-0.000000000000000
0.000000000000000
0.000000000000000
-0.000000000000000
-0.000000000000000
0.000000000000000
0.000000000000000
0.000000000000000
-0.000000000000000
-0.000000000000000
-0.000000000000000
0.000000000000000
0.000000000000000
0.000000000000000
-0.000000000000000
0.000000000000000
0.000000000000000
-0.000000000000000
-0.000000000000000
-0.000000000000000
-0.000000000000000
0.000000000000000
0.000000000000000
-0.000000000000000
-0.000000000000000
-0.000000000000000
0.000000000000000
-0.000000000000000
0.000000000000000
0.000000000000000
-0.000000000000000
-0.000000000000000
-0.000000000000000
0.000000000000000
0.000000000000000
0.000000000000000
0.000000000000000
-0.000000000000000
-0.000000000000000
-0.000000000000000
-0.000000000000000
0.000000000000000
0.000000000000000
0.000000000000000
0.000000000000000
-0.000000000000000
-0.000000000000000
0.000000000000000
0.000000000000000
-0.000000000000000
-0.000000000000000
0.000000000000000
0.000000000000000
0.000000000000000
0.000000000000000
0.000000000000000
-0.000000000000000
-0.000000000000000
-0.000000000000000
-0.000000000000000
0.000000000000000
0.000000000000000
0.000000000000000
-0.000000000000000
0.000000000000000
-0.000000000000000
-0.000000000000000
-0.000000000000000
-0.000000000000000
0.000000000000000
0.000000000000000
0.000000000000000
0.000000000000000
-0.000000000000000
-0.000000000000000
-0.000000000000001
-0.000000000000000
0.000000000000000
0.000000000000000
0.000000000000000
0.000000000000000
-0.000000000000000
