0.000000000000000029
0.000000000000000083
0.000000000000000073
0.000000000000000083
0.000000000000000067
0.000000000000000046
0.000000000000000028
0.000000000000000047
0.000000000000000012
0.000000000000000071
0.000000000000000202
0.000000000000000236
0.000000000000000182
0.000000000000000136
0.000000000000000014
-0.000000000000000104
-0.000000000000000113
-0.000000000000000185
-0.000000000000000116
-0.000000000000000053
0.000000000000000038
0.000000000000000164
0.000000000000000337
0.000000000000000385
0.000000000000000506
0.000000000000000575
0.000000000000000678
0.000000000000000944
0.000000000000001399
0.000000000000002151
0.000000000000003851
0.000000000000007036
0.000000000000013415
0.000000000000025392
0.000000000000047068
0.000000000000086094
0.000000000000155647
0.000000000000278216
0.000000000000492605
0.000000000000865035
0.000000000001507713
0.000000000002608531
0.000000000004479997
0.000000000007636433
0.000000000012918000
0.000000000021694111
0.000000000036172058
0.000000000059878251
0.000000000098400347
0.000000000160522886
0.000000000260044354
0.000000000418376320
0.000000000668473440
0.000000001060642828
0.000000001671103613
0.000000002615361627
0.000000004066250675
0.000000006280319911
0.000000009635343795
0.000000014683558786
0.000000022233481053
0.000000033453046654
0.000000050016080021
0.000000074302607315
0.000000109672932980
0.000000160886018451
0.000000234585101210
0.000000339970956773
0.000000489687655322
0.000000700991812092
0.000000997551286949
0.000001411319236280
0.000001985093988481
0.000002775756120087
0.000003858393691856
0.000005332845004814
0.000007329542444933
0.000010017516316138
0.000013614103060093
0.000018396895950877
0.000024724041101618
0.000033048423397503
0.000043937938939580
0.000058098973834404
0.000076404348775772
0.000099947632491589
0.000130067001884111
0.000168385346599537
0.000216854138884156
0.000277804064080072
0.000354072730385396
0.000449016985573886
0.000566568636198826
0.000711289996743800
0.000888436938061718
0.001104230434871180
0.001365768449685121
0.001681055297588254
0.002059018713342254
0.002509534606299641
0.003043969599493745
0.003674768026309690
0.004415348814887431
0.005279973594829297
0.006283634162246857
0.007443107479948852
0.008775802661495339
0.010299365521718798
0.012031255974042686
0.013988399094826921
0.016189202770988446
0.018651081181317513
0.021389638742028285
0.024417890178723485
0.027745695441623402
0.031383475349903371
0.035337805336420572
0.039610223763125028
0.044196245211116668
0.049084842948473005
0.054264806572204359
0.059718009253802905
0.065418146570076594
0.071329957631111718
0.077409247996561306
0.083612678395388593
0.089888713942023857
0.096176758603061116
0.102407088924355627
0.108501888660937823
0.114388495535040657
0.119988490548632545
0.125217549130122896
0.129986326081295206
0.134202564032238902
0.137786542513137461
0.140659112812861031
0.142742139753460506
0.143960024211589377
0.144242311408584151
0.143538834374182744
0.141807714433124288
0.139015802726905058
0.135140044936100323
0.130169575761257511
0.124117593858124250
0.117010486257750512
0.108887578987760858
0.099801530919213649
0.089819032639081434
0.079027240012785258
0.067525241018718443
0.055422837050706428
0.042839684779624555
0.029904411674584637
0.016755202586093296
0.003534672795869529
-0.009611928659329760
-0.022538362970104569
-0.035099231271478043
-0.047153767720914723
-0.058567022715735509
-0.069211392974930563
-0.078968129395717582
-0.087729047780873745
-0.095402166188257240
-0.101909271305812857
-0.107186418664938971
-0.111184504716149588
-0.113870002332304210
-0.115230023653914548
-0.115267496558570520
-0.114000413902895129
-0.111461242073867484
-0.107696464586270260
-0.102769650154883416
-0.096755990742864104
-0.089740706187250455
-0.081817680031835274
-0.073088226090213967
-0.063661946746853895
-0.053652286934158328
-0.043174836504064819
-0.032345888269954770
-0.021281120231004456
-0.010094860121747838
0.001102331052589502
0.012204803617437655
0.023112751371621571
0.033733055245593987
0.043980747030413520
0.053779233203341562
0.063060601851873219
0.071765816062157886
0.079844885423719550
0.087258382865172332
0.093976001411680846
0.099976136666256987
0.105245472734429246
0.109778621698947365
0.113579365832708570
0.116658385784891752
0.119032463449140910
0.120723782694128451
0.121759340335025487
0.122171866958699180
0.121997506258183744
0.121275000880886469
0.120045024354048221
0.118349645284218374
0.116233011373325298
0.113739480647979771
0.110913026823570404
0.107796792050416798
0.104432760517876450
0.100862300375247946
0.097124928953059769
0.093258011590110421
0.089296577640447128
0.085273225448163265
0.081218574502018512
0.077160610917757139
0.073124633020829458
0.069133272315088576
0.065206566578837083
0.061362333914228649
0.057615931178080684
0.053980347615460611
0.050466335941798869
0.047082564971968076
0.043835909832112371
0.040731443006681994
0.037772581104275615
0.034961242549975111
0.032298007162217125
0.029782319569617789
0.027412574522174125
0.025186253365037214
0.023100057104829742
0.021150032042821242
0.019331694301289556
0.017640127208274538
0.016070078909701465
0.014616051450461697
0.013272380297327007
0.012033296926614171
0.010893002478837730
0.009845723130507559
0.008885757117063364
0.008007513798198668
0.007205534462229792
0.006474535239544749
0.005809429597550992
0.005205344804295306
0.004657633185200676
0.004161869255952472
0.003713868102116529
0.003309687550402044
0.002945626846310671
0.002618222609548464
0.002324235626725090
0.002060654125205692
0.001824686193202241
0.001613750634856619
0.001425466814259889
0.001257639293172721
0.001108253892320785
0.000975467297141856
0.000857596266941231
0.000753106783053521
0.000660600587903357
0.000578809079490793
0.000506583729230081
0.000442886667308436
0.000386781610560764
0.000337423663314821
0.000294053602901927
0.000255990463505112
0.000222624473653172
0.000193410424027789
0.000167860651710691
0.000145540641882584
0.000126063880390595
0.000109087055204983
0.000094305631811360
0.000081449366392007
0.000070279291179151
0.000060584413430726
0.000052178687340582
0.000044898261087131
0.000038598771668139
0.000033153441175102
0.000028451088103354
0.000024394326561547
0.000020897947895788
0.000017887369015804
0.000015297504297356
0.000013071628160749
0.000011160356213706
0.000009520738519839
0.000008115407331822
0.000006911942650425
0.000005882250089412
0.000005002008766333
0.000004250184113674
0.000003608577432644
0.000003061484627382
0.000002595369016624
0.000002198573345248
0.000001861067561001
0.000001574218844055
0.000001330615044105
0.000001123898544504
0.000000948621091126
0.000000800117508126
0.000000674391924378
0.000000568029534197
0.000000478114873739
0.000000402160876430
0.000000338047535814
0.000000283967222571
0.000000238381936374
0.000000199984253288
0.000000167663628415
0.000000140477419803
0.000000117625293480
0.000000098429098746
0.000000082314693195
0.000000068796350235
0.000000057463417422
0.000000047968630468
0.000000040018879434
0.000000033366955757
0.000000027804511420
0.000000023156059071
0.000000019273758250
0.000000016033277877
0.000000013330136663
0.000000011076589251
0.000000009198991525
0.000000007635520698
0.000000006334364166
0.000000005252129137
0.000000004352496443
0.000000003605085194
0.000000002984477200
0.000000002469437614
0.000000002042240512
0.000000001688096308
0.000000001394673193
0.000000001151685780
0.000000000950568238
0.000000000784191462
0.000000000646625193
0.000000000532939959
0.000000000439036062
0.000000000361509764
0.000000000297536035
0.000000000244771514
0.000000000201273678
0.000000000165431654
0.000000000135911935
0.000000000111610505
0.000000000091614311
0.000000000075168637
0.000000000061649231
0.000000000050539739
0.000000000041414614
0.000000000033922959
0.000000000027775431
0.000000000022732686
0.000000000018597973
0.000000000015209047
0.000000000012432924
0.000000000010159471
0.000000000008298466
0.000000000006775921
0.000000000005530709
0.000000000004512513
0.000000000003680231
0.000000000003000404
0.000000000002445408
0.000000000001992207
0.000000000001622444
0.000000000001321092
0.000000000001075059
0.000000000000874370
0.000000000000711292
0.000000000000578452
0.000000000000470189
0.000000000000381907
0.000000000000310004
0.000000000000251429
0.000000000000204164
0.000000000000165872
0.000000000000134909
0.000000000000109236
0.000000000000088395
0.000000000000071445
0.000000000000057928
0.000000000000046797
0.000000000000037860
0.000000000000030966
0.000000000000025152
0.000000000000020388
0.000000000000016161
0.000000000000012972
0.000000000000010399
0.000000000000008662
0.000000000000007183
0.000000000000005740
0.000000000000004551
0.000000000000003479
0.000000000000002829
0.000000000000002424
0.000000000000002229
0.000000000000001674
0.000000000000001128
0.000000000000000704
0.000000000000000757
0.000000000000000823
0.000000000000000862
0.000000000000000326
-0.000000000000000038
0.000000000000000297
0.000000000000000565
0.000000000000000246
-0.000000000000000080
0.000000000000000204
-0.000000000000000007
-0.000000000000000021
0.000000000000000064
0.000000000000000369
0.000000000000000298
-0.000000000000000102
-0.000000000000000578
-0.000000000000000184
0.000000000000000178
0.000000000000000299
0.000000000000000352
0.000000000000000124
-0.000000000000000197
-0.000000000000000417
-0.000000000000000262
0.000000000000000112
0.000000000000000096
0.000000000000000206
0.000000000000000199
-0.000000000000000027
-0.000000000000000283
-0.000000000000000270
0.000000000000000057
0.000000000000000303
-0.000000000000000158
0.000000000000000115
0.000000000000000269
-0.000000000000000092
-0.000000000000000259
-0.000000000000000228
-0.000000000000000120
0.000000000000000001
0.000000000000000291
0.000000000000000097
-0.000000000000000007
-0.000000000000000202
-0.000000000000000110
0.000000000000000065
0.000000000000000271
-0.000000000000000339
0.000000000000000082
0.000000000000000075
0.000000000000000041
0.000000000000000041
-0.000000000000000080
0.000000000000000071
-0.000000000000000049
-0.000000000000000461
0.000000000000000179
0.000000000000000048
0.000000000000000238
0.000000000000000199
-0.000000000000000003
-0.000000000000000187
-0.000000000000000366
0.000000000000000079
0.000000000000000020
0.000000000000000210
0.000000000000000305
0.000000000000000011
-0.000000000000000070
-0.000000000000000385
-0.000000000000000207
0.000000000000000031
0.000000000000000187
0.000000000000000258
0.000000000000000134
-0.000000000000000045
-0.000000000000000221
-0.000000000000000342
-0.000000000000000247
0.000000000000000104
0.000000000000000382
0.000000000000000380
-0.000000000000000036
-0.000000000000000327
-0.000000000000000374
-0.000000000000000064
0.000000000000000058
0.000000000000000272
0.000000000000000272
0.000000000000000057
-0.000000000000000228
-0.000000000000000320
-0.000000000000000237
0.000000000000000140
0.000000000000000322
0.000000000000000381
