-0.000000000000000272
-0.000000000000000326
-0.000000000000000462
-0.000000000000000247
-0.000000000000000012
0.000000000000000067
0.000000000000000280
0.000000000000000610
0.000000000000000677
0.000000000000000431
-0.000000000000000105
-0.000000000000000084
0.000000000000000083
0.000000000000000128
0.000000000000000033
-0.000000000000000146
-0.000000000000000086
0.000000000000000142
0.000000000000000201
-0.000000000000000017
0.000000000000000169
0.000000000000000199
0.000000000000000212
0.000000000000000739
0.000000000000000648
0.000000000000000636
0.000000000000000808
0.000000000000000851
0.000000000000000602
0.000000000000000253
0.000000000000000097
-0.000000000000000444
-0.000000000000001077
-0.000000000000001458
-0.000000000000002368
-0.000000000000004482
-0.000000000000008114
-0.000000000000014170
-0.000000000000024854
-0.000000000000044140
-0.000000000000078112
-0.000000000000137031
-0.000000000000238125
-0.000000000000410716
-0.000000000000700270
-0.000000000001185795
-0.000000000001994650
-0.000000000003330817
-0.000000000005523616
-0.000000000009093491
-0.000000000014867246
-0.000000000024143191
-0.000000000038943014
-0.000000000062386059
-0.000000000099254299
-0.000000000156879363
-0.000000000246363926
-0.000000000384394642
-0.000000000595851843
-0.000000000917580891
-0.000000001404204156
-0.000000002135678940
-0.000000003228170190
-0.000000004849180409
-0.000000007238603019
-0.000000010740869651
-0.000000015843928001
-0.000000023233911480
-0.000000033868561156
-0.000000049076040561
-0.000000070705668774
-0.000000101295703379
-0.000000144304375608
-0.000000204409350828
-0.000000287897974822
-0.000000403271197922
-0.000000561844394319
-0.000000778568473963
-0.000001073056935176
-0.000001470883587524
-0.000002005666528665
-0.000002720837958488
-0.000003672092810533
-0.000004930341968361
-0.000006585336782934
-0.000008751923978166
-0.000011574206891634
-0.000015231623882458
-0.000019946003471136
-0.000025990000208365
-0.000033703635875231
-0.000043501437838520
-0.000055884754558646
-0.000071455454110120
-0.000090931984988995
-0.000115188592697835
-0.000145260891704421
-0.000182365230634454
-0.000227919119311123
-0.000283565145912266
-0.000351256212513416
-0.000433239137474523
-0.000532074562060387
-0.000650656068021977
-0.000792234456170317
-0.000960591840635164
-0.001159948881001507
-0.001394964077094767
-0.001670729215255299
-0.001992774617787850
-0.002367410182260827
-0.002801446374231335
-0.003302133485930093
-0.003877096359486870
-0.004534292814330670
-0.005282659430170263
-0.006131466858001281
-0.007090149042016228
-0.008168137973665198
-0.009374755716406443
-0.010720388538601760
-0.012215233768669573
-0.013868980058287380
-0.015690525819358803
-0.017687819302725557
-0.019869877727118249
-0.022244652509070966
-0.024818558971716087
-0.027596109419470032
-0.030579768034076471
-0.033773185793488925
-0.037177933653531059
-0.040792929121925024
-0.044614065157244399
-0.048634189189382511
-0.052847880606339812
-0.057246881483976345
-0.061819498967177373
-0.066550331378311886
-0.071420479568714321
-0.076414015063635835
-0.081512064118837338
-0.086692255231500953
-0.091928613188952651
-0.097192052386972691
-0.102458392783391333
-0.107701207107259223
-0.112891334626672057
-0.117996943140952729
-0.122984260027536985
-0.127826676889771174
-0.132496631509204460
-0.136965152840675342
-0.141202019132236484
-0.145176601044026105
-0.148867368358899271
-0.152253223772936985
-0.155313017508271312
-0.158025697983064650
-0.160371114749441157
-0.162339183954143762
-0.163921189738003376
-0.165109226960113681
-0.165896264285711803
-0.166276792400247092
-0.166255027815089024
-0.165836718456708193
-0.165028525196287884
-0.163837976855343015
-0.162273924502345179
-0.160353403486284601
-0.158094406586264447
-0.155515265549101833
-0.152634536260396803
-0.149471290937813389
-0.146050522325398446
-0.142397192772315773
-0.138535696932383517
-0.134489743497883896
-0.130282553240383292
-0.125940899170545517
-0.121490543324684661
-0.116955844001750006
-0.112359691227087818
-0.107723674617664064
-0.103070973698633328
-0.098423108211862093
-0.093799711944961117
-0.089218546559422407
-0.084695674719008671
-0.080247451750156046
-0.075888382533194423
-0.071631041730999698
-0.067486156187346782
-0.063462787319006272
-0.059569657502539439
-0.055813845472364759
-0.052200806631602363
-0.048734493354750962
-0.045417531187803485
-0.042252071413923002
-0.039239060428389622
-0.036378308737599056
-0.033668615198661447
-0.031107917663174965
-0.028693818182272075
-0.026423207320709421
-0.024292341141108582
-0.022296944673259565
-0.020432324503457465
-0.018693674636175186
-0.017075898306668093
-0.015573669355045065
-0.014181503870489475
-0.012893832523225523
-0.011705165074882022
-0.010610010282281092
-0.009602913687342694
-0.008678497946167587
-0.007831500898351202
-0.007056853764814385
-0.006349644075465191
-0.005705132075651246
-0.005118766853693474
-0.004586200047190547
-0.004103315175702186
-0.003666207216793926
-0.003271184230398148
-0.002914768233554983
-0.002593694502749351
-0.002304916139130612
-0.002045589759507885
-0.001813069243011359
-0.001604899075140396
-0.001418807038829184
-0.001252698358748282
-0.001104644285508702
-0.000972873162313517
-0.000855761518416303
-0.000751825144062999
-0.000659710488405733
-0.000578185534660111
-0.000506131249037115
-0.000442533320017991
-0.000386474193485977
-0.000337125216805515
-0.000293739736771763
-0.000255646262385011
-0.000222242002731110
-0.000192986785575631
-0.000167397094873442
-0.000145041196692139
-0.000125534261480458
-0.000108533832203400
-0.000093735635102863
-0.000080869527698888
-0.000069696279258995
-0.000060004371588984
-0.000051607068553740
-0.000044339745658176
-0.000038057346143901
-0.000032632380022048
-0.000027952962328633
-0.000023921037871950
-0.000020450782854343
-0.000017467104749397
-0.000014904464875452
-0.000012705741612596
-0.000010821212598405
-0.000009207647806182
-0.000007827470167022
-0.000006648095920740
-0.000005641307439832
-0.000004782697001823
-0.000004051175687124
-0.000003428524635249
-0.000002899041487687
-0.000002449209116564
-0.000002067404316538
-0.000001743642728029
-0.000001469348444682
-0.000001237171996414
-0.000001040822096877
-0.000000874918831042
-0.000000734866056784
-0.000000616737379303
-0.000000517185823591
-0.000000433361374193
-0.000000362839531284
-0.000000303559643625
-0.000000253770327869
-0.000000211986130440
-0.000000176948419584
-0.000000147591720681
-0.000000123014838935
-0.000000102455523423
-0.000000085270321663
-0.000000070916576181
-0.000000058937031236
-0.000000048946700666
-0.000000040621437970
-0.000000033688834971
-0.000000027920170200
-0.000000023123560215
-0.000000019138144089
-0.000000015829067111
-0.000000013083477638
-0.000000010807017719
-0.000000008920853667
-0.000000007359166638
-0.000000006067004018
-0.000000004998564013
-0.000000004115701241
-0.000000003386670592
-0.000000002785071906
-0.000000002288946938
-0.000000001880064783
-0.000000001543297615
-0.000000001266103674
-0.000000001038090146
-0.000000000850645879
-0.000000000696645840
-0.000000000570199513
-0.000000000466439896
-0.000000000381348988
-0.000000000311607702
-0.000000000254481296
-0.000000000207714025
-0.000000000169449885
-0.000000000138159899
-0.000000000112588927
-0.000000000091702486
-0.000000000074652340
-0.000000000060740139
-0.000000000049395859
-0.000000000040150092
-0.000000000032618436
-0.000000000026485625
-0.000000000021496080
-0.000000000017438400
-0.000000000014139612
-0.000000000011458818
-0.000000000009282248
-0.000000000007515680
-0.000000000006082072
-0.000000000004919671
-0.000000000003978286
-0.000000000003215369
-0.000000000002597051
-0.000000000002096833
-0.000000000001692777
-0.000000000001365415
-0.000000000001101259
-0.000000000000887507
-0.000000000000715046
-0.000000000000576184
-0.000000000000463787
-0.000000000000373167
-0.000000000000299785
-0.000000000000240781
-0.000000000000194565
-0.000000000000155909
-0.000000000000125138
-0.000000000000100263
-0.000000000000080802
-0.000000000000064657
-0.000000000000051516
-0.000000000000041555
-0.000000000000033534
-0.000000000000027102
-0.000000000000021049
-0.000000000000016845
-0.000000000000013480
-0.000000000000011094
-0.000000000000008946
-0.000000000000006753
-0.000000000000005678
-0.000000000000004334
-0.000000000000003615
-0.000000000000002520
-0.000000000000002289
-0.000000000000002101
-0.000000000000001703
-0.000000000000001058
-0.000000000000000268
-0.000000000000000849
-0.000000000000000986
-0.000000000000000758
0.000000000000000173
-0.000000000000000239
-0.000000000000000243
-0.000000000000000176
-0.000000000000000148
-0.000000000000000264
0.000000000000000013
-0.000000000000000647
0.000000000000000588
0.000000000000000164
-0.000000000000000011
-0.000000000000000650
-0.000000000000000535
0.000000000000000580
0.000000000000000520
-0.000000000000000211
0.000000000000000082
-0.000000000000000363
-0.000000000000000203
0.000000000000000294
0.000000000000000493
-0.000000000000000134
-0.000000000000000219
-0.000000000000000349
0.000000000000000696
0.000000000000000177
-0.000000000000000605
-0.000000000000000183
0.000000000000000395
0.000000000000000372
-0.000000000000000197
-0.000000000000000521
0.000000000000000270
0.000000000000000211
-0.000000000000000149
0.000000000000000041
0.000000000000000366
-0.000000000000000363
-0.000000000000000460
0.000000000000000323
-0.000000000000000350
0.000000000000000842
-0.000000000000000057
-0.000000000000000717
-0.000000000000000067
0.000000000000000106
-0.000000000000000136
0.000000000000000204
0.000000000000000835
-0.000000000000000446
-0.000000000000000550
-0.000000000000000325
0.000000000000000566
0.000000000000000051
-0.000000000000000055
0.000000000000000544
-0.000000000000000001
-0.000000000000000202
-0.000000000000000434
0.000000000000000134
0.000000000000000459
-0.000000000000000193
-0.000000000000000188
0.000000000000000104
0.000000000000000032
0.000000000000000261
-0.000000000000000498
0.000000000000000270
-0.000000000000000105
-0.000000000000000421
0.000000000000000401
-0.000000000000000074
-0.000000000000000053
0.000000000000000364
0.000000000000000142
-0.000000000000000493
-0.000000000000000072
0.000000000000000018
0.000000000000000300
-0.000000000000000651
0.000000000000000774
0.000000000000000428
0.000000000000000021
-0.000000000000000603
-0.000000000000000456
0.000000000000000082
0.000000000000000210
0.000000000000000195
0.000000000000000592
0.000000000000000023
-0.000000000000000626
-0.000000000000000257
0.000000000000000066
-0.000000000000000360
0.000000000000001322
-0.000000000000000008
-0.000000000000000281
-0.000000000000000555
0.000000000000000357
0.000000000000000156
-0.000000000000000523
0.000000000000000685
0.000000000000000209
-0.000000000000000358
0.000000000000000002
-0.000000000000000219
0.000000000000000244
0.000000000000000298
-0.000000000000000179
-0.000000000000000414
0.000000000000000821
-0.000000000000000304
-0.000000000000000061
0.000000000000000095
-0.000000000000000257
0.000000000000000165
-0.000000000000000202
0.000000000000000055
0.000000000000000335
-0.000000000000000117
-0.000000000000000014
-0.000000000000000384
0.000000000000000869
-0.000000000000000707
0.000000000000000068
0.000000000000000420
-0.000000000000000447
0.000000000000000299
-0.000000000000000219
