0.000000000000000000
0.000000000000000000
0.000000000000000000
0.000000000000000000
0.000000000000000000
0.000000000000000000
0.000000000000000000
0.000000000000000000
0.000000000000000000
0.000000000000000000
0.000000000000000000
0.000000000000000000
0.000000000000000000
0.000000000000000000
-0.000000000000000000
-0.000000000000000000
-0.000000000000000000
-0.000000000000000000
-0.000000000000000000
-0.000000000000000000
-0.000000000000000000
-0.000000000000000000
-0.000000000000000000
-0.000000000000000000
-0.000000000000000000
-0.000000000000000000
-0.000000000000000000
0.000000000000000000
0.000000000000000000
0.000000000000000001
0.000000000000000001
0.000000000000000002
0.000000000000000003
0.000000000000000006
0.000000000000000012
0.000000000000000019
0.000000000000000039
0.000000000000000054
0.000000000000000084
0.000000000000000056
0.000000000000000072
0.000000000000000016
-0.000000000000000041
0.000000000000000013
0.000000000000000074
0.000000000000000087
0.000000000000000007
-0.000000000000000102
-0.000000000000000152
-0.000000000000000125
-0.000000000000000075
0.000000000000000041
0.000000000000000153
0.000000000000000099
0.000000000000000058
0.000000000000000148
0.000000000000000004
-0.000000000000000122
-0.000000000000000151
0.000000000000000010
0.000000000000000001
0.000000000000000025
0.000000000000000220
0.000000000000000066
-0.000000000000000324
-0.000000000000000237
0.000000000000000070
-0.000000000000000029
-0.000000000000000017
0.000000000000000137
-0.000000000000000370
-0.000000000000001402
-0.000000000000004537
-0.000000000000015010
-0.000000000000046982
-0.000000000000143597
-0.000000000000429308
-0.000000000001250818
-0.000000000003549204
-0.000000000009806888
-0.000000000026454887
-0.000000000069671340
-0.000000000179056724
-0.000000000448874538
-0.000000001097585784
-0.000000002624097678
-0.000000006134393306
-0.000000014016131244
-0.000000031285269863
-0.000000068208825215
-0.000000145585959314
-0.000000304251066601
-0.000000622300952212
-0.000001245091450604
-0.000002436277977124
-0.000004671985379172
-0.000008782459126861
-0.000016177315722751
-0.000029183699915447
-0.000051543398819762
-0.000089300990111421
-0.000151815073337566
-0.000253164535443694
-0.000413887778696938
-0.000663092142051799
-0.001042909384324123
-0.001610843349370679
-0.002442690359128768
-0.003634546756604064
-0.005303735838383705
-0.007602195954294961
-0.010707532276684492
-0.014815762790892405
-0.020127693775136291
-0.026831098442278611
-0.035141439741188704
-0.045237090643956389
-0.057220837161193354
-0.071076205699846559
-0.086631235803620588
-0.103707802663351237
-0.121961736015196373
-0.140844660118822962
-0.159584944290092651
-0.177207784274405672
-0.192897074639951871
-0.205753026075926215
-0.214813219280172552
-0.219108298473400187
-0.217757209155757886
-0.210400775131145967
-0.196892565841611356
-0.177311527332358249
-0.151991869016461195
-0.121555288204817050
-0.087077256193300256
-0.049800992298028160
-0.011076392443715907
0.027689544406916917
0.065089397337067048
0.099847538750981901
0.130877074187204900
0.157306011581307192
0.178490840228414133
0.194031189420578565
0.203946417755982712
0.208486004617111864
0.208071534227994875
0.203248242834590614
0.194649366337151214
0.183104043238154518
0.169425608980019904
0.154363514537160601
0.138577940317484632
0.122630649149403886
0.107055157017550140
0.092259134984233257
0.078527055690859979
0.066034484033081195
0.054867219249289945
0.045066149158894245
0.036606970834908513
0.029416462769026052
0.023389081781738270
0.018401345661010801
0.014329757687376883
0.011048657543405817
0.008436519204492282
0.006380632402648455
0.004779950722543449
0.003547682067391453
0.002609308300739288
0.001902157408861961
0.001374556327080598
0.000984668483630415
0.000699371343429019
0.000492598587207076
0.000344122290926378
0.000238460462283734
0.000163917993724446
0.000111790892107217
0.000075651590616715
0.000050806319636310
0.000033865027156987
0.000022405183212798
0.000014715002119620
0.000009594843925433
0.000006211965409022
0.000003993710514224
0.000002549857347992
0.000001616924683426
0.000001018451816024
0.000000637248553164
0.000000396127471715
0.000000244657801046
0.000000150147305065
0.000000091568388860
0.000000055498124168
0.000000033431283814
0.000000020017692245
0.000000011914957053
0.000000007050469447
0.000000004147830425
0.000000002426252485
0.000000001411269950
0.000000000816339686
0.000000000469615972
0.000000000268690704
0.000000000152908865
0.000000000086562659
0.000000000048749687
0.000000000027313777
0.000000000015225386
0.000000000008444629
0.000000000004660904
0.000000000002559715
0.000000000001399342
0.000000000000761192
0.000000000000411996
0.000000000000222377
0.000000000000119047
0.000000000000063622
0.000000000000033923
0.000000000000017854
0.000000000000009472
0.000000000000004950
0.000000000000002517
0.000000000000001351
0.000000000000000699
0.000000000000000423
0.000000000000000020
0.000000000000000221
0.000000000000000021
0.000000000000000011
-0.000000000000000049
0.000000000000000181
-0.000000000000000143
-0.000000000000000080
0.000000000000000245
-0.000000000000000167
-0.000000000000000003
0.000000000000000078
-0.000000000000000152
0.000000000000000178
-0.000000000000000332
0.000000000000000472
-0.000000000000000238
-0.000000000000000015
0.000000000000000259
-0.000000000000000139
-0.000000000000000057
0.000000000000000191
-0.000000000000000074
0.000000000000000064
-0.000000000000000095
0.000000000000000241
-0.000000000000000203
-0.000000000000000104
0.000000000000000157
-0.000000000000000003
-0.000000000000000272
0.000000000000000393
-0.000000000000000085
-0.000000000000000236
0.000000000000000317
-0.000000000000000009
-0.000000000000000239
0.000000000000000214
0.000000000000000025
-0.000000000000000103
0.000000000000000022
0.000000000000000186
-0.000000000000000241
0.000000000000000190
-0.000000000000000236
0.000000000000000327
-0.000000000000000244
-0.000000000000000016
0.000000000000000222
-0.000000000000000103
-0.000000000000000092
0.000000000000000221
-0.000000000000000063
-0.000000000000000165
0.000000000000000163
-0.000000000000000054
-0.000000000000000108
0.000000000000000189
0.000000000000000009
-0.000000000000000067
0.000000000000000116
-0.000000000000000168
0.000000000000000164
-0.000000000000000185
0.000000000000000166
-0.000000000000000112
0.000000000000000088
-0.000000000000000198
0.000000000000000215
-0.000000000000000145
-0.000000000000000005
0.000000000000000112
0.000000000000000049
-0.000000000000000289
0.000000000000000433
-0.000000000000000348
-0.000000000000000106
0.000000000000000319
-0.000000000000000377
0.000000000000000334
-0.000000000000000172
0.000000000000000130
-0.000000000000000128
0.000000000000000146
0.000000000000000029
-0.000000000000000077
0.000000000000000103
-0.000000000000000006
-0.000000000000000036
0.000000000000000029
0.000000000000000062
-0.000000000000000023
-0.000000000000000113
0.000000000000000250
-0.000000000000000157
0.000000000000000027
0.000000000000000227
-0.000000000000000292
0.000000000000000187
-0.000000000000000002
-0.000000000000000148
0.000000000000000164
-0.000000000000000053
0.000000000000000063
-0.000000000000000219
0.000000000000000113
-0.000000000000000008
-0.000000000000000084
0.000000000000000051
0.000000000000000030
-0.000000000000000070
-0.000000000000000018
0.000000000000000193
-0.000000000000000223
0.000000000000000184
-0.000000000000000020
-0.000000000000000181
0.000000000000000206
-0.000000000000000095
-0.000000000000000127
0.000000000000000177
-0.000000000000000010
-0.000000000000000172
0.000000000000000234
-0.000000000000000163
-0.000000000000000039
0.000000000000000177
-0.000000000000000171
0.000000000000000098
0.000000000000000092
-0.000000000000000276
0.000000000000000273
-0.000000000000000180
0.000000000000000163
-0.000000000000000145
0.000000000000000199
-0.000000000000000183
0.000000000000000198
-0.000000000000000102
0.000000000000000035
0.000000000000000037
-0.000000000000000035
-0.000000000000000060
0.000000000000000073
-0.000000000000000080
0.000000000000000057
0.000000000000000032
-0.000000000000000014
-0.000000000000000066
0.000000000000000103
-0.000000000000000070
0.000000000000000008
0.000000000000000001
-0.000000000000000062
0.000000000000000098
-0.000000000000000097
0.000000000000000039
-0.000000000000000029
-0.000000000000000055
0.000000000000000096
-0.000000000000000045
-0.000000000000000014
0.000000000000000026
0.000000000000000084
-0.000000000000000183
0.000000000000000293
-0.000000000000000326
0.000000000000000267
-0.000000000000000078
-0.000000000000000004
0.000000000000000069
-0.000000000000000054
-0.000000000000000036
0.000000000000000081
-0.000000000000000072
0.000000000000000015
0.000000000000000041
-0.000000000000000026
0.000000000000000010
0.000000000000000011
-0.000000000000000033
0.000000000000000180
-0.000000000000000205
0.000000000000000242
-0.000000000000000198
0.000000000000000081
-0.000000000000000060
-0.000000000000000038
0.000000000000000122
-0.000000000000000185
0.000000000000000248
-0.000000000000000169
0.000000000000000079
0.000000000000000033
-0.000000000000000146
0.000000000000000181
-0.000000000000000189
0.000000000000000132
-0.000000000000000165
0.000000000000000108
-0.000000000000000056
-0.000000000000000039
0.000000000000000058
-0.000000000000000050
0.000000000000000040
-0.000000000000000015
0.000000000000000053
-0.000000000000000055
0.000000000000000206
-0.000000000000000337
0.000000000000000122
-0.000000000000000263
0.000000000000000174
-0.000000000000000135
0.000000000000000041
0.000000000000000071
-0.000000000000000118
0.000000000000000072
-0.000000000000000046
-0.000000000000000041
0.000000000000000113
-0.000000000000000141
0.000000000000000126
-0.000000000000000113
0.000000000000000029
0.000000000000000120
-0.000000000000000168
0.000000000000000211
-0.000000000000000132
0.000000000000000123
-0.000000000000000042
-0.000000000000000006
0.000000000000000053
-0.000000000000000052
0.000000000000000029
-0.000000000000000009
0.000000000000000012
-0.000000000000000048
0.000000000000000058
-0.000000000000000065
0.000000000000000102
-0.000000000000000133
0.000000000000000099
-0.000000000000000095
0.000000000000000010
0.000000000000000107
-0.000000000000000150
0.000000000000000196
-0.000000000000000198
0.000000000000000162
-0.000000000000000125
0.000000000000000130
-0.000000000000000160
0.000000000000000180
-0.000000000000000209
0.000000000000000209
-0.000000000000000126
0.000000000000000097
-0.000000000000000029
-0.000000000000000056
0.000000000000000109
-0.000000000000000066
0.000000000000000005
0.000000000000000004
-0.000000000000000043
0.000000000000000064
-0.000000000000000079
0.000000000000000045
-0.000000000000000056
0.000000000000000028
0.000000000000000008
-0.000000000000000036
0.000000000000000073
-0.000000000000000034
0.000000000000000070
-0.000000000000000057
0.000000000000000165
-0.000000000000000198
0.000000000000000243
-0.000000000000000241
0.000000000000000204
-0.000000000000000098
-0.000000000000000058
0.000000000000000101
-0.000000000000000108
0.000000000000000121
-0.000000000000000067
