0.000000000000000000
0.000000000000000000
0.000000000000000000
0.000000000000000000
0.000000000000000000
0.000000000000000000
0.000000000000000000
0.000000000000000000
0.000000000000000000
0.000000000000000000
0.000000000000000000
0.000000000000000000
0.000000000000000000
0.000000000000000000
0.000000000000000000
0.000000000000000000
0.000000000000000000
0.000000000000000000
0.000000000000000000
0.000000000000000000
0.000000000000000000
-0.000000000000000000
-0.000000000000000000
-0.000000000000000000
-0.000000000000000000
0.000000000000000000
0.000000000000000000
0.000000000000000000
0.000000000000000001
0.000000000000000002
0.000000000000000002
0.000000000000000004
0.000000000000000004
0.000000000000000002
0.000000000000000002
-0.000000000000000006
0.000000000000000007
0.000000000000000004
-0.000000000000000049
-0.000000000000000067
-0.000000000000000113
-0.000000000000000086
-0.000000000000000074
-0.000000000000000009
0.000000000000000074
0.000000000000000143
0.000000000000000082
-0.000000000000000024
0.000000000000000037
0.000000000000000194
0.000000000000000187
0.000000000000000040
-0.000000000000000172
-0.000000000000000236
-0.000000000000000158
-0.000000000000000282
-0.000000000000000228
-0.000000000000000101
0.000000000000000062
0.000000000000000195
0.000000000000000289
0.000000000000000216
-0.000000000000000153
-0.000000000000000399
-0.000000000000000103
0.000000000000000344
0.000000000000000289
0.000000000000000101
-0.000000000000000067
-0.000000000000000103
0.000000000000000154
0.000000000000000422
0.000000000000000669
0.000000000000001819
0.000000000000006282
0.000000000000020922
0.000000000000063411
0.000000000000185467
0.000000000000532300
0.000000000001489677
0.000000000004068686
0.000000000010851424
0.000000000028251085
0.000000000071763201
0.000000000177862786
0.000000000431155500
0.000000001022285178
0.000000002369865153
0.000000005368978703
0.000000011885695291
0.000000025769729718
0.000000054727475931
0.000000113800472076
0.000000231589187283
0.000000461146985902
0.000000900393837634
0.000001724217600206
0.000003237180501563
0.000005955869206114
0.000010735124999609
0.000018993739949833
0.000032997878485787
0.000056273615990264
0.000094157781225250
0.000154523506119694
0.000249175138512501
0.000394957967389985
0.000615221782316360
0.000941333260208414
0.001414227186060774
0.002089614753474867
0.003037922650872929
0.004344908839627548
0.006110648100464945
0.008447223359186804
0.011494411637002638
0.015403446911528503
0.020326883037199827
0.026404235644388020
0.033746948300079918
0.042490988860168534
0.052733144479669848
0.064504631956697284
0.077744784484356580
0.092285001139247799
0.108002197653622706
0.124680795545988904
0.141989809837298503
0.159472749140159437
0.176563138024612765
0.192878272446075916
0.207994534537148001
0.221439283439226003
0.232703233369549511
0.241280051627980052
0.247017546909969854
0.249816960515859887
0.249614253511448420
0.246382525900170013
0.240153749243625148
0.231293694855127352
0.220198218227726394
0.207259773339815240
0.192855920863920893
0.177352377036500863
0.161262295334572814
0.145037231954961293
0.129049625103337423
0.113593026194597851
0.098891431060015036
0.085180962407935060
0.072617440280451681
0.061282034958140788
0.051194502239897813
0.042328273766961660
0.034648715658373568
0.028087346130847759
0.022551587270723206
0.017935067291607206
0.014126377004488521
0.011022171115287884
0.008521417203887077
0.006528830219378137
0.004957505882434841
0.003730428231315919
0.002782328889770131
0.002057295922914290
0.001508300597125945
0.001096511168623781
0.000790412297675230
0.000565042352017038
0.000400650715947545
0.000281816404088237
0.000196660241792145
0.000136148769221893
0.000093522656273095
0.000063750800230223
0.000043129219439912
0.000028960816741091
0.000019302475019477
0.000012771085827318
0.000008388911901801
0.000005471317395908
0.000003543423294238
0.000002278868240418
0.000001455534961827
0.000000923370181046
0.000000581860442782
0.000000364239784862
0.000000226521827427
0.000000139966190617
0.000000085933530253
0.000000052428046073
0.000000031787821156
0.000000019155303681
0.000000011473080713
0.000000006830687395
0.000000004042711490
0.000000002378691834
0.000000001391555626
0.000000000809446307
0.000000000468194241
0.000000000269303725
0.000000000154051872
0.000000000087648585
0.000000000049602036
0.000000000027922486
0.000000000015636336
0.000000000008710664
0.000000000004828336
0.000000000002662937
0.000000000001461001
0.000000000000798052
0.000000000000433718
0.000000000000234306
0.000000000000126294
0.000000000000067724
0.000000000000035953
0.000000000000019066
0.000000000000010401
0.000000000000005015
0.000000000000002810
0.000000000000001886
0.000000000000000099
0.000000000000000799
0.000000000000000158
-0.000000000000000119
0.000000000000000165
0.000000000000000131
-0.000000000000000196
0.000000000000000177
-0.000000000000000046
-0.000000000000000116
0.000000000000000207
-0.000000000000000254
0.000000000000000212
-0.000000000000000157
0.000000000000000139
-0.000000000000000139
0.000000000000000064
0.000000000000000146
-0.000000000000000253
0.000000000000000203
0.000000000000000007
-0.000000000000000061
0.000000000000000031
0.000000000000000057
-0.000000000000000116
0.000000000000000027
0.000000000000000065
-0.000000000000000156
0.000000000000000078
0.000000000000000269
-0.000000000000000454
0.000000000000000367
0.000000000000000080
-0.000000000000000271
0.000000000000000153
0.000000000000000111
-0.000000000000000258
0.000000000000000019
0.000000000000000205
-0.000000000000000275
0.000000000000000052
0.000000000000000081
-0.000000000000000028
-0.000000000000000061
-0.000000000000000016
0.000000000000000201
-0.000000000000000247
0.000000000000000113
0.000000000000000116
-0.000000000000000125
0.000000000000000088
0.000000000000000049
-0.000000000000000029
-0.000000000000000077
0.000000000000000080
-0.000000000000000069
-0.000000000000000150
0.000000000000000284
-0.000000000000000281
0.000000000000000117
-0.000000000000000049
0.000000000000000013
0.000000000000000072
-0.000000000000000054
0.000000000000000104
-0.000000000000000015
-0.000000000000000080
0.000000000000000158
-0.000000000000000174
-0.000000000000000024
0.000000000000000226
-0.000000000000000097
-0.000000000000000075
0.000000000000000348
-0.000000000000000307
0.000000000000000080
0.000000000000000204
-0.000000000000000358
0.000000000000000203
-0.000000000000000036
-0.000000000000000074
0.000000000000000036
-0.000000000000000013
-0.000000000000000044
0.000000000000000001
-0.000000000000000014
-0.000000000000000006
-0.000000000000000093
0.000000000000000082
-0.000000000000000024
-0.000000000000000119
0.000000000000000197
-0.000000000000000176
0.000000000000000026
0.000000000000000067
-0.000000000000000119
0.000000000000000074
0.000000000000000030
0.000000000000000017
-0.000000000000000043
0.000000000000000223
-0.000000000000000296
0.000000000000000208
0.000000000000000027
-0.000000000000000199
0.000000000000000200
0.000000000000000042
-0.000000000000000309
0.000000000000000329
-0.000000000000000227
0.000000000000000115
0.000000000000000080
-0.000000000000000211
0.000000000000000217
-0.000000000000000165
-0.000000000000000023
0.000000000000000158
-0.000000000000000208
0.000000000000000065
-0.000000000000000052
-0.000000000000000104
0.000000000000000105
0.000000000000000044
-0.000000000000000087
0.000000000000000080
0.000000000000000004
-0.000000000000000091
0.000000000000000126
0.000000000000000060
-0.000000000000000079
0.000000000000000102
0.000000000000000045
-0.000000000000000232
0.000000000000000251
-0.000000000000000081
-0.000000000000000018
0.000000000000000163
-0.000000000000000193
0.000000000000000095
0.000000000000000001
-0.000000000000000117
0.000000000000000143
-0.000000000000000067
0.000000000000000011
0.000000000000000051
0.000000000000000019
-0.000000000000000034
0.000000000000000008
0.000000000000000042
-0.000000000000000176
0.000000000000000184
-0.000000000000000135
0.000000000000000008
0.000000000000000063
-0.000000000000000213
0.000000000000000127
0.000000000000000061
-0.000000000000000268
0.000000000000000240
-0.000000000000000118
-0.000000000000000002
0.000000000000000240
-0.000000000000000269
0.000000000000000194
-0.000000000000000051
-0.000000000000000009
0.000000000000000064
0.000000000000000033
-0.000000000000000148
0.000000000000000297
-0.000000000000000278
0.000000000000000183
-0.000000000000000060
-0.000000000000000135
0.000000000000000201
-0.000000000000000231
0.000000000000000114
0.000000000000000066
-0.000000000000000123
0.000000000000000209
-0.000000000000000238
0.000000000000000100
-0.000000000000000066
0.000000000000000060
0.000000000000000010
0.000000000000000019
0.000000000000000006
0.000000000000000000
0.000000000000000054
-0.000000000000000036
0.000000000000000071
-0.000000000000000079
0.000000000000000023
-0.000000000000000048
-0.000000000000000050
0.000000000000000004
0.000000000000000041
-0.000000000000000097
0.000000000000000095
-0.000000000000000069
0.000000000000000152
-0.000000000000000040
0.000000000000000102
-0.000000000000000053
-0.000000000000000020
0.000000000000000060
-0.000000000000000061
0.000000000000000052
-0.000000000000000025
-0.000000000000000109
0.000000000000000030
-0.000000000000000005
-0.000000000000000014
0.000000000000000053
-0.000000000000000114
0.000000000000000255
-0.000000000000000213
0.000000000000000298
-0.000000000000000189
0.000000000000000113
0.000000000000000025
-0.000000000000000126
0.000000000000000189
-0.000000000000000154
0.000000000000000160
-0.000000000000000042
-0.000000000000000063
0.000000000000000206
-0.000000000000000245
0.000000000000000257
-0.000000000000000181
0.000000000000000120
-0.000000000000000006
-0.000000000000000112
0.000000000000000200
-0.000000000000000264
0.000000000000000249
-0.000000000000000185
0.000000000000000063
0.000000000000000091
-0.000000000000000193
0.000000000000000290
-0.000000000000000280
0.000000000000000324
-0.000000000000000289
0.000000000000000217
-0.000000000000000071
0.000000000000000016
0.000000000000000116
-0.000000000000000155
0.000000000000000263
-0.000000000000000262
0.000000000000000382
-0.000000000000000331
0.000000000000000444
-0.000000000000000433
0.000000000000000364
-0.000000000000000316
0.000000000000000181
-0.000000000000000034
-0.000000000000000010
0.000000000000000244
-0.000000000000000323
0.000000000000000311
-0.000000000000000305
0.000000000000000222
-0.000000000000000175
0.000000000000000125
0.000000000000000006
-0.000000000000000116
0.000000000000000183
-0.000000000000000190
0.000000000000000192
-0.000000000000000204
0.000000000000000200
-0.000000000000000232
0.000000000000000204
-0.000000000000000167
0.000000000000000081
-0.000000000000000022
-0.000000000000000072
0.000000000000000099
-0.000000000000000112
0.000000000000000041
-0.000000000000000038
0.000000000000000110
-0.000000000000000077
0.000000000000000056
-0.000000000000000114
0.000000000000000140
-0.000000000000000139
0.000000000000000148
-0.000000000000000123
0.000000000000000065
