0.000000000000000000
0.000000000000000000
0.000000000000000000
0.000000000000000000
0.000000000000000000
0.000000000000000000
0.000000000000000000
0.000000000000000000
0.000000000000000000
0.000000000000000000
0.000000000000000000
0.000000000000000000
0.000000000000000000
0.000000000000000000
0.000000000000000000
0.000000000000000000
-0.000000000000000000
0.000000000000000000
0.000000000000000000
0.000000000000000000
0.000000000000000000
0.000000000000000000
0.000000000000000000
0.000000000000000000
0.000000000000000000
-0.000000000000000000
-0.000000000000000000
-0.000000000000000000
-0.000000000000000001
-0.000000000000000002
-0.000000000000000002
-0.000000000000000004
-0.000000000000000003
0.000000000000000001
0.000000000000000007
0.000000000000000012
0.000000000000000023
0.000000000000000012
-0.000000000000000000
0.000000000000000015
0.000000000000000044
0.000000000000000075
0.000000000000000024
-0.000000000000000112
-0.000000000000000201
-0.000000000000000191
-0.000000000000000032
0.000000000000000163
0.000000000000000233
0.000000000000000143
0.000000000000000027
0.000000000000000093
0.000000000000000045
-0.000000000000000019
-0.000000000000000033
0.000000000000000001
0.000000000000000038
-0.000000000000000136
-0.000000000000000163
-0.000000000000000006
-0.000000000000000031
0.000000000000000006
0.000000000000000064
0.000000000000000081
0.000000000000000072
0.000000000000000194
0.000000000000000113
-0.000000000000000080
-0.000000000000000092
-0.000000000000000224
-0.000000000000000263
0.000000000000000047
0.000000000000000523
0.000000000000002022
0.000000000000006879
0.000000000000021131
0.000000000000062739
0.000000000000184385
0.000000000000529489
0.000000000001480884
0.000000000004044385
0.000000000010788154
0.000000000028089361
0.000000000071359790
0.000000000176883248
0.000000000428830207
0.000000001016886661
0.000000002357614788
0.000000005341819198
0.000000011826882672
0.000000025645049132
0.000000054468674905
0.000000113274711971
0.000000230544375186
0.000000459116475408
0.000000896526462455
0.000001716997146491
0.000003223971064083
0.000005932202354241
0.000010693612063073
0.000018922312210847
0.000032877286580277
0.000056073910332808
0.000093833559226577
0.000154007697213719
0.000248369574932591
0.000393722503340048
0.000613361610080685
0.000938585218190139
0.001410245957153261
0.002083949640863925
0.003030001909828824
0.004334030109756762
0.006095979409662382
0.008427817397422634
0.011469190419071471
0.015371233396773388
0.020286459342870971
0.026354430349364136
0.033686746396146057
0.042419534201742916
0.052649851241944663
0.064409317913332584
0.077637811837245288
0.092167398049564891
0.107875533789239281
0.124547218537171184
0.141852064760451035
0.159334158904615553
0.176427521242027124
0.192749590740252330
0.207876741993073155
0.221336172357347372
0.232618266304451538
0.241216180635920985
0.246976953191210741
0.249800968199682727
0.249623284811087004
0.246416089726414850
0.240210467753147749
0.231371431016501539
0.220294216682366151
0.207370811010600481
0.192978460110292266
0.177482722767717982
0.161396865643478105
0.145172692886062410
0.129182984539594592
0.113721695042195869
0.099013261204706923
0.085294352491105035
0.072721308518575403
0.061375764555806143
0.051277874088828508
0.042401396514043593
0.034712000512174358
0.028141425643563485
0.022597238536505544
0.017973146035334564
0.014157764848802136
0.011047750207667052
0.008542034287225806
0.006545270914122831
0.004970478950693121
0.003740558207449520
0.002790158719271518
0.002063288307853806
0.001512842627226504
0.001099921251844577
0.000792948333177741
0.000566910972616413
0.000402015168704774
0.000282803926879103
0.000197368743323969
0.000136652681427345
0.000093878014985283
0.000063999315605748
0.000043301596634108
0.000029079419747780
0.000019383426185336
0.000012825903943122
0.000008425746874964
0.000005495880743536
0.000003559680702824
0.000002289548472633
0.000001462500048277
0.000000927879795294
0.000000584759566445
0.000000366090549822
0.000000227695178239
0.000000140705011746
0.000000086395621416
0.000000052715145564
0.000000031965034322
0.000000019263984845
0.000000011539309846
0.000000006870793474
0.000000004066848158
0.000000002393128728
0.000000001400139751
0.000000000814519156
0.000000000471175331
0.000000000271044791
0.000000000155063428
0.000000000088232571
0.000000000049937569
0.000000000028114244
0.000000000015744990
0.000000000008772438
0.000000000004862812
0.000000000002682063
0.000000000001472204
0.000000000000803686
0.000000000000437049
0.000000000000236253
0.000000000000127249
0.000000000000068072
0.000000000000036750
0.000000000000018815
0.000000000000010439
0.000000000000005477
0.000000000000002697
0.000000000000001424
0.000000000000000954
0.000000000000000200
0.000000000000000223
0.000000000000000194
0.000000000000000034
-0.000000000000000099
0.000000000000000109
0.000000000000000072
-0.000000000000000255
0.000000000000000263
-0.000000000000000025
-0.000000000000000158
0.000000000000000186
-0.000000000000000092
-0.000000000000000024
0.000000000000000014
0.000000000000000077
-0.000000000000000007
-0.000000000000000074
0.000000000000000025
0.000000000000000180
-0.000000000000000183
0.000000000000000075
0.000000000000000215
-0.000000000000000413
0.000000000000000314
-0.000000000000000056
-0.000000000000000088
0.000000000000000088
0.000000000000000174
-0.000000000000000297
0.000000000000000272
-0.000000000000000233
0.000000000000000138
-0.000000000000000142
0.000000000000000107
-0.000000000000000019
-0.000000000000000050
0.000000000000000090
-0.000000000000000079
0.000000000000000102
-0.000000000000000136
0.000000000000000103
-0.000000000000000051
-0.000000000000000030
-0.000000000000000010
0.000000000000000140
-0.000000000000000198
0.000000000000000158
-0.000000000000000050
0.000000000000000025
-0.000000000000000036
0.000000000000000030
-0.000000000000000011
-0.000000000000000065
0.000000000000000142
-0.000000000000000145
0.000000000000000171
-0.000000000000000165
0.000000000000000124
-0.000000000000000026
-0.000000000000000024
0.000000000000000054
-0.000000000000000007
0.000000000000000018
-0.000000000000000028
0.000000000000000121
-0.000000000000000143
0.000000000000000101
-0.000000000000000022
-0.000000000000000083
0.000000000000000108
-0.000000000000000088
-0.000000000000000020
0.000000000000000110
0.000000000000000035
-0.000000000000000088
0.000000000000000090
-0.000000000000000033
-0.000000000000000032
0.000000000000000085
0.000000000000000086
-0.000000000000000318
0.000000000000000243
-0.000000000000000108
-0.000000000000000150
0.000000000000000257
-0.000000000000000150
0.000000000000000000
0.000000000000000152
-0.000000000000000187
0.000000000000000138
-0.000000000000000016
-0.000000000000000099
0.000000000000000169
-0.000000000000000103
0.000000000000000079
0.000000000000000014
0.000000000000000008
0.000000000000000078
-0.000000000000000130
0.000000000000000132
-0.000000000000000056
-0.000000000000000063
0.000000000000000052
0.000000000000000032
-0.000000000000000080
0.000000000000000154
-0.000000000000000212
0.000000000000000165
-0.000000000000000070
-0.000000000000000009
0.000000000000000138
-0.000000000000000204
0.000000000000000218
-0.000000000000000167
0.000000000000000068
-0.000000000000000012
0.000000000000000024
0.000000000000000043
0.000000000000000005
-0.000000000000000085
0.000000000000000104
-0.000000000000000114
0.000000000000000065
0.000000000000000032
-0.000000000000000076
0.000000000000000038
0.000000000000000038
-0.000000000000000134
0.000000000000000144
-0.000000000000000147
0.000000000000000027
0.000000000000000117
-0.000000000000000177
0.000000000000000194
-0.000000000000000140
0.000000000000000046
0.000000000000000105
-0.000000000000000120
0.000000000000000130
-0.000000000000000007
0.000000000000000010
-0.000000000000000000
0.000000000000000081
0.000000000000000110
0.000000000000000044
0.000000000000000028
-0.000000000000000089
0.000000000000000114
-0.000000000000000131
0.000000000000000053
0.000000000000000062
-0.000000000000000149
0.000000000000000134
-0.000000000000000135
0.000000000000000034
0.000000000000000022
-0.000000000000000101
0.000000000000000163
-0.000000000000000178
0.000000000000000184
-0.000000000000000112
0.000000000000000015
0.000000000000000031
-0.000000000000000113
0.000000000000000163
-0.000000000000000187
0.000000000000000219
-0.000000000000000162
0.000000000000000093
-0.000000000000000048
0.000000000000000004
0.000000000000000143
-0.000000000000000213
0.000000000000000294
-0.000000000000000315
0.000000000000000232
-0.000000000000000258
0.000000000000000155
-0.000000000000000049
0.000000000000000009
0.000000000000000024
-0.000000000000000066
0.000000000000000122
-0.000000000000000048
0.000000000000000088
0.000000000000000061
-0.000000000000000156
0.000000000000000209
-0.000000000000000230
0.000000000000000255
-0.000000000000000163
0.000000000000000100
-0.000000000000000023
-0.000000000000000097
0.000000000000000189
-0.000000000000000139
0.000000000000000125
-0.000000000000000062
-0.000000000000000108
0.000000000000000092
-0.000000000000000095
0.000000000000000142
-0.000000000000000108
0.000000000000000158
-0.000000000000000089
0.000000000000000013
0.000000000000000077
-0.000000000000000105
0.000000000000000180
-0.000000000000000231
0.000000000000000224
-0.000000000000000164
0.000000000000000106
-0.000000000000000058
0.000000000000000086
-0.000000000000000040
0.000000000000000063
-0.000000000000000086
0.000000000000000105
-0.000000000000000066
0.000000000000000017
-0.000000000000000014
0.000000000000000008
-0.000000000000000008
-0.000000000000000026
0.000000000000000012
0.000000000000000002
0.000000000000000021
-0.000000000000000011
0.000000000000000005
-0.000000000000000015
0.000000000000000081
-0.000000000000000038
0.000000000000000079
-0.000000000000000031
0.000000000000000056
0.000000000000000018
-0.000000000000000012
-0.000000000000000030
-0.000000000000000002
-0.000000000000000048
-0.000000000000000012
-0.000000000000000040
0.000000000000000081
-0.000000000000000067
0.000000000000000042
0.000000000000000022
-0.000000000000000023
-0.000000000000000023
-0.000000000000000071
0.000000000000000075
-0.000000000000000091
0.000000000000000099
-0.000000000000000106
0.000000000000000138
-0.000000000000000117
0.000000000000000073
-0.000000000000000007
-0.000000000000000071
0.000000000000000148
-0.000000000000000215
0.000000000000000274
-0.000000000000000350
0.000000000000000342
-0.000000000000000352
0.000000000000000270
-0.000000000000000197
0.000000000000000098
-0.000000000000000074
0.000000000000000042
-0.000000000000000001
0.000000000000000034
-0.000000000000000048
0.000000000000000065
-0.000000000000000119
0.000000000000000137
-0.000000000000000185
0.000000000000000189
-0.000000000000000198
0.000000000000000174
-0.000000000000000135
0.000000000000000082
-0.000000000000000027
-0.000000000000000019
0.000000000000000046
-0.000000000000000062
0.000000000000000069
-0.000000000000000071
0.000000000000000067
-0.000000000000000060
0.000000000000000046
-0.000000000000000026
