-0.000000000000000
-0.000000000000001
-0.000000000000001
-0.000000000000001
-0.000000000000001
-0.000000000000001
-0.000000000000001
-0.000000000000001
-0.000000000000001
-0.000000000000000
-0.000000000000001
-0.000000000000001
-0.000000000000000
0.000000000000000
0.000000000000000
0.000000000000000
0.000000000000000
0.000000000000000
0.000000000000000
0.000000000000000
-0.000000000000001
-0.000000000000001
-0.000000000000000
-0.000000000000000
-0.000000000000000
-0.000000000000001
-0.000000000000001
-0.000000000000000
-0.000000000000000
-0.000000000000000
-0.000000000000001
-0.000000000000001
-0.000000000000001
-0.000000000000001
-0.000000000000001
-0.000000000000001
-0.000000000000001
-0.000000000000001
-0.000000000000001
-0.000000000000001
-0.000000000000001
-0.000000000000001
-0.000000000000001
-0.000000000000001
-0.000000000000001
-0.000000000000001
-0.000000000000000
-0.000000000000000
-0.000000000000000
0.000000000000000
0.000000000000001
0.000000000000001
0.000000000000001
0.000000000000001
0.000000000000001
0.000000000000001
0.000000000000001
0.000000000000000
0.000000000000000
0.000000000000000
0.000000000000000
0.000000000000000
0.000000000000000
0.000000000000000
0.000000000000000
0.000000000000000
0.000000000000000
0.000000000000000
0.000000000000000
0.000000000000001
0.000000000000000
-0.000000000000000
0.000000000000000
0.000000000000000
-0.000000000000001
-0.000000000000001
-0.000000000000001
-0.000000000000000
-0.000000000000000
-0.000000000000000
-0.000000000000000
-0.000000000000000
-0.000000000000001
-0.000000000000001
0.000000000000000
0.000000000000000
0.000000000000000
0.000000000000000
-0.000000000000000
-0.000000000000000
-0.000000000000000
0.000000000000000
0.000000000000000
-0.000000000000000
-0.000000000000001
-0.000000000000002
-0.000000000000003
-0.000000000000005
-0.000000000000007
-0.000000000000010
-0.000000000000015
-0.000000000000022
-0.000000000000031
-0.000000000000044
-0.000000000000063
-0.000000000000089
-0.000000000000126
-0.000000000000178
-0.000000000000252
-0.000000000000357
-0.000000000000505
-0.000000000000711
-0.000000000000999
-0.000000000001401
-0.000000000001961
-0.000000000002740
-0.000000000003819
-0.000000000005312
-0.000000000007375
-0.000000000010217
-0.000000000014125
-0.000000000019485
-0.000000000026824
-0.000000000036851
-0.000000000050521
-0.000000000069117
-0.000000000094360
-0.000000000128555
-0.000000000174777
-0.000000000237123
-0.000000000321039
-0.000000000433744
-0.000000000584792
-0.000000000786795
-0.000000001056362
-0.000000001415317
-0.000000001892274
-0.000000002524660
-0.000000003361316
-0.000000004465835
-0.000000005920822
-0.000000007833336
-0.000000010341794
-0.000000013624751
-0.000000017911995
-0.000000023498556
-0.000000030762333
-0.000000040186234
-0.000000052385893
-0.000000068144280
-0.000000088454814
-0.000000114574912
-0.000000148092319
-0.000000191007054
-0.000000245832363
-0.000000315718739
-0.000000404605861
-0.000000517408202
-0.000000660241126
-0.000000840695507
-0.000001068170318
-0.000001354274229
-0.000001713309102
-0.000002162850329
-0.000002724441270
-0.000003424421681
-0.000004294912874
-0.000005374985538
-0.000006712039635
-0.000008363429533
-0.000010398371581
-0.000012900175617
-0.000015968846393
-0.000019724105545
-0.000024308889432
-0.000029893382866
-0.000036679653259
-0.000044906953932
-0.000054857769028
-0.000066864675441
-0.000081318099189
-0.000098675044358
-0.000119468871838
-0.000144320202187
-0.000173949011651
-0.000209187982236
-0.000250997155239
-0.000300479922385
-0.000358900369118
-0.000427701960160
-0.000508527527741
-0.000603240487438
-0.000713947164920
-0.000843020068825
-0.000993121890294
-0.001167229948207
-0.001368660731164
-0.001601094112927
-0.001868596738001
-0.002175643989134
-0.002527139859861
-0.002928433964332
-0.003385334825330
-0.003904118491917
-0.004491531453071
-0.005154786736062
-0.005901552011486
-0.006739928474640
-0.007678419239188
-0.008725885968289
-0.009891492484717
-0.011184634149792
-0.012614851885252
-0.014191729837035
-0.015924775848899
-0.017823284130389
-0.019896179770170
-0.022151845064034
-0.024597927997194
-0.027241133641987
-0.030086999702386
-0.033139657951529
-0.036401583861760
-0.039873337310515
-0.043553297849438
-0.047437398636530
-0.051518863737388
-0.055787954085838
-0.060231727938611
-0.064833822143835
-0.069574260948941
-0.074429299378999
-0.079371308400637
-0.084368709129141
-0.089385963217676
-0.094383626270682
-0.099318470633498
-0.104143683216085
-0.108809143103207
-0.113261782584472
-0.117446033908618
-0.121304362536863
-0.124777885955936
-0.127807075235497
-0.130332534506523
-0.132295851433321
-0.133640509594940
-0.134312851530380
-0.134263079089744
-0.133446275727823
-0.131823433537645
-0.129362466210503
-0.126039187786594
-0.121838236085053
-0.116753919127857
-0.110790962746829
-0.103965137926469
-0.096303747317510
-0.087845951775213
-0.078642919737637
-0.068757784753608
-0.058265399473750
-0.047251877891648
-0.035813921511094
-0.024057929350199
-0.012098896190624
-0.000059108144836
0.011933350659536
0.023746261805171
0.035245083743923
0.046294883200680
0.056762355832058
0.066517901872665
0.075437719854673
0.083405879563612
0.090316334273151
0.096074832045058
0.100600686527536
0.103828369253566
0.105708887924547
0.106210918532778
0.105321663374098
0.103047411950489
0.099413787360659
0.094465666903843
0.088266772140346
0.080898930410462
0.072461016650565
0.063067591095416
0.052847254952705
0.041940752217181
0.030498851304139
0.018680044985201
0.006648111080507
-0.005430420601251
-0.017388847558028
-0.029062871645807
-0.040293125532417
-0.050927601407981
-0.060823937064002
-0.069851517700611
-0.077893355972999
-0.084847717735108
-0.090629466553045
-0.095171106198376
-0.098423506836785
-0.100356307337862
-0.100957992881501
-0.100235653662754
-0.098214436843246
-0.094936709818106
-0.090460958231515
-0.084860446868665
-0.078221675484290
-0.070642664728022
-0.062231109548180
-0.053102438775908
-0.043377820012634
-0.033182148490257
-0.022642057291467
-0.011883984272539
-0.001032328305024
0.009792275858386
0.020474538578547
0.030905930825558
0.040985917220612
0.050622994205681
0.059735525477231
0.068252371284532
0.076113312467899
0.083269274108509
0.089682357303154
0.095325690801791
0.100183117005190
0.104248729081427
0.107526277705056
0.110028467147816
0.111776161163809
0.112797519336981
0.113127084326294
0.112804839795470
0.111875257797641
0.110386353054132
0.108388759977832
0.105934846503527
0.103077876858582
0.099871233394165
0.096367705553416
0.092618852028209
0.088674440194784
0.084581965059212
0.080386248218789
0.076129115780931
0.071849152796287
0.067581530570598
0.063357902227252
0.059206361100692
0.055151455946282
0.051214256546565
0.047412463065383
0.043760552435132
0.040269955141524
0.036949255975875
0.033804412637790
0.030838986471258
0.028054380085221
0.025450077126859
0.023023880024560
0.020772142081667
0.018689990867212
0.016771540403302
0.015010090179998
0.013398309528646
0.011928406346902
0.010592279588175
0.009381655301533
0.008288206333653
0.007303656081719
0.006419866916153
0.005628914076568
0.004923145985906
0.004295232029801
0.003738198914310
0.003245456749409
0.002810816012131
0.002428496526106
0.002093129557545
0.001799754075327
0.001543808158410
0.001321116460534
0.001127874563257
0.000960630966196
0.000816267380419
0.000691977908933
0.000585247618908
0.000493830934733
0.000415730210289
0.000349174773488
0.000292600676688
0.000244631333209
0.000204059172891
0.000169828408348
0.000141018968051
0.000116831622328
0.000096574303338
0.000079649599752
0.000065543390712
0.000053814571192
0.000044085811757
0.000036035289388
0.000029389322126
0.000023915838425
0.000019418611848
0.000015732192866
0.000012717471675
0.000010257808859
0.000008255674266
0.000006629738308
0.000005312364069
0.000004247452719
0.000003388599005
0.000002697517616
0.000002142705202
0.000001698306536
0.000001343156816
0.000001059975344
0.000000834688819
0.000000655865168
0.000000514241348
0.000000402330687
0.000000314097380
0.000000244687440
0.000000190206977
0.000000147539998
0.000000114199131
0.000000088203665
0.000000067980186
0.000000052281857
0.000000040123022
0.000000030726370
0.000000023480365
0.000000017905042
0.000000013624599
0.000000010345486
0.000000007838948
0.000000005927140
0.000000004472126
0.000000003367171
0.000000002529877
0.000000001896783
0.000000001419124
0.000000001059519
0.000000000789374
0.000000000586874
0.000000000435405
0.000000000322353
0.000000000238154
0.000000000175580
0.000000000129176
0.000000000094837
0.000000000069482
0.000000000050798
0.000000000037062
0.000000000026983
0.000000000019605
0.000000000014214
0.000000000010284
0.000000000007425
0.000000000005350
0.000000000003847
0.000000000002760
0.000000000001977
0.000000000001412
0.000000000001007
0.000000000000717
0.000000000000509
0.000000000000360
0.000000000000255
0.000000000000180
0.000000000000127
0.000000000000089
0.000000000000063
0.000000000000044
0.000000000000030
0.000000000000021
0.000000000000015
0.000000000000010
0.000000000000007
0.000000000000005
0.000000000000003
0.000000000000002
0.000000000000002
0.000000000000001
0.000000000000001
0.000000000000000
0.000000000000001
0.000000000000000
-0.000000000000000
0.000000000000000
0.000000000000000
-0.000000000000000
0.000000000000000
0.000000000000000
0.000000000000000
-0.000000000000000
-0.000000000000000
0.000000000000000
-0.000000000000000
-0.000000000000000
0.000000000000000
0.000000000000000
-0.000000000000000
-0.000000000000000
0.000000000000000
0.000000000000000
-0.000000000000000
-0.000000000000000
0.000000000000000
-0.000000000000000
-0.000000000000000
-0.000000000000000
0.000000000000000
0.000000000000000
-0.000000000000000
0.000000000000000
0.000000000000000
0.000000000000000
-0.000000000000000
0.000000000000000
0.000000000000000
-0.000000000000000
-0.000000000000000
0.000000000000000
-0.000000000000000
-0.000000000000000
0.000000000000000
-0.000000000000000
-0.000000000000000
0.000000000000000
-0.000000000000000
-0.000000000000000
-0.000000000000000
0.000000000000000
-0.000000000000000
0.000000000000000
-0.000000000000000
0.000000000000000
0.000000000000000
-0.000000000000000
0.000000000000000
0.000000000000000
-0.000000000000000
-0.000000000000000
0.000000000000000
-0.000000000000000
-0.000000000000000
0.000000000000000
-0.000000000000000
0.000000000000000
-0.000000000000000
-0.000000000000000
0.000000000000000
0.000000000000000
-0.000000000000000
0.000000000000000
0.000000000000000
-0.000000000000000
-0.000000000000000
0.000000000000000
-0.000000000000000
-0.000000000000000
0.000000000000000
-0.000000000000000
-0.000000000000000
0.000000000000000
0.000000000000000
-0.000000000000000
0.000000000000000
-0.000000000000000
0.000000000000000
-0.000000000000000
-0.000000000000000
0.000000000000000
-0.000000000000000
-0.000000000000000
-0.000000000000000
0.000000000000000
-0.000000000000000
-0.000000000000000
0.000000000000000
0.000000000000000
-0.000000000000000
-0.000000000000000
0.000000000000000
0.000000000000000
-0.000000000000000
0.000000000000000
0.000000000000000
-0.000000000000000
-0.000000000000000
0.000000000000000
-0.000000000000000
-0.000000000000000
0.000000000000000
0.000000000000000
-0.000000000000000
0.000000000000000
-0.000000000000000
0.000000000000000
0.000000000000000
0.000000000000000
-0.000000000000000
0.000000000000000
-0.000000000000000
-0.000000000000000
0.000000000000000
0.000000000000000
-0.000000000000000
-0.000000000000000
-0.000000000000000
0.000000000000000
-0.000000000000000
-0.000000000000000
0.000000000000000
-0.000000000000000
-0.000000000000000
0.000000000000000
0.000000000000000
-0.000000000000000
-0.000000000000000
0.000000000000000
-0.000000000000000
-0.000000000000000
0.000000000000000
-0.000000000000000
0.000000000000000
0.000000000000000
-0.000000000000000
-0.000000000000000
0.000000000000000
-0.000000000000000
-0.000000000000000
0.000000000000000
0.000000000000000
-0.000000000000000
0.000000000000000
0.000000000000001
-0.000000000000001
0.000000000000000
0.000000000000000
0.000000000000000
-0.000000000000000
0.000000000000000
0.000000000000000
-0.000000000000000
0.000000000000000
0.000000000000000
-0.000000000000000
0.000000000000000
-0.000000000000000
-0.000000000000000
0.000000000000000
-0.000000000000000
-0.000000000000000
0.000000000000000
-0.000000000000000
-0.000000000000000
0.000000000000000
-0.000000000000000
-0.000000000000000
0.000000000000000
0.000000000000000
-0.000000000000000
0.000000000000000
0.000000000000000
-0.000000000000000
0.000000000000000
0.000000000000000
-0.000000000000000
0.000000000000000
0.000000000000000
-0.000000000000000
0.000000000000000
-0.000000000000000
0.000000000000000
-0.000000000000000
0.000000000000000
0.000000000000000
-0.000000000000000
0.000000000000000
0.000000000000000
-0.000000000000000
0.000000000000000
-0.000000000000000
-0.000000000000000
0.000000000000000
-0.000000000000000
-0.000000000000000
0.000000000000000
-0.000000000000000
0.000000000000000
-0.000000000000000
0.000000000000000
-0.000000000000000
-0.000000000000000
0.000000000000000
-0.000000000000000
-0.000000000000000
0.000000000000000
-0.000000000000000
-0.000000000000000
0.000000000000000
-0.000000000000000
-0.000000000000000
0.000000000000000
-0.000000000000000
0.000000000000000
-0.000000000000000
-0.000000000000000
0.000000000000000
0.000000000000000
-0.000000000000000
0.000000000000000
0.000000000000000
-0.000000000000000
-0.000000000000000
0.000000000000000
0.000000000000000
0.000000000000000
-0.000000000000000
0.000000000000000
0.000000000000000
-0.000000000000000
0.000000000000000
-0.000000000000000
-0.000000000000000
0.000000000000000
-0.000000000000000
0.000000000000000
-0.000000000000000
0.000000000000000
-0.000000000000000
0.000000000000000
0.000000000000001
-0.000000000000000
-0.000000000000000
0.000000000000000
-0.000000000000000
-0.000000000000000
0.000000000000000
-0.000000000000000
-0.000000000000001
0.000000000000001
-0.000000000000000
-0.000000000000000
0.000000000000001
-0.000000000000000
-0.000000000000000
0.000000000000000
