0.000000000000000
0.000000000000000
0.000000000000000
0.000000000000000
-0.000000000000000
-0.000000000000000
-0.000000000000000
-0.000000000000000
-0.000000000000000
-0.000000000000000
-0.000000000000000
-0.000000000000000
-0.000000000000000
-0.000000000000000
-0.000000000000000
-0.000000000000001
-0.000000000000000
0.000000000000000
-0.000000000000000
-0.000000000000001
-0.000000000000000
-0.000000000000000
0.000000000000000
0.000000000000000
-0.000000000000000
-0.000000000000001
-0.000000000000001
-0.000000000000000
-0.000000000000000
-0.000000000000000
-0.000000000000000
0.000000000000000
0.000000000000000
-0.000000000000000
-0.000000000000001
-0.000000000000000
0.000000000000000
-0.000000000000000
-0.000000000000000
-0.000000000000000
0.000000000000000
0.000000000000001
0.000000000000000
0.000000000000000
0.000000000000000
0.000000000000000
0.000000000000000
0.000000000000001
0.000000000000001
0.000000000000000
-0.000000000000000
-0.000000000000000
0.000000000000001
0.000000000000001
0.000000000000000
0.000000000000001
0.000000000000001
0.000000000000001
0.000000000000000
-0.000000000000000
0.000000000000000
0.000000000000000
-0.000000000000000
-0.000000000000001
-0.000000000000001
-0.000000000000001
-0.000000000000001
-0.000000000000001
-0.000000000000001
-0.000000000000000
-0.000000000000000
-0.000000000000000
0.000000000000000
0.000000000000000
0.000000000000000
0.000000000000000
0.000000000000000
0.000000000000001
0.000000000000001
0.000000000000001
0.000000000000001
0.000000000000000
-0.000000000000000
-0.000000000000000
-0.000000000000000
-0.000000000000000
-0.000000000000000
0.000000000000000
0.000000000000000
0.000000000000001
0.000000000000001
0.000000000000001
0.000000000000000
0.000000000000000
0.000000000000000
0.000000000000000
-0.000000000000000
-0.000000000000000
-0.000000000000001
-0.000000000000001
-0.000000000000001
-0.000000000000001
-0.000000000000002
-0.000000000000002
-0.000000000000002
-0.000000000000003
-0.000000000000004
-0.000000000000005
-0.000000000000006
-0.000000000000008
-0.000000000000011
-0.000000000000015
-0.000000000000020
-0.000000000000028
-0.000000000000040
-0.000000000000055
-0.000000000000077
-0.000000000000109
-0.000000000000153
-0.000000000000214
-0.000000000000300
-0.000000000000418
-0.000000000000583
-0.000000000000810
-0.000000000001124
-0.000000000001556
-0.000000000002151
-0.000000000002967
-0.000000000004084
-0.000000000005610
-0.000000000007691
-0.000000000010524
-0.000000000014372
-0.000000000019586
-0.000000000026638
-0.000000000036156
-0.000000000048976
-0.000000000066208
-0.000000000089324
-0.000000000120266
-0.000000000161602
-0.000000000216708
-0.000000000290022
-0.000000000387358
-0.000000000516321
-0.000000000686833
-0.000000000911817
-0.000000001208059
-0.000000001597323
-0.000000002107759
-0.000000002775699
-0.000000003647934
-0.000000004784586
-0.000000006262737
-0.000000008180995
-0.000000010665223
-0.000000013875710
-0.000000018016134
-0.000000023344726
-0.000000030188142
-0.000000038958664
-0.000000050175466
-0.000000064490849
-0.000000082722510
-0.000000105893144
-0.000000135278914
-0.000000172468618
-0.000000219435733
-0.000000278625889
-0.000000353062828
-0.000000446476372
-0.000000563456580
-0.000000709638948
-0.000000891926272
-0.000001118753726
-0.000001400404655
-0.000001749385749
-0.000002180871475
-0.000002713229044
-0.000003368636686
-0.000004173809677
-0.000005160850335
-0.000006368240140
-0.000007841994178
-0.000009637000278
-0.000011818567447
-0.000014464210557
-0.000017665700560
-0.000021531411862
-0.000026189000752
-0.000031788450913
-0.000038505523961
-0.000046545654602
-0.000056148331178
-0.000067592003094
-0.000081199556622
-0.000097344399838
-0.000116457195675
-0.000139033279238
-0.000165640791324
-0.000196929554413
-0.000233640710009
-0.000276617126943
-0.000326814578907
-0.000385313675922
-0.000453332518423
-0.000532240024138
-0.000623569856791
-0.000729034861792
-0.000850541887597
-0.000990206842223
-0.001150369802822
-0.001333609962302
-0.001542760161134
-0.001780920715120
-0.002051472211507
-0.002358086907062
-0.002704738323393
-0.003095708597682
-0.003535593112231
-0.004029301894762
-0.004582057254653
-0.005199387099363
-0.005887113361739
-0.006651334963962
-0.007498404749248
-0.008434899829196
-0.009467584824542
-0.010603367521110
-0.011849246522142
-0.013212250553896
-0.014699369174087
-0.016317474742807
-0.018073235643092
-0.019973020882877
-0.022022796371031
-0.024228013336106
-0.026593489545701
-0.029123284184625
-0.031820567458428
-0.034687486202170
-0.037725026988461
-0.040932878439665
-0.044309294651827
-0.047850961827351
-0.051552870384281
-0.055408194956795
-0.059408184818521
-0.063542067342250
-0.067796967151121
-0.072157843612813
-0.076607449275212
-0.081126311736046
-0.085692741277354
-0.090282866376658
-0.094870698929980
-0.099428230687908
-0.103925562017071
-0.108331063658953
-0.112611571670998
-0.116732615207750
-0.120658676240081
-0.124353479727406
-0.127780312161442
-0.130902365801659
-0.133683105334199
-0.136086653120165
-0.138078188668836
-0.139624357489188
-0.140693684051813
-0.141256983244746
-0.141287764441749
-0.140762622129982
-0.139661606973711
-0.137968571228062
-0.135671482565870
-0.132762700643330
-0.129239211105749
-0.125102812220223
-0.120360249911807
-0.115023297665585
-0.109108778528496
-0.102638527289039
-0.095639291815305
-0.088142573475900
-0.080184407536245
-0.071805085396006
-0.063048821492607
-0.053963368621690
-0.044599586299088
-0.035010967592253
-0.025253130565291
-0.015383281095812
-0.005459654320473
0.004459057661069
0.014314283955225
0.024048150948064
0.033604048356183
0.042927177508963
0.051965074433932
0.060668100763765
0.068989896050022
0.076887785742658
0.084323139861557
0.091261678230400
0.097673719046692
0.103534368505984
0.108823650164120
0.113526573689510
0.117633143608983
0.121138309567750
0.124041860489432
0.126348265820612
0.128066467762578
0.129209629019488
0.129794841117967
0.129842798771775
0.129377446072477
0.128425600481562
0.127016560682046
0.125181704321646
0.122954081550360
0.120368010030297
0.117458676783640
0.114261751856335
0.110813018321788
0.107148022642775
0.103301748863654
0.099308319531517
0.095200725656701
0.091010587432312
0.086767946850463
0.082501092790249
0.078236418618565
0.073998311847792
0.069809074940961
0.065688875950684
0.061655727326843
0.057725490932420
0.053911907068026
0.050226645123749
0.046679373350496
0.043277845169865
0.040027999418577
0.036934071946575
0.033998716052580
0.031223129342177
0.028607184726026
0.026149563434167
0.023847888101151
0.021698854170467
0.019698358070431
0.017841620822452
0.016123305952011
0.014537630778791
0.013078470361769
0.011739453564589
0.010514050883923
0.009395653846767
0.008377645930304
0.007453465089182
0.006616658089314
0.005860926944460
0.005180167832321
0.004568502930990
0.004020305665475
0.003530219888480
0.003093173540958
0.002704387347504
0.002359379100744
0.002053964078871
0.001784252122980
0.001546641876902
0.001337812663489
0.001154714438677
0.000994556229508
0.000854793425491
0.000733114255167
0.000627425742415
0.000535839400311
0.000456656885089
0.000388355799133
0.000329575800449
0.000279105146938
0.000235867777111
0.000198911004862
0.000167393884433
0.000140576282863
0.000117808680805
0.000098522708585
0.000082222412646
0.000068476237788
0.000056909702812
0.000047198741082
0.000039063672967
0.000032263773835
0.000026592399248
0.000021872627871
0.000017953382402
0.000014705989202
0.000012021138347
0.000009806207185
0.000007982912270
0.000006485256481
0.000005257740307
0.000004253808458
0.000003434505249
0.000002767314431
0.000002225161303
0.000001785557083
0.000001429867503
0.000001142689459
0.000000911321368
0.000000725314429
0.000000576093562
0.000000456638124
0.000000361213721
0.000000285147593
0.000000224641009
0.000000176613008
0.000000138570596
0.000000108501230
0.000000084783988
0.000000066116374
0.000000051454176
0.000000039962167
0.000000030973808
0.000000023958396
0.000000018494337
0.000000014247481
0.000000010953578
0.000000008404133
0.000000006435008
0.000000004917280
0.000000003749909
0.000000002853886
0.000000002167570
0.000000001642974
0.000000001242822
0.000000000938229
0.000000000706855
0.000000000531464
0.000000000398786
0.000000000298626
0.000000000223172
0.000000000166446
0.000000000123888
0.000000000092026
0.000000000068221
0.000000000050471
0.000000000037264
0.000000000027459
0.000000000020192
0.000000000014818
0.000000000010853
0.000000000007933
0.000000000005787
0.000000000004213
0.000000000003061
0.000000000002219
0.000000000001606
0.000000000001159
0.000000000000836
0.000000000000601
0.000000000000432
0.000000000000309
0.000000000000221
0.000000000000158
0.000000000000112
0.000000000000080
0.000000000000057
0.000000000000040
0.000000000000028
0.000000000000020
0.000000000000014
0.000000000000010
0.000000000000007
0.000000000000005
0.000000000000003
0.000000000000002
0.000000000000002
0.000000000000001
0.000000000000001
0.000000000000000
0.000000000000000
0.000000000000000
-0.000000000000000
0.000000000000000
0.000000000000000
0.000000000000000
-0.000000000000000
-0.000000000000000
0.000000000000000
-0.000000000000000
0.000000000000000
-0.000000000000000
0.000000000000000
-0.000000000000000
-0.000000000000000
-0.000000000000000
0.000000000000000
-0.000000000000000
0.000000000000000
0.000000000000000
-0.000000000000000
0.000000000000000
-0.000000000000000
0.000000000000000
0.000000000000000
-0.000000000000000
0.000000000000000
0.000000000000000
-0.000000000000000
0.000000000000000
-0.000000000000000
-0.000000000000000
-0.000000000000000
0.000000000000000
-0.000000000000000
0.000000000000000
-0.000000000000000
-0.000000000000000
0.000000000000000
-0.000000000000000
0.000000000000000
-0.000000000000000
-0.000000000000000
0.000000000000000
-0.000000000000000
0.000000000000000
-0.000000000000000
0.000000000000000
0.000000000000000
-0.000000000000000
-0.000000000000000
0.000000000000000
0.000000000000000
-0.000000000000000
0.000000000000000
0.000000000000000
-0.000000000000000
0.000000000000000
-0.000000000000000
0.000000000000000
0.000000000000000
-0.000000000000000
0.000000000000000
-0.000000000000000
-0.000000000000000
0.000000000000000
-0.000000000000000
-0.000000000000000
0.000000000000000
-0.000000000000000
0.000000000000000
-0.000000000000000
0.000000000000000
0.000000000000000
-0.000000000000000
-0.000000000000000
0.000000000000000
0.000000000000000
-0.000000000000000
0.000000000000000
0.000000000000000
-0.000000000000000
-0.000000000000000
0.000000000000001
-0.000000000000001
0.000000000000000
0.000000000000000
-0.000000000000000
-0.000000000000000
0.000000000000000
0.000000000000000
-0.000000000000000
0.000000000000000
0.000000000000000
-0.000000000000000
0.000000000000000
0.000000000000000
0.000000000000000
-0.000000000000000
0.000000000000000
-0.000000000000000
-0.000000000000000
0.000000000000000
0.000000000000000
-0.000000000000000
0.000000000000000
-0.000000000000000
0.000000000000000
-0.000000000000000
0.000000000000000
0.000000000000000
-0.000000000000001
0.000000000000000
-0.000000000000000
-0.000000000000000
0.000000000000000
0.000000000000000
-0.000000000000000
-0.000000000000000
-0.000000000000000
0.000000000000000
-0.000000000000000
0.000000000000000
0.000000000000000
-0.000000000000000
-0.000000000000000
0.000000000000000
-0.000000000000000
0.000000000000000
0.000000000000000
-0.000000000000000
-0.000000000000000
0.000000000000000
0.000000000000000
-0.000000000000000
0.000000000000000
0.000000000000000
-0.000000000000000
-0.000000000000000
0.000000000000000
0.000000000000000
-0.000000000000000
-0.000000000000000
0.000000000000000
-0.000000000000000
0.000000000000000
-0.000000000000000
0.000000000000000
0.000000000000000
-0.000000000000000
0.000000000000000
0.000000000000000
-0.000000000000000
0.000000000000000
-0.000000000000000
0.000000000000000
-0.000000000000000
0.000000000000000
-0.000000000000000
0.000000000000000
-0.000000000000000
-0.000000000000000
0.000000000000000
0.000000000000000
-0.000000000000000
0.000000000000000
0.000000000000000
-0.000000000000000
0.000000000000000
0.000000000000000
-0.000000000000000
0.000000000000000
-0.000000000000000
-0.000000000000000
-0.000000000000000
0.000000000000000
-0.000000000000000
0.000000000000000
-0.000000000000000
-0.000000000000000
0.000000000000000
-0.000000000000000
0.000000000000000
0.000000000000000
-0.000000000000000
-0.000000000000000
-0.000000000000000
0.000000000000000
-0.000000000000001
0.000000000000000
0.000000000000000
-0.000000000000000
0.000000000000000
-0.000000000000000
-0.000000000000000
0.000000000000000
-0.000000000000000
0.000000000000000
-0.000000000000000
-0.000000000000001
0.000000000000001
-0.000000000000000
0.000000000000000
-0.000000000000000
0.000000000000000
-0.000000000000000
-0.000000000000000
0.000000000000000
-0.000000000000000
0.000000000000000
0.000000000000000
-0.000000000000001
0.000000000000001
-0.000000000000000
0.000000000000000
-0.000000000000000
0.000000000000000
0.000000000000000
-0.000000000000000
0.000000000000000
-0.000000000000000
-0.000000000000000
0.000000000000000
-0.000000000000000
-0.000000000000000
0.000000000000000
-0.000000000000000
0.000000000000000
-0.000000000000000
0.000000000000000
0.000000000000000
-0.000000000000000
-0.000000000000000
0.000000000000000
0.000000000000000
-0.000000000000000
-0.000000000000000
0.000000000000001
-0.000000000000000
-0.000000000000000
0.000000000000000
0.000000000000000
0.000000000000000
-0.000000000000001
0.000000000000001
0.000000000000000
-0.000000000000001
0.000000000000001
0.000000000000000
-0.000000000000000
-0.000000000000000
-0.000000000000000
0.000000000000000
0.000000000000000
-0.000000000000000
0.000000000000000
0.000000000000000
-0.000000000000000
-0.000000000000000
0.000000000000000
0.000000000000001
-0.000000000000001
0.000000000000000
0.000000000000000
-0.000000000000001
0.000000000000000
0.000000000000000
-0.000000000000000
0.000000000000000
0.000000000000000
-0.000000000000000
0.000000000000001
-0.000000000000000
0.000000000000000
0.000000000000000
