-0.000000000000000
-0.000000000000000
-0.000000000000000
-0.000000000000000
-0.000000000000001
-0.000000000000001
-0.000000000000001
-0.000000000000001
-0.000000000000000
-0.000000000000001
-0.000000000000001
-0.000000000000000
0.000000000000000
-0.000000000000000
-0.000000000000000
-0.000000000000000
-0.000000000000000
0.000000000000000
0.000000000000000
0.000000000000000
0.000000000000000
-0.000000000000000
0.000000000000000
0.000000000000000
-0.000000000000000
-0.000000000000001
-0.000000000000000
-0.000000000000001
-0.000000000000000
-0.000000000000001
-0.000000000000001
-0.000000000000000
0.000000000000000
-0.000000000000000
-0.000000000000000
-0.000000000000000
-0.000000000000001
-0.000000000000000
-0.000000000000000
-0.000000000000000
-0.000000000000001
-0.000000000000000
-0.000000000000000
0.000000000000000
0.000000000000000
-0.000000000000000
0.000000000000000
0.000000000000000
0.000000000000001
0.000000000000001
0.000000000000001
0.000000000000001
0.000000000000001
0.000000000000001
0.000000000000001
0.000000000000002
0.000000000000002
0.000000000000001
0.000000000000001
0.000000000000000
-0.000000000000000
-0.000000000000000
-0.000000000000001
-0.000000000000002
-0.000000000000001
-0.000000000000001
-0.000000000000001
-0.000000000000001
-0.000000000000001
-0.000000000000001
-0.000000000000000
-0.000000000000001
-0.000000000000001
-0.000000000000000
-0.000000000000001
-0.000000000000001
-0.000000000000001
-0.000000000000001
-0.000000000000001
-0.000000000000001
-0.000000000000001
-0.000000000000002
-0.000000000000002
-0.000000000000002
-0.000000000000001
-0.000000000000001
-0.000000000000001
-0.000000000000001
-0.000000000000001
-0.000000000000001
-0.000000000000001
-0.000000000000001
-0.000000000000000
-0.000000000000001
-0.000000000000000
0.000000000000000
0.000000000000000
0.000000000000000
0.000000000000000
0.000000000000001
0.000000000000001
0.000000000000002
0.000000000000001
0.000000000000001
0.000000000000002
0.000000000000001
0.000000000000001
-0.000000000000000
-0.000000000000001
-0.000000000000001
-0.000000000000002
-0.000000000000002
-0.000000000000003
-0.000000000000003
-0.000000000000005
-0.000000000000006
-0.000000000000008
-0.000000000000011
-0.000000000000015
-0.000000000000020
-0.000000000000029
-0.000000000000041
-0.000000000000056
-0.000000000000078
-0.000000000000107
-0.000000000000149
-0.000000000000206
-0.000000000000284
-0.000000000000393
-0.000000000000543
-0.000000000000748
-0.000000000001030
-0.000000000001416
-0.000000000001943
-0.000000000002660
-0.000000000003634
-0.000000000004955
-0.000000000006742
-0.000000000009156
-0.000000000012409
-0.000000000016782
-0.000000000022653
-0.000000000030517
-0.000000000041029
-0.000000000055053
-0.000000000073726
-0.000000000098539
-0.000000000131444
-0.000000000174992
-0.000000000232509
-0.000000000308323
-0.000000000408053
-0.000000000538978
-0.000000000710509
-0.000000000934788
-0.000000001227440
-0.000000001608541
-0.000000002103815
-0.000000002746169
-0.000000003577595
-0.000000004651563
-0.000000006036022
-0.000000007817118
-0.000000010103842
-0.000000013033782
-0.000000016780246
-0.000000021561065
-0.000000027649423
-0.000000035387176
-0.000000045201172
-0.000000057623208
-0.000000073314369
-0.000000093094646
-0.000000117978865
-0.000000149220205
-0.000000188362715
-0.000000237304587
-0.000000298374152
-0.000000374420935
-0.000000468924478
-0.000000586124028
-0.000000731172723
-0.000000910320369
-0.000001131129561
-0.000001402730526
-0.000001736120789
-0.000002144516591
-0.000002643763836
-0.000003252817283
-0.000003994297741
-0.000004895138067
-0.000005987329946
-0.000007308784609
-0.000008904321887
-0.000010826803270
-0.000013138425924
-0.000015912195857
-0.000019233599687
-0.000023202495572
-0.000027935244931
-0.000033567107436
-0.000040254922451
-0.000048180100490
-0.000057551948360
-0.000068611351334
-0.000081634834963
-0.000096939027780
-0.000114885544259
-0.000135886304744
-0.000160409305621
-0.000188984848759
-0.000222212233970
-0.000260766911994
-0.000305408088188
-0.000356986758580
-0.000416454150328
-0.000484870527747
-0.000563414313022
-0.000653391457516
-0.000756244985258
-0.000873564614852
-0.001007096349813
-0.001158751910411
-0.001330617862583
-0.001524964281814
-0.001744252772125
-0.001991143643032
-0.002268502030780
-0.002579402734758
-0.002927133526340
-0.003315196675763
-0.003747308433809
-0.004227396199313
-0.004759593101596
-0.005348229729223
-0.005997822743620
-0.006713060128517
-0.007498782844278
-0.008359962680437
-0.009301676130379
-0.010329074149278
-0.011447347700278
-0.012661689044371
-0.013977248786311
-0.015399088751853
-0.016932130840143
-0.018581102068480
-0.020350476104082
-0.022244411657924
-0.024266688197946
-0.026420639521606
-0.028709085809399
-0.031134264859985
-0.033697763282245
-0.036400448488079
-0.039242402390457
-0.042222857762085
-0.045340138249547
-0.048591603064078
-0.051973597381849
-0.055481409482327
-0.059109235631912
-0.062850153680697
-0.066696106282366
-0.070637894570741
-0.074665183031357
-0.078766516193420
-0.082929347637318
-0.087140081667048
-0.091384127837098
-0.095645968351681
-0.099909238173212
-0.104156817489395
-0.108370935997243
-0.112533288271153
-0.116625159294251
-0.120627559051087
-0.124521364909061
-0.128287470359036
-0.131906938546000
-0.135361158901243
-0.138632005091395
-0.141701992429082
-0.144554432847049
-0.147173585523800
-0.149544801265162
-0.151654658793053
-0.153491091169966
-0.155043500694447
-0.156302860737721
-0.157261803152726
-0.157914690071472
-0.158257669111961
-0.158288711238347
-0.158007630753767
-0.157416087150220
-0.156517568789742
-0.155317358641363
-0.153822482544709
-0.152041640709118
-0.149985123382642
-0.147664711834508
-0.145093565983825
-0.142286100173497
-0.139257848728856
-0.136025323053213
-0.132605862095970
-0.129017478082116
-0.125278699414595
-0.121408412653362
-0.117425705437960
-0.113349712155377
-0.109199464063849
-0.104993745468504
-0.100750957408889
-0.096488990164868
-0.092225105719070
-0.087975831134778
-0.083756863621248
-0.079582987867520
-0.075468006034405
-0.071424680605685
-0.067464690116907
-0.063598597606262
-0.059835831469581
-0.056184678252471
-0.052652286779123
-0.049244682900530
-0.045966794046042
-0.042822482681727
-0.039814587717339
-0.036944972860607
-0.034214580892525
-0.031623492829632
-0.029170990947854
-0.026855624665896
-0.024675278323205
-0.022627239936224
-0.020708270075517
-0.018914670073534
-0.017242348846333
-0.015686887691016
-0.014243602501864
-0.012907602930917
-0.011673848101190
-0.010537198561728
-0.009492464251861
-0.008534448316416
-0.007657986683232
-0.006857983378549
-0.006129441614014
-0.005467490730916
-0.004867409132436
-0.004324643373327
-0.003834823608373
-0.003393775626451
-0.002997529716434
-0.002642326624632
-0.002324620871661
-0.002041081699851
-0.001788591921176
-0.001564244930625
-0.001365340141682
-0.001189377089420
-0.001034048433381
-0.000897232077345
-0.000776982606660
-0.000671522226600
-0.000579231367577
-0.000498639105196
-0.000428413525643
-0.000367352149741
-0.000314372512648
-0.000268502980583
-0.000228873871458
-0.000194708932791
-0.000165317218019
-0.000140085391212
-0.000118470480270
-0.000099993090008
-0.000084231078902
-0.000070813696867
-0.000059416175946
-0.000049754761338
-0.000041582166627
-0.000034683434260
-0.000028872180265
-0.000023987200814
-0.000019889417318
-0.000016459136381
-0.000013593600970
-0.000011204809476
-0.000009217580012
-0.000007567838095
-0.000006201106927
-0.000005071180572
-0.000004138961554
-0.000003371445686
-0.000002740838182
-0.000002223786413
-0.000001800715873
-0.000001455257185
-0.000001173753081
-0.000000944835425
-0.000000759063337
-0.000000608614481
-0.000000487022429
-0.000000388953831
-0.000000310019884
-0.000000246617246
-0.000000195794159
-0.000000155138079
-0.000000122681612
-0.000000096823976
-0.000000076265606
-0.000000059953827
-0.000000047037849
-0.000000036831581
-0.000000028782970
-0.000000022448804
-0.000000017474033
-0.000000013574862
-0.000000010524949
-0.000000008144173
-0.000000006289501
-0.000000004847611
-0.000000003728908
-0.000000002862713
-0.000000002193392
-0.000000001677247
-0.000000001280030
-0.000000000974956
-0.000000000741128
-0.000000000562267
-0.000000000425731
-0.000000000321713
-0.000000000242631
-0.000000000182627
-0.000000000137191
-0.000000000102856
-0.000000000076962
-0.000000000057473
-0.000000000042834
-0.000000000031862
-0.000000000023652
-0.000000000017524
-0.000000000012958
-0.000000000009563
-0.000000000007043
-0.000000000005177
-0.000000000003798
-0.000000000002781
-0.000000000002032
-0.000000000001482
-0.000000000001079
-0.000000000000784
-0.000000000000568
-0.000000000000411
-0.000000000000297
-0.000000000000214
-0.000000000000154
-0.000000000000111
-0.000000000000079
-0.000000000000057
-0.000000000000040
-0.000000000000029
-0.000000000000020
-0.000000000000015
-0.000000000000010
-0.000000000000007
-0.000000000000005
-0.000000000000004
-0.000000000000002
-0.000000000000002
-0.000000000000001
-0.000000000000001
-0.000000000000001
-0.000000000000001
-0.000000000000000
-0.000000000000000
-0.000000000000000
-0.000000000000000
-0.000000000000000
0.000000000000000
-0.000000000000000
-0.000000000000000
0.000000000000000
-0.000000000000000
-0.000000000000000
0.000000000000000
-0.000000000000000
0.000000000000000
-0.000000000000000
-0.000000000000000
0.000000000000000
0.000000000000000
-0.000000000000000
0.000000000000000
0.000000000000000
-0.000000000000000
-0.000000000000000
0.000000000000000
-0.000000000000000
-0.000000000000000
-0.000000000000000
0.000000000000000
-0.000000000000000
0.000000000000000
-0.000000000000000
0.000000000000000
-0.000000000000000
-0.000000000000000
0.000000000000000
0.000000000000000
-0.000000000000000
0.000000000000000
0.000000000000000
0.000000000000000
-0.000000000000000
0.000000000000000
0.000000000000000
-0.000000000000000
-0.000000000000000
0.000000000000000
-0.000000000000000
0.000000000000000
0.000000000000000
-0.000000000000000
0.000000000000000
-0.000000000000000
0.000000000000000
-0.000000000000000
-0.000000000000000
0.000000000000000
0.000000000000000
-0.000000000000000
0.000000000000000
0.000000000000000
-0.000000000000000
0.000000000000000
-0.000000000000000
0.000000000000000
-0.000000000000000
0.000000000000000
-0.000000000000000
0.000000000000000
-0.000000000000000
0.000000000000000
-0.000000000000000
-0.000000000000000
0.000000000000000
-0.000000000000000
0.000000000000000
0.000000000000000
0.000000000000000
-0.000000000000000
0.000000000000000
0.000000000000000
-0.000000000000000
0.000000000000000
0.000000000000000
-0.000000000000000
-0.000000000000000
0.000000000000000
-0.000000000000000
0.000000000000000
-0.000000000000000
-0.000000000000000
0.000000000000000
-0.000000000000000
0.000000000000000
0.000000000000000
-0.000000000000000
-0.000000000000000
0.000000000000000
0.000000000000000
-0.000000000000000
0.000000000000000
0.000000000000000
-0.000000000000000
-0.000000000000000
0.000000000000000
-0.000000000000000
-0.000000000000000
0.000000000000000
-0.000000000000000
-0.000000000000000
0.000000000000001
-0.000000000000000
0.000000000000000
0.000000000000000
0.000000000000000
-0.000000000000000
0.000000000000000
-0.000000000000000
-0.000000000000000
0.000000000000000
-0.000000000000000
-0.000000000000000
0.000000000000000
-0.000000000000000
-0.000000000000000
0.000000000000001
0.000000000000000
-0.000000000000000
-0.000000000000000
0.000000000000001
-0.000000000000000
-0.000000000000000
0.000000000000000
-0.000000000000000
-0.000000000000000
0.000000000000000
-0.000000000000000
0.000000000000000
-0.000000000000000
-0.000000000000000
0.000000000000000
-0.000000000000000
-0.000000000000000
0.000000000000000
-0.000000000000000
0.000000000000000
-0.000000000000000
0.000000000000000
0.000000000000000
-0.000000000000000
0.000000000000000
0.000000000000000
-0.000000000000001
0.000000000000000
-0.000000000000000
0.000000000000000
-0.000000000000000
-0.000000000000000
0.000000000000000
-0.000000000000000
0.000000000000000
-0.000000000000000
0.000000000000000
-0.000000000000000
-0.000000000000000
0.000000000000000
0.000000000000000
-0.000000000000001
-0.000000000000000
0.000000000000000
-0.000000000000000
-0.000000000000000
0.000000000000000
0.000000000000000
-0.000000000000000
-0.000000000000000
0.000000000000000
-0.000000000000000
0.000000000000000
-0.000000000000000
-0.000000000000000
0.000000000000001
-0.000000000000000
-0.000000000000000
0.000000000000000
0.000000000000000
-0.000000000000000
-0.000000000000000
0.000000000000001
-0.000000000000000
-0.000000000000001
0.000000000000001
-0.000000000000000
0.000000000000000
0.000000000000000
-0.000000000000000
0.000000000000000
0.000000000000000
-0.000000000000000
-0.000000000000000
0.000000000000000
-0.000000000000000
-0.000000000000000
0.000000000000000
0.000000000000000
-0.000000000000000
-0.000000000000000
0.000000000000000
-0.000000000000000
-0.000000000000000
-0.000000000000000
0.000000000000000
-0.000000000000000
-0.000000000000000
-0.000000000000000
0.000000000000000
-0.000000000000000
-0.000000000000000
0.000000000000000
-0.000000000000000
0.000000000000000
-0.000000000000000
-0.000000000000000
0.000000000000000
-0.000000000000001
0.000000000000000
-0.000000000000000
0.000000000000000
-0.000000000000000
-0.000000000000000
0.000000000000000
-0.000000000000000
-0.000000000000000
-0.000000000000000
0.000000000000000
-0.000000000000000
0.000000000000000
0.000000000000000
-0.000000000000000
0.000000000000000
-0.000000000000001
0.000000000000001
-0.000000000000000
-0.000000000000000
0.000000000000000
0.000000000000000
-0.000000000000000
-0.000000000000000
-0.000000000000000
0.000000000000000
0.000000000000000
-0.000000000000001
0.000000000000001
-0.000000000000000
0.000000000000000
-0.000000000000000
0.000000000000001
-0.000000000000001
0.000000000000000
-0.000000000000000
0.000000000000000
-0.000000000000000
-0.000000000000000
0.000000000000000
-0.000000000000000
0.000000000000000
0.000000000000000
-0.000000000000000
0.000000000000000
-0.000000000000000
0.000000000000000
0.000000000000000
-0.000000000000000
0.000000000000000
-0.000000000000001
0.000000000000001
-0.000000000000000
-0.000000000000000
0.000000000000000
-0.000000000000000
0.000000000000000
-0.000000000000000
