7.15045273
6.19259959
5.34952605
4.60856287
3.95837203
3.38881130
2.89081242
2.45627127
2.07794904
1.74938330
1.46480794
1.21908114
1.00762060
0.82634528
0.67162306
0.54022365
0.42927633
0.33623193
0.25882877
0.19506202
0.14315622
0.10154067
0.06882727
0.04379077
0.02535097
0.01255685
0.00457229
0.00066336
0.00018692
0.00258039
0.00735267
0.01407599
0.02237865
0.03193850
0.04247722
0.05375508
0.06556644
0.07773559
0.09011315
0.10257283
0.11500854
0.12733190
0.13946991
0.15136300
0.16296324
0.17423279
0.18514248
0.19567065
0.20580204
0.21552685
0.22483991
0.23373996
0.24222904
0.25031187
0.25799543
0.26528851
0.27220135
0.27874533
0.28493267
0.29077626
0.29628938
0.30148560
0.30637859
0.31098203
0.31530948
0.31937433
0.32318970
0.32676839
0.33012287
0.33326521
0.33620705
0.33895962
0.34153368
0.34393957
0.34618716
0.34828585
0.35024462
0.35207201
0.35377610
0.35536459
0.35684473
0.35822340
0.35950711
0.36070198
0.36181379
0.36284797
0.36380966
0.36470367
0.36553452
0.36630645
0.36702346
0.36768927
0.36830738
0.36888108
0.36941342
0.36990727
0.37036531
0.37079006
0.37118383
0.37154883
0.37188708
0.37220048
0.37249080
0.37275970
0.37300871
