0.000000000000000000
0.000000000000000000
0.000000000000000000
0.000000000000000000
0.000000000000000000
0.000000000000000000
0.000000000000000000
0.000000000000000000
0.000000000000000000
-0.000000000000000000
-0.000000000000000000
-0.000000000000000000
-0.000000000000000000
-0.000000000000000000
-0.000000000000000000
-0.000000000000000000
-0.000000000000000000
-0.000000000000000000
-0.000000000000000000
-0.000000000000000000
-0.000000000000000000
0.000000000000000000
0.000000000000000000
0.000000000000000000
0.000000000000000000
0.000000000000000000
0.000000000000000000
-0.000000000000000000
-0.000000000000000000
-0.000000000000000000
-0.000000000000000001
-0.000000000000000000
0.000000000000000001
0.000000000000000003
0.000000000000000006
0.000000000000000012
0.000000000000000015
0.000000000000000007
0.000000000000000027
0.000000000000000035
0.000000000000000026
0.000000000000000043
0.000000000000000104
0.000000000000000047
-0.000000000000000025
-0.000000000000000110
-0.000000000000000167
-0.000000000000000135
-0.000000000000000015
0.000000000000000020
0.000000000000000126
0.000000000000000186
0.000000000000000153
0.000000000000000072
0.000000000000000255
0.000000000000000496
0.000000000000000434
0.000000000000000139
0.000000000000000031
0.000000000000000069
-0.000000000000000073
-0.000000000000000263
-0.000000000000000111
0.000000000000000210
0.000000000000000387
0.000000000000000229
-0.000000000000000180
-0.000000000000000342
-0.000000000000000083
0.000000000000000101
0.000000000000000127
0.000000000000000306
0.000000000000000783
0.000000000000002196
0.000000000000006801
0.000000000000020820
0.000000000000062696
0.000000000000184828
0.000000000000531036
0.000000000001485258
0.000000000004056526
0.000000000010819810
0.000000000028169989
0.000000000071560979
0.000000000177372028
0.000000000429991036
0.000000001019582633
0.000000002363732409
0.000000005355382104
0.000000011856253749
0.000000025707316238
0.000000054597926554
0.000000113537297271
0.000000231066211344
0.000000460130652882
0.000000898458152040
0.000001720603745314
0.000003230569331908
0.000005944024554837
0.000010714349425810
0.000018957994213319
0.000032937530431950
0.000056173679694085
0.000093995539291859
0.000154265400661648
0.000248772054232765
0.000394339789006620
0.000614291050630040
0.000939958324757722
0.001412235303988671
0.002086780475228963
0.003033959987798391
0.004339466484820047
0.006103309939275753
0.008437515618378721
0.011481795220481556
0.015387333225932711
0.020306663118132742
0.026379323829963233
0.033716837226859989
0.042455250682741481
0.052691486608621725
0.064456963701373438
0.077691287462842429
0.092226190026577060
0.107938857907641322
0.124614001601346294
0.141920934808078242
0.159403454968996022
0.176495334371297635
0.192813940306416465
0.207935650943404021
0.221387744322963681
0.232660769578192539
0.241248138560723052
0.246997274395454269
0.249808989747277471
0.249618794670513511
0.246399332513111913
0.240182131506161745
0.231332583489019084
0.220246234945240871
0.207315306168824237
0.192917200734844363
0.177417556338006294
0.161329583225511219
0.145104961721885029
0.129116301071735801
0.113657354287178256
0.098952337740852520
0.085237647532286132
0.072669363474737486
0.061328888303633741
0.051236176606263957
0.042364823836260751
0.034680347316916035
0.028114375861558280
0.022574403758336206
0.017954098475812155
0.014142063723418285
0.011034954425907411
0.008531720428451477
0.006537046096950547
0.004963988709922261
0.003735490186020613
0.002786241353258492
0.002060290158280834
0.001510570067676573
0.001098215005055312
0.000791679385423710
0.000565975952331118
0.000401332405915423
0.000282309764292341
0.000197014195455167
0.000136400507445565
0.000093700177363664
0.000063874944017601
0.000043215326803811
0.000029020060823688
0.000019342910369540
0.000012798466936673
0.000008407310136260
0.000005483585917076
0.000003551543085886
0.000002284202364802
0.000001459013508991
0.000000925622343341
0.000000583308267321
0.000000365164034671
0.000000227107769732
0.000000140335129946
0.000000086164275164
0.000000052571405152
0.000000031876307814
0.000000019209569030
0.000000011506148783
0.000000006850711178
0.000000004054762471
0.000000002385899084
0.000000001395841099
0.000000000811978818
0.000000000469682238
0.000000000270172645
0.000000000154556961
0.000000000087939825
0.000000000049769311
0.000000000028018476
0.000000000015690392
0.000000000008741472
0.000000000004845664
0.000000000002672403
0.000000000001466564
0.000000000000800850
0.000000000000435427
0.000000000000235237
0.000000000000126760
0.000000000000068005
0.000000000000036154
0.000000000000019338
0.000000000000009971
0.000000000000005550
0.000000000000002752
0.000000000000001416
0.000000000000000576
0.000000000000000671
0.000000000000000032
0.000000000000000025
0.000000000000000434
-0.000000000000000294
0.000000000000000130
0.000000000000000050
0.000000000000000027
-0.000000000000000188
0.000000000000000141
0.000000000000000071
-0.000000000000000219
0.000000000000000194
-0.000000000000000047
-0.000000000000000011
-0.000000000000000050
0.000000000000000123
-0.000000000000000098
-0.000000000000000079
0.000000000000000237
-0.000000000000000311
0.000000000000000199
-0.000000000000000077
-0.000000000000000005
0.000000000000000004
0.000000000000000141
-0.000000000000000257
0.000000000000000110
-0.000000000000000105
0.000000000000000043
0.000000000000000008
-0.000000000000000144
0.000000000000000154
-0.000000000000000072
-0.000000000000000056
0.000000000000000045
0.000000000000000113
-0.000000000000000238
0.000000000000000138
0.000000000000000082
-0.000000000000000156
0.000000000000000043
0.000000000000000149
-0.000000000000000168
-0.000000000000000068
0.000000000000000172
-0.000000000000000167
-0.000000000000000033
0.000000000000000173
-0.000000000000000118
-0.000000000000000078
0.000000000000000243
-0.000000000000000068
-0.000000000000000125
0.000000000000000203
-0.000000000000000032
-0.000000000000000062
0.000000000000000045
0.000000000000000209
-0.000000000000000259
0.000000000000000111
0.000000000000000154
-0.000000000000000242
0.000000000000000053
0.000000000000000202
-0.000000000000000338
0.000000000000000239
-0.000000000000000127
0.000000000000000086
-0.000000000000000090
0.000000000000000018
0.000000000000000043
0.000000000000000057
-0.000000000000000175
0.000000000000000210
-0.000000000000000162
-0.000000000000000053
0.000000000000000310
-0.000000000000000452
0.000000000000000327
-0.000000000000000107
-0.000000000000000045
0.000000000000000142
-0.000000000000000073
0.000000000000000036
-0.000000000000000031
0.000000000000000006
-0.000000000000000117
0.000000000000000048
-0.000000000000000016
-0.000000000000000051
-0.000000000000000002
0.000000000000000123
-0.000000000000000029
-0.000000000000000020
-0.000000000000000026
0.000000000000000081
-0.000000000000000312
0.000000000000000286
-0.000000000000000116
-0.000000000000000070
-0.000000000000000021
0.000000000000000004
-0.000000000000000322
0.000000000000000257
-0.000000000000000174
-0.000000000000000079
0.000000000000000210
-0.000000000000000261
0.000000000000000089
0.000000000000000130
-0.000000000000000202
0.000000000000000155
0.000000000000000001
-0.000000000000000118
0.000000000000000203
-0.000000000000000094
-0.000000000000000056
0.000000000000000145
-0.000000000000000320
0.000000000000000239
-0.000000000000000105
0.000000000000000066
0.000000000000000121
-0.000000000000000129
0.000000000000000068
0.000000000000000002
-0.000000000000000065
0.000000000000000082
-0.000000000000000016
-0.000000000000000018
0.000000000000000089
-0.000000000000000129
0.000000000000000039
-0.000000000000000001
-0.000000000000000158
0.000000000000000292
-0.000000000000000354
0.000000000000000341
-0.000000000000000228
0.000000000000000069
0.000000000000000145
-0.000000000000000203
0.000000000000000157
-0.000000000000000100
0.000000000000000058
0.000000000000000001
0.000000000000000001
-0.000000000000000148
0.000000000000000247
-0.000000000000000084
0.000000000000000005
0.000000000000000080
-0.000000000000000167
0.000000000000000168
0.000000000000000015
-0.000000000000000095
0.000000000000000111
0.000000000000000022
-0.000000000000000117
0.000000000000000199
-0.000000000000000235
0.000000000000000134
0.000000000000000127
-0.000000000000000250
0.000000000000000205
-0.000000000000000187
0.000000000000000068
0.000000000000000084
-0.000000000000000136
0.000000000000000119
-0.000000000000000034
-0.000000000000000021
0.000000000000000176
-0.000000000000000179
0.000000000000000109
-0.000000000000000091
0.000000000000000086
-0.000000000000000033
0.000000000000000063
-0.000000000000000152
0.000000000000000139
-0.000000000000000039
-0.000000000000000079
0.000000000000000119
-0.000000000000000115
0.000000000000000091
-0.000000000000000047
0.000000000000000005
-0.000000000000000003
-0.000000000000000046
0.000000000000000146
-0.000000000000000170
0.000000000000000081
-0.000000000000000171
-0.000000000000000043
0.000000000000000051
-0.000000000000000032
-0.000000000000000019
0.000000000000000086
-0.000000000000000094
0.000000000000000137
0.000000000000000028
-0.000000000000000141
0.000000000000000214
-0.000000000000000417
0.000000000000000307
-0.000000000000000310
0.000000000000000121
-0.000000000000000030
-0.000000000000000157
0.000000000000000182
-0.000000000000000418
0.000000000000000115
-0.000000000000000184
0.000000000000000165
-0.000000000000000092
0.000000000000000056
0.000000000000000079
-0.000000000000000272
0.000000000000000316
-0.000000000000000308
0.000000000000000310
-0.000000000000000175
-0.000000000000000019
0.000000000000000108
-0.000000000000000225
0.000000000000000338
-0.000000000000000243
0.000000000000000194
-0.000000000000000039
-0.000000000000000040
0.000000000000000135
-0.000000000000000243
0.000000000000000311
-0.000000000000000280
0.000000000000000239
-0.000000000000000132
0.000000000000000014
0.000000000000000038
-0.000000000000000160
0.000000000000000158
-0.000000000000000157
0.000000000000000039
-0.000000000000000015
-0.000000000000000051
0.000000000000000007
-0.000000000000000042
0.000000000000000129
-0.000000000000000045
0.000000000000000054
-0.000000000000000171
0.000000000000000093
-0.000000000000000000
-0.000000000000000026
0.000000000000000109
-0.000000000000000134
0.000000000000000247
-0.000000000000000256
0.000000000000000194
-0.000000000000000145
0.000000000000000061
-0.000000000000000091
0.000000000000000086
-0.000000000000000108
0.000000000000000154
-0.000000000000000164
0.000000000000000181
-0.000000000000000152
0.000000000000000104
-0.000000000000000035
-0.000000000000000021
0.000000000000000080
-0.000000000000000139
0.000000000000000176
-0.000000000000000188
0.000000000000000164
-0.000000000000000097
0.000000000000000009
0.000000000000000076
-0.000000000000000137
0.000000000000000165
-0.000000000000000160
0.000000000000000125
-0.000000000000000057
-0.000000000000000037
0.000000000000000137
-0.000000000000000222
0.000000000000000262
-0.000000000000000244
0.000000000000000196
-0.000000000000000112
0.000000000000000052
