-0.000000000000000000
0.000000000000000000
0.000000000000000000
0.000000000000000000
0.000000000000000000
-0.000000000000000000
-0.000000000000000000
-0.000000000000000000
-0.000000000000000000
-0.000000000000000000
-0.000000000000000000
0.000000000000000000
0.000000000000000000
0.000000000000000000
0.000000000000000000
-0.000000000000000000
-0.000000000000000000
-0.000000000000000000
0.000000000000000000
0.000000000000000000
-0.000000000000000000
0.000000000000000000
0.000000000000000000
-0.000000000000000000
0.000000000000000000
-0.000000000000000000
-0.000000000000000000
-0.000000000000000000
-0.000000000000000000
-0.000000000000000000
-0.000000000000000000
-0.000000000000000000
-0.000000000000000000
-0.000000000000000000
-0.000000000000000000
-0.000000000000000000
-0.000000000000000000
-0.000000000000000000
-0.000000000000000000
-0.000000000000000000
-0.000000000000000000
-0.000000000000000000
-0.000000000000000000
-0.000000000000000000
-0.000000000000000000
-0.000000000000000000
-0.000000000000000000
-0.000000000000000000
0.000000000000000000
0.000000000000000000
-0.000000000000000000
-0.000000000000000000
-0.000000000000000000
0.000000000000000000
-0.000000000000000000
-0.000000000000000001
-0.000000000000000000
0.000000000000000001
0.000000000000000001
0.000000000000000001
0.000000000000000000
-0.000000000000000000
0.000000000000000000
-0.000000000000000001
0.000000000000000000
0.000000000000000001
0.000000000000000003
0.000000000000000005
0.000000000000000009
0.000000000000000014
0.000000000000000013
0.000000000000000009
-0.000000000000000002
-0.000000000000000009
-0.000000000000000018
-0.000000000000000010
-0.000000000000000005
-0.000000000000000008
-0.000000000000000015
-0.000000000000000016
-0.000000000000000009
-0.000000000000000007
-0.000000000000000016
-0.000000000000000028
-0.000000000000000025
0.000000000000000004
0.000000000000000018
0.000000000000000007
-0.000000000000000005
0.000000000000000000
-0.000000000000000000
-0.000000000000000035
-0.000000000000000025
-0.000000000000000001
0.000000000000000013
0.000000000000000101
0.000000000000000132
0.000000000000000070
-0.000000000000000053
-0.000000000000000137
-0.000000000000000306
-0.000000000000000337
-0.000000000000000190
-0.000000000000000052
0.000000000000000217
0.000000000000000352
0.000000000000000357
0.000000000000000374
0.000000000000000725
0.000000000000001705
0.000000000000004553
0.000000000000012901
0.000000000000035515
0.000000000000095998
0.000000000000252992
0.000000000000652301
0.000000000001648688
0.000000000004082742
0.000000000009901738
0.000000000023515964
0.000000000054799061
0.000000000125311980
0.000000000281122262
0.000000000618489235
0.000000001334347211
0.000000002828146272
0.000000005889781223
0.000000012048808609
0.000000024203959943
0.000000047738441070
0.000000092600898751
0.000000176691576931
0.000000331563962422
0.000000611674867883
0.000001109171365072
0.000001979958465799
0.000003480159263939
0.000006021994011792
0.000010254966100423
0.000017182553309384
0.000028365115416961
0.000046147086007316
0.000073976730163593
0.000116814452090986
0.000181652601839566
0.000278511542022105
0.000421141770490924
0.000627971071677325
0.000923085210379982
0.001337256793972728
0.001911174080214664
0.002695411953143093
0.003750964471220686
0.005148985093568917
0.006969906399850535
0.009311655645497416
0.012281128221589194
0.015988862161889668
0.020541401499693499
0.026032821189331336
0.032567063899127363
0.040224619537449442
0.049046118522262233
0.059015094186294727
0.070044541286317388
0.082039722954926883
0.094828974339711991
0.108147233839172532
0.121626657982540548
0.134801001257808251
0.147238839252097048
0.158447046159813171
0.167875938868960101
0.174938528995992798
0.179046893762474929
0.179788778203881700
0.176818526423571432
0.169874954642025566
0.158809078997609238
0.143617605337062193
0.124560212381148006
0.102050356989900962
0.076647018219072882
0.049047641517009931
0.020075163409376127
-0.009334348214660084
-0.038206095237056280
-0.065562343467196138
-0.090457235659331933
-0.112015358249631491
-0.129517322493111070
-0.142395056472105486
-0.150247410530384068
-0.152851820383510584
-0.150173394756172113
-0.142418063490675817
-0.129960953782673277
-0.113320885597656948
-0.093134925220502665
-0.070132032525922289
-0.045123501098140575
-0.018936386575695532
0.007618474341072966
0.033772607973549584
0.058822613536841838
0.082161747994328363
0.103289617565254579
0.121817179855990082
0.137467015645358737
0.150071212201333543
0.159591289899615962
0.166083515243094920
0.169682692781329358
0.170586695078683320
0.169042612576577461
0.165355085354804809
0.159847519589554954
0.152847014621269456
0.144673025533451516
0.135629243226824153
0.126010273623126029
0.116080727247676749
0.106071011712606050
0.096176014296325121
0.086555771257785852
0.077342932719648441
0.068637566073804432
0.060509779434311420
0.053003284853425800
0.046139322081360019
0.039922479338905137
0.034341656210082346
0.029373385591097985
0.024985010213361542
0.021137523047737573
0.017788465182087265
0.014893260111794945
0.012406834829297700
0.010284928363221636
0.008485082821303858
0.006967400947361372
0.005694935024797554
0.004633952521509169
0.003754045599473881
0.003028113728280227
0.002432230868330260
0.001945501420568843
0.001549838076899897
0.001229712538498085
0.000971894802062312
0.000765176474907666
0.000600147887379542
0.000468961932325251
0.000365115120370369
0.000283249022215617
0.000218965960830070
0.000168685263019913
0.000129507261452782
0.000099095652081545
0.000075577102997220
0.000057454018886788
0.000043537563871613
0.000032888354600462
0.000024767315709255
0.000018595364930088
0.000013919890936976
0.000010389349705529
0.000007731795898019
0.000005737651503089
0.000004245986795324
0.000003133486494379
0.000002306191610521
0.000001692766961005
0.000001239234782511
0.000000904882899017
0.000000659061062377
0.000000478812105881
0.000000346996238939
0.000000250855339796
0.000000180920368025
0.000000130175023388
0.000000093444566521
0.000000066923557255
0.000000047821131753
0.000000034095889759
0.000000024256873057
0.000000017219755109
0.000000012198025011
0.000000008622603278
0.000000006082722805
0.000000004282294685
0.000000003008719179
0.000000002109711725
0.000000001476439677
0.000000001031294558
0.000000000719004168
0.000000000500343681
0.000000000347538325
0.000000000240961619
0.000000000166773373
0.000000000115224133
0.000000000079470479
0.000000000054716935
0.000000000037610388
0.000000000025809393
0.000000000017682126
0.000000000012094595
0.000000000008259717
0.000000000005631745
0.000000000003834208
0.000000000002606511
0.000000000001768957
0.000000000001198631
0.000000000000811285
0.000000000000548629
0.000000000000370192
0.000000000000249065
0.000000000000167678
0.000000000000112878
0.000000000000075862
0.000000000000050830
0.000000000000033543
0.000000000000022755
0.000000000000015303
0.000000000000010277
0.000000000000006501
0.000000000000004486
0.000000000000003072
0.000000000000001965
0.000000000000001249
0.000000000000000801
0.000000000000000709
0.000000000000000591
0.000000000000000115
-0.000000000000000136
0.000000000000000223
0.000000000000000335
0.000000000000000081
-0.000000000000000380
0.000000000000000046
0.000000000000000147
0.000000000000000098
-0.000000000000000193
-0.000000000000000040
0.000000000000000077
0.000000000000000112
-0.000000000000000076
-0.000000000000000037
0.000000000000000020
0.000000000000000114
-0.000000000000000030
-0.000000000000000158
0.000000000000000063
0.000000000000000013
0.000000000000000012
0.000000000000000140
-0.000000000000000070
-0.000000000000000051
-0.000000000000000077
0.000000000000000151
0.000000000000000042
-0.000000000000000077
-0.000000000000000025
-0.000000000000000021
-0.000000000000000063
-0.000000000000000018
0.000000000000000249
-0.000000000000000001
-0.000000000000000357
-0.000000000000000116
0.000000000000000164
0.000000000000000383
-0.000000000000000090
-0.000000000000000413
-0.000000000000000073
0.000000000000000438
0.000000000000000245
-0.000000000000000373
-0.000000000000000282
0.000000000000000243
0.000000000000000286
0.000000000000000049
-0.000000000000000385
0.000000000000000028
0.000000000000000318
0.000000000000000010
-0.000000000000000042
0.000000000000000175
-0.000000000000000169
-0.000000000000000020
0.000000000000000316
-0.000000000000000171
-0.000000000000000237
0.000000000000000095
0.000000000000000103
0.000000000000000011
-0.000000000000000085
-0.000000000000000264
0.000000000000000311
0.000000000000000156
-0.000000000000000200
-0.000000000000000024
-0.000000000000000273
0.000000000000000636
-0.000000000000000341
-0.000000000000000090
-0.000000000000000076
0.000000000000000343
-0.000000000000000018
-0.000000000000000263
0.000000000000000089
0.000000000000000271
0.000000000000000058
-0.000000000000000322
-0.000000000000000162
0.000000000000000239
0.000000000000000385
-0.000000000000000365
-0.000000000000000394
0.000000000000000198
0.000000000000000352
0.000000000000000088
-0.000000000000000308
-0.000000000000000169
0.000000000000000169
0.000000000000000401
-0.000000000000000133
-0.000000000000000308
0.000000000000000020
0.000000000000000200
0.000000000000000033
0.000000000000000131
-0.000000000000000396
0.000000000000000086
0.000000000000000224
-0.000000000000000033
0.000000000000000084
-0.000000000000000051
-0.000000000000000199
0.000000000000000127
0.000000000000000084
-0.000000000000000038
-0.000000000000000132
-0.000000000000000164
0.000000000000000164
0.000000000000000244
-0.000000000000000163
-0.000000000000000263
0.000000000000000129
0.000000000000000287
0.000000000000000006
-0.000000000000000316
-0.000000000000000169
0.000000000000000473
0.000000000000000258
-0.000000000000000475
-0.000000000000000366
0.000000000000000422
0.000000000000000419
-0.000000000000000231
-0.000000000000000396
0.000000000000000060
0.000000000000000386
0.000000000000000203
-0.000000000000000508
-0.000000000000000107
0.000000000000000341
0.000000000000000252
-0.000000000000000354
-0.000000000000000175
0.000000000000000116
0.000000000000000501
-0.000000000000000414
-0.000000000000000291
0.000000000000000135
0.000000000000000361
-0.000000000000000319
-0.000000000000000206
0.000000000000000090
0.000000000000000261
-0.000000000000000033
-0.000000000000000309
-0.000000000000000197
0.000000000000000394
0.000000000000000131
-0.000000000000000333
-0.000000000000000097
0.000000000000000308
0.000000000000000277
-0.000000000000000361
-0.000000000000000140
0.000000000000000200
0.000000000000000180
-0.000000000000000147
-0.000000000000000173
-0.000000000000000019
0.000000000000000080
0.000000000000000113
-0.000000000000000052
-0.000000000000000091
-0.000000000000000047
-0.000000000000000096
0.000000000000000180
-0.000000000000000091
-0.000000000000000254
0.000000000000000029
0.000000000000000226
0.000000000000000073
-0.000000000000000293
0.000000000000000077
0.000000000000000163
-0.000000000000000058
-0.000000000000000239
0.000000000000000109
0.000000000000000047
0.000000000000000046
-0.000000000000000360
