0.000000000000000000
-0.000000000000000000
-0.000000000000000000
-0.000000000000000000
-0.000000000000000000
-0.000000000000000000
-0.000000000000000000
-0.000000000000000000
-0.000000000000000000
-0.000000000000000000
-0.000000000000000000
-0.000000000000000000
-0.000000000000000000
-0.000000000000000000
-0.000000000000000000
0.000000000000000000
0.000000000000000000
0.000000000000000000
0.000000000000000000
-0.000000000000000000
-0.000000000000000000
-0.000000000000000000
-0.000000000000000000
0.000000000000000000
0.000000000000000000
0.000000000000000000
0.000000000000000000
0.000000000000000000
0.000000000000000000
0.000000000000000000
-0.000000000000000000
-0.000000000000000000
-0.000000000000000000
-0.000000000000000000
-0.000000000000000000
-0.000000000000000000
-0.000000000000000000
-0.000000000000000000
-0.000000000000000000
-0.000000000000000000
-0.000000000000000000
-0.000000000000000000
-0.000000000000000000
-0.000000000000000000
-0.000000000000000000
-0.000000000000000000
-0.000000000000000000
-0.000000000000000000
-0.000000000000000000
0.000000000000000000
-0.000000000000000000
-0.000000000000000000
0.000000000000000000
0.000000000000000001
0.000000000000000001
0.000000000000000000
0.000000000000000000
-0.000000000000000000
-0.000000000000000001
-0.000000000000000001
-0.000000000000000000
0.000000000000000001
0.000000000000000001
0.000000000000000000
0.000000000000000001
-0.000000000000000004
-0.000000000000000015
-0.000000000000000037
-0.000000000000000063
-0.000000000000000077
-0.000000000000000093
-0.000000000000000053
0.000000000000000008
0.000000000000000044
0.000000000000000079
0.000000000000000022
-0.000000000000000104
0.000000000000000004
0.000000000000000091
0.000000000000000122
0.000000000000000082
0.000000000000000010
0.000000000000000102
0.000000000000000049
-0.000000000000000016
-0.000000000000000119
-0.000000000000000108
-0.000000000000000102
0.000000000000000037
0.000000000000000208
0.000000000000000110
-0.000000000000000007
-0.000000000000000036
-0.000000000000000015
-0.000000000000000090
-0.000000000000000010
0.000000000000000065
0.000000000000000046
-0.000000000000000151
-0.000000000000000325
-0.000000000000000504
-0.000000000000000371
-0.000000000000000135
-0.000000000000000157
-0.000000000000000085
0.000000000000000042
0.000000000000000095
0.000000000000000191
-0.000000000000000020
0.000000000000000058
0.000000000000000196
0.000000000000000133
0.000000000000001041
0.000000000000003808
0.000000000000010838
0.000000000000028717
0.000000000000073815
0.000000000000185492
0.000000000000456925
0.000000000001103172
0.000000000002613141
0.000000000006075491
0.000000000013863024
0.000000000031033455
0.000000000068151858
0.000000000147092386
0.000000000312060663
0.000000000650600381
0.000000001332536788
0.000000002680961176
0.000000005307286466
0.000000010339865135
0.000000019820921029
0.000000037373600794
0.000000069307269731
0.000000126596499901
0.000000227825153626
0.000000403870236070
0.000000705040483247
0.000001211844531597
0.000002053666082246
0.000003432306243051
0.000005656614881999
0.000009190140790570
0.000014716448343578
0.000023255390054244
0.000036275923286178
0.000055853055039714
0.000084859494576460
0.000127202128510417
0.000188317597544176
0.000275442823158026
0.000398009287059730
0.000568041568285145
0.000800581919790170
0.001115252929108752
0.001536126743715132
0.002091994234414721
0.002816380994266521
0.003747438715496295
0.004932171219656547
0.006423105927922290
0.008276822317881224
0.010551784799544609
0.013306091511317026
0.016608688661118753
0.020526672902657198
0.025120058980652102
0.030436043706834875
0.036504453540563794
0.043365700100197239
0.051041140636705389
0.059524803872472568
0.068776428890651248
0.078718697336236210
0.089294685528494983
0.100416246063221845
0.111956693561292175
0.123747696550355890
0.135583523342063778
0.147311810404887639
0.158759500237662082
0.169728569753027386
0.179998089734981048
0.189334676267420038
0.197601492191819467
0.204666935199070810
0.210400376218629448
0.214674807219680547
0.217376704480427868
0.218507181978563947
0.218086062908183526
0.216144502143253425
0.212724244537282670
0.207882351919187469
0.201766306446878263
0.194530771470213415
0.186329041702606668
0.177310402006251866
0.167621498835798993
0.157453501099474313
0.146984181880474712
0.136372519632385863
0.125757789098132899
0.115261262536896905
0.105013060136334990
0.095120585753863382
0.085667687042042945
0.076716414426050927
0.068309999948194297
0.060487319069295532
0.053269718865271050
0.046662707559832317
0.040658641640363778
0.035239645133164556
0.030384750791180252
0.026065758043182393
0.022248985674918766
0.018897172293554913
0.015971211458760522
0.013433069213440809
0.011244703033915145
0.009368884626949254
0.007769936016425449
0.006414292447984343
0.005271295155776036
0.004312776102173059
0.003513148767666020
0.002849437019941990
0.002301230784663051
0.001850674749523146
0.001482170047166302
0.001182198444377078
0.000939139096086306
0.000743079316052131
0.000585641720066936
0.000459775376762293
0.000359583876860803
0.000280167584450898
0.000217480053806041
0.000168200434446580
0.000129617263470005
0.000099528687684810
0.000076156179827826
0.000058070525643345
0.000044128520508491
0.000033420658787745
0.000025226802875922
0.000018979376955592
0.000014233038155521
0.000010639616349240
0.000007928363553218
0.000005889629863670
0.000004361736008523
0.000003220488571068
0.000002370772208748
0.000001740115112354
0.000001273509253576
0.000000929354318818
0.000000676301039754
0.000000490784911829
0.000000355179043942
0.000000256343772743
0.000000184516686203
0.000000132467836014
0.000000094854633674
0.000000067747140010
0.000000048263698746
0.000000034297667396
0.000000024313486213
0.000000017194068848
0.000000012130215150
0.000000008537454050
0.000000005994796585
0.000000004199820479
0.000000002935662460
0.000000002047430188
0.000000001424788193
0.000000000989338235
0.000000000685513425
0.000000000473993004
0.000000000327054904
0.000000000225201121
0.000000000154752094
0.000000000106130788
0.000000000072642738
0.000000000049624677
0.000000000033834764
0.000000000023024583
0.000000000015640197
0.000000000010604370
0.000000000007176736
0.000000000004848177
0.000000000003269506
0.000000000002200939
0.000000000001479245
0.000000000000992610
0.000000000000664462
0.000000000000444791
0.000000000000296566
0.000000000000197540
0.000000000000131929
0.000000000000087720
0.000000000000057666
0.000000000000038216
0.000000000000025766
0.000000000000016801
0.000000000000010845
0.000000000000007323
0.000000000000005078
0.000000000000002578
0.000000000000002400
0.000000000000001467
0.000000000000000512
0.000000000000000914
0.000000000000000360
-0.000000000000000372
0.000000000000000633
0.000000000000000290
-0.000000000000000267
-0.000000000000000199
0.000000000000000420
-0.000000000000000066
-0.000000000000000266
0.000000000000000332
-0.000000000000000019
-0.000000000000000093
0.000000000000000253
-0.000000000000000195
-0.000000000000000200
0.000000000000000513
-0.000000000000000199
-0.000000000000000103
-0.000000000000000162
0.000000000000000065
0.000000000000000312
-0.000000000000000219
-0.000000000000000154
0.000000000000000282
-0.000000000000000185
0.000000000000000082
0.000000000000000024
0.000000000000000005
0.000000000000000043
-0.000000000000000245
0.000000000000000246
-0.000000000000000105
-0.000000000000000053
0.000000000000000189
-0.000000000000000203
0.000000000000000210
-0.000000000000000080
-0.000000000000000105
0.000000000000000066
0.000000000000000005
0.000000000000000098
-0.000000000000000027
-0.000000000000000359
0.000000000000000409
-0.000000000000000048
0.000000000000000003
-0.000000000000000281
0.000000000000000172
0.000000000000000118
-0.000000000000000275
0.000000000000000302
-0.000000000000000060
-0.000000000000000269
0.000000000000000178
0.000000000000000395
-0.000000000000000371
0.000000000000000159
-0.000000000000000119
0.000000000000000470
-0.000000000000000303
-0.000000000000000072
0.000000000000000232
-0.000000000000000002
0.000000000000000232
-0.000000000000000306
0.000000000000000139
0.000000000000000458
-0.000000000000000362
0.000000000000000078
-0.000000000000000060
0.000000000000000021
-0.000000000000000024
0.000000000000000079
-0.000000000000000065
-0.000000000000000362
0.000000000000000550
-0.000000000000000043
-0.000000000000000229
-0.000000000000000206
0.000000000000000317
0.000000000000000020
0.000000000000000027
-0.000000000000000453
0.000000000000000381
0.000000000000000284
-0.000000000000000600
0.000000000000000209
-0.000000000000000144
0.000000000000000049
-0.000000000000000001
-0.000000000000000078
-0.000000000000000450
0.000000000000000294
0.000000000000000339
-0.000000000000000569
0.000000000000000179
-0.000000000000000017
-0.000000000000000209
0.000000000000000285
-0.000000000000000162
0.000000000000000087
-0.000000000000000085
0.000000000000000008
0.000000000000000041
0.000000000000000198
-0.000000000000000417
0.000000000000000089
0.000000000000000385
-0.000000000000000285
-0.000000000000000067
0.000000000000000164
-0.000000000000000607
0.000000000000000542
0.000000000000000267
-0.000000000000000725
0.000000000000000388
0.000000000000000244
-0.000000000000000263
-0.000000000000000037
0.000000000000000250
-0.000000000000000357
0.000000000000000384
-0.000000000000000031
-0.000000000000000432
0.000000000000000542
-0.000000000000000051
-0.000000000000000296
0.000000000000000049
0.000000000000000290
-0.000000000000000217
-0.000000000000000038
-0.000000000000000088
0.000000000000000099
-0.000000000000000220
0.000000000000000128
-0.000000000000000098
-0.000000000000000140
-0.000000000000000003
0.000000000000000177
-0.000000000000000188
-0.000000000000000182
0.000000000000000342
-0.000000000000000038
-0.000000000000000280
0.000000000000000290
0.000000000000000037
0.000000000000000005
-0.000000000000000147
-0.000000000000000039
0.000000000000000298
0.000000000000000086
-0.000000000000000466
0.000000000000000195
0.000000000000000377
-0.000000000000000229
-0.000000000000000064
-0.000000000000000105
0.000000000000000086
0.000000000000000217
-0.000000000000000255
-0.000000000000000058
0.000000000000000179
0.000000000000000010
-0.000000000000000356
0.000000000000000243
0.000000000000000023
-0.000000000000000150
0.000000000000000475
-0.000000000000000218
-0.000000000000000193
0.000000000000000521
-0.000000000000000136
-0.000000000000000205
0.000000000000000341
-0.000000000000000195
0.000000000000000261
-0.000000000000000376
0.000000000000000463
-0.000000000000000235
-0.000000000000000554
0.000000000000001058
-0.000000000000000620
-0.000000000000000268
0.000000000000000431
-0.000000000000000059
-0.000000000000000469
0.000000000000000433
0.000000000000000139
-0.000000000000000621
0.000000000000000281
0.000000000000000014
0.000000000000000203
-0.000000000000000446
0.000000000000000372
0.000000000000000028
-0.000000000000000158
0.000000000000000307
-0.000000000000000355
-0.000000000000000166
0.000000000000000255
-0.000000000000000117
-0.000000000000000108
