-0.000000000000000000
-0.000000000000000000
-0.000000000000000000
-0.000000000000000000
0.000000000000000000
0.000000000000000000
0.000000000000000000
0.000000000000000000
0.000000000000000000
0.000000000000000000
0.000000000000000000
0.000000000000000000
0.000000000000000000
0.000000000000000000
0.000000000000000000
0.000000000000000000
0.000000000000000000
0.000000000000000000
0.000000000000000000
-0.000000000000000000
-0.000000000000000000
-0.000000000000000000
-0.000000000000000000
0.000000000000000000
0.000000000000000000
0.000000000000000000
0.000000000000000000
0.000000000000000000
0.000000000000000000
0.000000000000000000
0.000000000000000000
0.000000000000000000
-0.000000000000000000
0.000000000000000000
0.000000000000000000
0.000000000000000000
0.000000000000000000
0.000000000000000000
0.000000000000000000
0.000000000000000000
0.000000000000000000
0.000000000000000000
0.000000000000000000
0.000000000000000000
0.000000000000000000
0.000000000000000000
0.000000000000000000
0.000000000000000000
0.000000000000000000
0.000000000000000000
0.000000000000000000
0.000000000000000001
0.000000000000000000
-0.000000000000000000
-0.000000000000000000
0.000000000000000001
0.000000000000000000
-0.000000000000000001
-0.000000000000000001
-0.000000000000000001
-0.000000000000000000
0.000000000000000000
0.000000000000000001
0.000000000000000003
0.000000000000000004
0.000000000000000004
-0.000000000000000001
-0.000000000000000011
-0.000000000000000031
-0.000000000000000064
-0.000000000000000113
-0.000000000000000074
-0.000000000000000027
0.000000000000000029
0.000000000000000033
-0.000000000000000101
-0.000000000000000235
-0.000000000000000200
-0.000000000000000187
-0.000000000000000139
-0.000000000000000177
-0.000000000000000300
-0.000000000000000298
-0.000000000000000206
-0.000000000000000167
-0.000000000000000096
0.000000000000000085
0.000000000000000209
0.000000000000000119
0.000000000000000046
0.000000000000000048
-0.000000000000000037
0.000000000000000091
-0.000000000000000098
-0.000000000000000180
-0.000000000000000386
-0.000000000000000124
0.000000000000000037
0.000000000000000045
-0.000000000000000078
0.000000000000000038
0.000000000000000044
0.000000000000000079
0.000000000000000092
0.000000000000000229
0.000000000000000136
-0.000000000000000072
-0.000000000000000311
-0.000000000000000344
-0.000000000000000222
-0.000000000000000105
-0.000000000000000138
-0.000000000000001233
-0.000000000000004226
-0.000000000000010907
-0.000000000000028635
-0.000000000000074205
-0.000000000000185916
-0.000000000000457822
-0.000000000001105503
-0.000000000002618629
-0.000000000006087791
-0.000000000013890008
-0.000000000031092752
-0.000000000068280425
-0.000000000147366274
-0.000000000312632505
-0.000000000651774506
-0.000000001334903786
-0.000000002685647741
-0.000000005316416227
-0.000000010357364657
-0.000000019853916042
-0.000000037434774692
-0.000000069418784425
-0.000000126796666849
-0.000000228179036087
-0.000000404486333723
-0.000000706096390840
-0.000001213625693168
-0.000002056627298919
-0.000003437159685833
-0.000005664455988277
-0.000009202623858046
-0.000014736027152148
-0.000023285679553181
-0.000036322158388243
-0.000055922681951582
-0.000084962909982429
-0.000127353586428910
-0.000188536550310352
-0.000275755357261577
-0.000398449740077019
-0.000568654261342903
-0.000801422958883359
-0.001116393196224969
-0.001537654127226979
-0.002094015477547807
-0.002819022863282345
-0.003750848346934293
-0.004936519611869510
-0.006428587403230855
-0.008283651927071943
-0.010560193318695550
-0.013316318271773563
-0.016620982969823332
-0.020541285096288487
-0.025137227981315572
-0.030455981542116858
-0.036527328432988233
-0.043391639356227231
-0.051070215699228282
-0.059557013197576038
-0.068811680575522852
-0.078756794568792837
-0.089335344689477153
-0.100459091002565754
-0.112001250696903282
-0.123793393396802370
-0.135629693372743249
-0.147357733414398256
-0.158804415813327104
-0.169771691564757909
-0.180038622617301858
-0.189371837325144038
-0.197634554147785885
-0.204695245272624476
-0.210423372481237103
-0.214692033606111610
-0.217387824411002351
-0.218511994367839607
-0.218084504254998479
-0.216136644857578525
-0.212710292343718410
-0.207862632081927179
-0.201741252076514083
-0.194500905019147297
-0.186294957879828721
-0.177272750427416220
-0.167580966070153520
-0.157410781366037922
-0.146939959692904798
-0.136327455449517770
-0.125712507416863128
-0.115216341717533144
-0.104969014206478056
-0.095077859684736865
-0.085626655375593649
-0.076677382163922017
-0.068273204830217510
-0.060452928711589304
-0.053237836732315316
-0.046633380306560092
-0.040631866915726553
-0.035215379254487277
-0.030362912947080170
-0.026046238200229287
-0.022231652147532088
-0.018881878564343361
-0.015957802065113959
-0.013421383431317629
-0.011234579432844108
-0.009360164852312246
-0.007762467739960595
-0.006407931529745246
-0.005265906699652620
-0.004308235531486938
-0.003509342427298097
-0.002846262358221805
-0.002298596193768314
-0.001848499037129570
-0.001480381886444698
-0.001180735699704135
-0.000937948065651898
-0.000742113932243835
-0.000584862720721728
-0.000459149527417661
-0.000359083229724442
-0.000279768785245293
-0.000217163704694981
-0.000167950515607427
-0.000129420619406337
-0.000099374574121089
-0.000076035868237551
-0.000057976961557247
-0.000044056031671044
-0.000033364706488985
-0.000025183772568874
-0.000018946403330142
-0.000014207860063048
-0.000010620457740163
-0.000007913835381001
-0.000005878650288238
-0.000004353465890733
-0.000003214279634082
-0.000002366125770118
-0.000001736649035018
-0.000001270931801429
-0.000000927443588000
-0.000000674888852804
-0.000000489744310505
-0.000000354414519861
-0.000000255783719361
-0.000000184107594792
-0.000000132169854274
-0.000000094638186453
-0.000000067590349799
-0.000000048150430283
-0.000000034216058528
-0.000000024254841143
-0.000000017152034578
-0.000000012100163390
-0.000000008516023849
-0.000000005979551843
-0.000000004189002067
-0.000000002928004126
-0.000000002042021951
-0.000000001420977098
-0.000000000986658742
-0.000000000683634866
-0.000000000472678425
-0.000000000326136561
-0.000000000224561226
-0.000000000154307161
-0.000000000105822445
-0.000000000072429301
-0.000000000049476921
-0.000000000033732596
-0.000000000022954960
-0.000000000015591799
-0.000000000010571596
-0.000000000007154136
-0.000000000004832571
-0.000000000003259119
-0.000000000002193827
-0.000000000001474719
-0.000000000000988984
-0.000000000000662569
-0.000000000000442913
-0.000000000000295408
-0.000000000000197464
-0.000000000000131095
-0.000000000000087151
-0.000000000000057690
-0.000000000000037983
-0.000000000000025740
-0.000000000000016739
-0.000000000000011021
-0.000000000000007092
-0.000000000000004906
-0.000000000000003030
-0.000000000000002328
-0.000000000000001306
-0.000000000000000580
-0.000000000000000751
-0.000000000000000506
0.000000000000000050
-0.000000000000000745
0.000000000000000269
-0.000000000000000099
-0.000000000000000160
0.000000000000000106
0.000000000000000030
-0.000000000000000112
-0.000000000000000128
0.000000000000000241
-0.000000000000000067
-0.000000000000000285
-0.000000000000000058
0.000000000000000219
0.000000000000000013
-0.000000000000000096
0.000000000000000021
0.000000000000000079
-0.000000000000000148
0.000000000000000251
-0.000000000000000308
0.000000000000000291
0.000000000000000125
-0.000000000000000455
0.000000000000000260
0.000000000000000207
-0.000000000000000112
-0.000000000000000256
0.000000000000000127
0.000000000000000087
0.000000000000000015
0.000000000000000055
-0.000000000000000181
-0.000000000000000035
0.000000000000000379
-0.000000000000000174
-0.000000000000000107
0.000000000000000192
0.000000000000000091
-0.000000000000000179
0.000000000000000107
0.000000000000000093
-0.000000000000000060
-0.000000000000000267
0.000000000000000214
0.000000000000000086
-0.000000000000000265
0.000000000000000092
0.000000000000000035
-0.000000000000000274
0.000000000000000329
-0.000000000000000072
-0.000000000000000106
-0.000000000000000245
0.000000000000000445
-0.000000000000000199
-0.000000000000000026
-0.000000000000000115
0.000000000000000156
-0.000000000000000066
-0.000000000000000194
-0.000000000000000080
0.000000000000000167
-0.000000000000000175
0.000000000000000163
-0.000000000000000128
-0.000000000000000063
0.000000000000000306
-0.000000000000000009
-0.000000000000000576
0.000000000000000260
0.000000000000000511
-0.000000000000000499
-0.000000000000000251
0.000000000000000309
0.000000000000000426
0.000000000000000028
-0.000000000000000650
0.000000000000000304
0.000000000000000097
0.000000000000000113
-0.000000000000000195
-0.000000000000000185
0.000000000000000326
0.000000000000000164
-0.000000000000000510
0.000000000000000399
-0.000000000000000227
0.000000000000000053
-0.000000000000000041
-0.000000000000000068
-0.000000000000000023
0.000000000000000176
-0.000000000000000037
-0.000000000000000420
0.000000000000000489
-0.000000000000000179
-0.000000000000000093
-0.000000000000000086
-0.000000000000000044
0.000000000000000079
0.000000000000000111
-0.000000000000000082
-0.000000000000000022
0.000000000000000029
0.000000000000000134
-0.000000000000000170
0.000000000000000086
-0.000000000000000174
0.000000000000000272
-0.000000000000000148
-0.000000000000000096
0.000000000000000226
-0.000000000000000197
-0.000000000000000031
0.000000000000000097
0.000000000000000158
-0.000000000000000321
0.000000000000000058
0.000000000000000199
-0.000000000000000348
0.000000000000000156
0.000000000000000163
-0.000000000000000148
0.000000000000000055
-0.000000000000000090
-0.000000000000000050
0.000000000000000208
0.000000000000000036
-0.000000000000000423
0.000000000000000426
-0.000000000000000116
-0.000000000000000263
0.000000000000000323
-0.000000000000000260
-0.000000000000000023
0.000000000000000390
-0.000000000000000300
0.000000000000000084
-0.000000000000000052
-0.000000000000000169
0.000000000000000528
-0.000000000000000073
-0.000000000000000263
0.000000000000000087
0.000000000000000104
0.000000000000000149
-0.000000000000000145
-0.000000000000000293
-0.000000000000000049
0.000000000000000425
-0.000000000000000246
-0.000000000000000138
-0.000000000000000048
0.000000000000000440
-0.000000000000000186
-0.000000000000000064
-0.000000000000000032
0.000000000000000070
0.000000000000000153
0.000000000000000012
-0.000000000000000163
-0.000000000000000349
0.000000000000000951
-0.000000000000000590
-0.000000000000000257
0.000000000000000199
0.000000000000000015
0.000000000000000212
-0.000000000000000542
0.000000000000000335
0.000000000000000066
0.000000000000000026
0.000000000000000178
-0.000000000000000529
0.000000000000000627
0.000000000000000051
-0.000000000000000282
0.000000000000000340
-0.000000000000000109
0.000000000000000079
-0.000000000000000121
0.000000000000000227
-0.000000000000000473
0.000000000000000455
-0.000000000000000294
-0.000000000000000131
0.000000000000000153
-0.000000000000000143
0.000000000000000084
-0.000000000000000143
0.000000000000000114
-0.000000000000000250
0.000000000000000316
-0.000000000000000102
-0.000000000000000002
-0.000000000000000099
0.000000000000000060
0.000000000000000242
-0.000000000000000615
0.000000000000000347
