0.000000000000000
0.000000000000000
0.000000000000000
0.000000000000000
-0.000000000000000
-0.000000000000001
-0.000000000000001
-0.000000000000000
-0.000000000000000
-0.000000000000001
-0.000000000000001
-0.000000000000001
-0.000000000000001
-0.000000000000000
-0.000000000000000
0.000000000000000
0.000000000000000
-0.000000000000000
-0.000000000000000
-0.000000000000001
-0.000000000000001
-0.000000000000001
-0.000000000000000
-0.000000000000000
-0.000000000000000
-0.000000000000000
-0.000000000000001
-0.000000000000001
-0.000000000000001
-0.000000000000000
0.000000000000000
0.000000000000001
0.000000000000001
0.000000000000001
0.000000000000001
0.000000000000001
0.000000000000001
0.000000000000001
0.000000000000001
0.000000000000001
-0.000000000000000
0.000000000000000
0.000000000000000
0.000000000000000
0.000000000000000
0.000000000000000
0.000000000000000
-0.000000000000000
-0.000000000000000
-0.000000000000000
0.000000000000000
0.000000000000000
0.000000000000000
0.000000000000000
-0.000000000000000
0.000000000000000
0.000000000000000
0.000000000000000
-0.000000000000000
-0.000000000000000
-0.000000000000000
-0.000000000000000
0.000000000000000
0.000000000000001
0.000000000000001
0.000000000000000
-0.000000000000000
-0.000000000000000
-0.000000000000000
0.000000000000000
0.000000000000000
-0.000000000000000
-0.000000000000001
-0.000000000000001
-0.000000000000001
-0.000000000000001
-0.000000000000000
-0.000000000000000
-0.000000000000000
-0.000000000000000
-0.000000000000001
-0.000000000000001
-0.000000000000001
-0.000000000000000
-0.000000000000000
-0.000000000000000
-0.000000000000000
-0.000000000000000
-0.000000000000000
-0.000000000000000
-0.000000000000000
0.000000000000000
0.000000000000000
0.000000000000000
0.000000000000001
0.000000000000001
0.000000000000001
0.000000000000001
0.000000000000000
-0.000000000000000
-0.000000000000000
-0.000000000000000
-0.000000000000001
-0.000000000000001
-0.000000000000000
0.000000000000000
0.000000000000000
0.000000000000000
0.000000000000000
-0.000000000000000
-0.000000000000001
-0.000000000000001
-0.000000000000001
-0.000000000000001
-0.000000000000001
-0.000000000000002
-0.000000000000002
-0.000000000000002
-0.000000000000002
-0.000000000000001
-0.000000000000001
-0.000000000000001
-0.000000000000001
-0.000000000000000
0.000000000000000
0.000000000000001
0.000000000000001
0.000000000000001
0.000000000000001
0.000000000000001
0.000000000000001
0.000000000000001
0.000000000000001
0.000000000000000
-0.000000000000000
-0.000000000000000
-0.000000000000000
-0.000000000000000
-0.000000000000000
-0.000000000000000
-0.000000000000000
-0.000000000000000
-0.000000000000000
0.000000000000000
0.000000000000000
0.000000000000001
0.000000000000001
0.000000000000001
0.000000000000001
0.000000000000001
0.000000000000000
-0.000000000000000
-0.000000000000000
0.000000000000000
0.000000000000001
0.000000000000002
0.000000000000002
0.000000000000001
0.000000000000001
0.000000000000001
0.000000000000001
0.000000000000001
0.000000000000000
0.000000000000000
-0.000000000000000
0.000000000000000
0.000000000000000
0.000000000000001
0.000000000000001
0.000000000000000
-0.000000000000000
-0.000000000000000
-0.000000000000000
0.000000000000000
0.000000000000000
0.000000000000001
0.000000000000001
0.000000000000001
0.000000000000001
0.000000000000001
0.000000000000001
0.000000000000000
0.000000000000000
0.000000000000000
0.000000000000001
0.000000000000001
0.000000000000001
0.000000000000001
0.000000000000001
0.000000000000001
0.000000000000001
0.000000000000001
0.000000000000001
0.000000000000001
0.000000000000001
0.000000000000001
0.000000000000001
0.000000000000001
0.000000000000002
0.000000000000002
0.000000000000002
0.000000000000002
0.000000000000001
0.000000000000001
0.000000000000001
0.000000000000001
0.000000000000002
0.000000000000003
0.000000000000003
0.000000000000003
0.000000000000002
0.000000000000002
0.000000000000002
0.000000000000001
0.000000000000001
0.000000000000001
0.000000000000001
0.000000000000000
-0.000000000000000
-0.000000000000001
-0.000000000000002
-0.000000000000003
-0.000000000000005
-0.000000000000007
-0.000000000000010
-0.000000000000014
-0.000000000000018
-0.000000000000024
-0.000000000000032
-0.000000000000043
-0.000000000000057
-0.000000000000076
-0.000000000000100
-0.000000000000131
-0.000000000000171
-0.000000000000224
-0.000000000000293
-0.000000000000381
-0.000000000000496
-0.000000000000645
-0.000000000000837
-0.000000000001086
-0.000000000001406
-0.000000000001818
-0.000000000002347
-0.000000000003027
-0.000000000003899
-0.000000000005016
-0.000000000006445
-0.000000000008272
-0.000000000010604
-0.000000000013577
-0.000000000017361
-0.000000000022173
-0.000000000028284
-0.000000000036034
-0.000000000045853
-0.000000000058275
-0.000000000073973
-0.000000000093785
-0.000000000118757
-0.000000000150195
-0.000000000189724
-0.000000000239365
-0.000000000301624
-0.000000000379613
-0.000000000477183
-0.000000000599097
-0.000000000751239
-0.000000000940863
-0.000000001176908
-0.000000001470367
-0.000000001834746
-0.000000002286614
-0.000000002846270
-0.000000003538550
-0.000000004393798
-0.000000005449039
-0.000000006749393
-0.000000008349760
-0.000000010316854
-0.000000012731637
-0.000000015692223
-0.000000019317352
-0.000000023750523
-0.000000029164919
-0.000000035769264
-0.000000043814757
-0.000000053603304
-0.000000065497243
-0.000000079930831
-0.000000097423792
-0.000000118597257
-0.000000144192507
-0.000000175092965
-0.000000212349946
-0.000000257212793
-0.000000311164047
-0.000000375960459
-0.000000453680709
-0.000000546780847
-0.000000658158600
-0.000000791227825
-0.000000950004567
-0.000001139206359
-0.000001364366597
-0.000001631966049
-0.000001949583791
-0.000002326070134
-0.000002771744378
-0.000003298620547
-0.000003920664583
-0.000004654086834
-0.000005517674036
-0.000006533165411
-0.000007725677899
-0.000009124186002
-0.000010762062145
-0.000012677683983
-0.000014915115488
-0.000017524869219
-0.000020564757588
-0.000024100841466
-0.000028208484894
-0.000032973525129
-0.000038493567618
-0.000044879415855
-0.000052256646354
-0.000060767339161
-0.000070571974409
-0.000081851505428
-0.000094809618724
-0.000109675190816
-0.000126704951411
-0.000146186361635
-0.000168440715063
-0.000193826468031
-0.000222742804155
-0.000255633436047
-0.000292990645008
-0.000335359556774
-0.000383342648318
-0.000437604477184
-0.000498876620813
-0.000567962808805
-0.000645744226045
-0.000733184959099
-0.000831337552150
-0.000941348632213
-0.001064464556210
-0.001202037024866
-0.001355528600363
-0.001526518056128
-0.001716705478363
-0.001927917029722
-0.002162109276270
-0.002421372969407
-0.002707936165060
-0.003024166553271
-0.003372572862380
-0.003755805193671
-0.004176654134682
-0.004638048492628
-0.005143051483759
-0.005694855210312
-0.006296773254063
-0.006952231214851
-0.007664755023904
-0.008437956865733
-0.009275518548968
-0.010181172176136
-0.011158677975182
-0.012211799171805
-0.013344273801624
-0.014559783384929
-0.015861918414555
-0.017254140639170
-0.018739742160244
-0.020321801400925
-0.022003136049087
-0.023786253124677
-0.025673296372919
-0.027665991239743
-0.029765587743347
-0.031972801615855
-0.034287754150734
-0.036709911254463
-0.039238022264025
-0.041870059154253
-0.044603156819993
-0.047433555176231
-0.050356543873922
-0.053366410478729
-0.056456393003356
-0.059618637720080
-0.062844163207409
-0.066122831602081
-0.069443328033838
-0.072793149214143
-0.076158602130434
-0.079524813763368
-0.082875752695222
-0.086194263412256
-0.089462114022028
-0.092660058008118
-0.095767910529298
-0.098764639638176
-0.101628472646211
-0.104337017698518
-0.106867400444094
-0.109196415496518
-0.111300692178404
-0.113156873831990
-0.114741809760655
-0.116032758644299
-0.117007602048532
-0.117645066426404
-0.117924951795516
-0.117828365066112
-0.117337955800878
-0.116438152008395
-0.115115393413043
-0.113358359508455
-0.111158189592769
-0.108508691905283
-0.105406538938820
-0.101851445992789
-0.097846330061062
-0.093397446218227
-0.088514498778895
-0.083210724658416
-0.077502946559734
-0.071411593849788
-0.064960689268669
-0.058177799933832
-0.051093951457540
-0.043743504385016
-0.036163992579669
-0.028395923625549
-0.020482541780682
-0.012469554492406
-0.004404823970914
0.003661974196610
0.011679722928716
0.019596263099629
0.027358817180097
0.034914433273774
0.042210445369424
0.049194945286484
0.055817261496714
0.062028439763782
0.067781720360923
0.073033006508841
0.077741318625472
0.081869228998830
0.085383271585784
0.088254321803776
0.090457941418995
0.091974683941598
0.092790356313741
0.092896233115506
0.092289220012481
0.090971963720857
0.088952906364579
0.086246282736623
0.082872059644446
0.078855817208958
0.074228572687511
0.069026548094451
0.063290883587772
0.057067299267247
0.050405708678270
0.043359787926887
0.035986504876232
0.028345613404142
0.020499118148786
0.012510715546687
0.004445217270124
-0.003632037606146
-0.011655775238857
-0.019561377925862
-0.027285466797053
-0.034766469908175
-0.041945169558295
-0.048765222931232
-0.055173650516510
-0.061121287191145
-0.066563191333134
-0.071459007883490
-0.075773281867773
-0.079475719521461
-0.082541394826690
-0.084950899951164
-0.086690438773493
-0.087751863372801
-0.088132654044486
-0.087835844068917
-0.086869891096643
-0.085248497613869
-0.082990383507827
-0.080119014256399
-0.076662288713808
-0.072652190849623
-0.068124410117689
-0.063117935382115
-0.057674627507481
-0.051838775829346
-0.045656643759473
-0.039176008749530
-0.032445701739903
-0.025515151060133
-0.018433935528780
-0.011251351228129
-0.004015996108922
0.003224623781716
0.010424463053023
0.017539277733250
0.024526935517949
0.031347693440276
0.037964441367537
0.044342910196306
0.050451844080497
0.056263136476464
0.061751930220978
0.066896682266632
0.071679194080293
0.076084609059784
0.080101378638709
0.083721199026838
0.086938920771652
0.089752433524505
0.092162528551778
0.094172741647493
0.095789179179860
0.097020330041391
0.097876866272286
0.098371435092034
0.098518445007093
0.098333848566077
0.097834924211275
0.097040059529771
0.095968538042552
0.094640331489219
0.093075899372740
0.091295997326696
0.089321495659856
0.087173209223064
0.084871739534177
0.082437329891023
0.079889734002614
0.077248098477276
0.074530859325105
0.071755652462657
0.068939238051618
0.066097438361319
0.063245088718089
0.060396000993255
0.057562938986100
0.054757604978415
0.051990636673109
0.049271613680253
0.046609072679249
0.044010530364797
0.041482513276061
0.039030593611817
0.036659430148457
0.034372813401180
0.032173714200542
0.030064334895408
0.028046162438151
0.026120022657550
0.024286135078035
0.022544167699767
0.020893291211468
0.019332232166017
0.017859324706838
0.016472560490146
0.015169636503672
0.013948000535918
0.012804894100758
0.011737392670075
0.010742443111611
0.009816898270203
0.008957548667923
0.008161151332115
0.007424455790157
0.006744227295688
0.006117267373422
0.005540431788432
0.005010646061136
0.004524918661467
0.004080352024852
0.003674151539129
0.003303632655435
0.002966226277792
0.002659482585765
0.002381073442475
0.002128793536611
0.001900560402174
0.001694413453698
0.001508512167836
0.001341133534730
0.001190668894559
0.001055620266384
0.000934596267909
0.000826307716285
0.000729562991624
0.000643263236606
0.000566397457568
0.000498037584729
0.000437333541913
0.000383508369172
0.000335853435304
0.000293723771206
0.000256533549529
0.000223751731021
0.000194897893418
0.000169538254604
0.000147281898127
0.000127777205981
0.000110708500672
0.000095792896249
0.000082777355865
0.000071435951716
0.000061567321778
0.000052992316622
0.000045551828652
0.000039104795462
0.000033526368511
0.000028706238004
0.000024547104708
0.000020963289398
0.000017879470710
0.000015229542336
0.000012955580751
0.000011006914950
0.000009339290033
0.000007914116849
0.000006697800327
0.000005661139532
0.000004778792929
0.000004028802754
0.000003392172834
0.000002852494598
0.000002395616443
0.000002009352012
0.000001683223276
0.000001408234739
0.000001176675337
0.000000981944985
0.000000818402965
0.000000681235662
0.000000566341383
0.000000470230236
0.000000389937239
0.000000322947067
0.000000267128981
0.000000220680643
0.000000182079722
0.000000150042246
0.000000123486840
0.000000101504068
0.000000083330190
0.000000068324731
0.000000055951355
0.000000045761565
0.000000037380850
0.000000030496920
0.000000024849734
0.000000020223061
0.000000016437351
0.000000013343724
0.000000010818895
0.000000008760922
0.000000007085626
0.000000005723589
0.000000004617649
0.000000003720797
0.000000002994430
0.000000002406887
0.000000001932239
0.000000001549281
0.000000001240692
0.000000000992345
0.000000000792732
0.000000000632492
0.000000000504023
0.000000000401154
0.000000000318888
0.000000000253181
0.000000000200768
0.000000000159009
0.000000000125782
0.000000000099376
0.000000000078418
0.000000000061804
0.000000000048650
0.000000000038249
0.000000000030036
0.000000000023557
0.000000000018453
0.000000000014437
0.000000000011282
0.000000000008805
0.000000000006864
0.000000000005345
0.000000000004156
0.000000000003228
0.000000000002504
0.000000000001941
0.000000000001501
0.000000000001160
0.000000000000896
0.000000000000691
0.000000000000532
0.000000000000409
0.000000000000314
0.000000000000242
0.000000000000185
0.000000000000142
0.000000000000108
0.000000000000083
0.000000000000063
0.000000000000048
0.000000000000036
0.000000000000028
0.000000000000021
0.000000000000016
0.000000000000012
0.000000000000009
0.000000000000007
0.000000000000005
0.000000000000004
0.000000000000003
0.000000000000002
0.000000000000002
0.000000000000001
0.000000000000001
0.000000000000001
0.000000000000000
0.000000000000000
0.000000000000000
0.000000000000000
-0.000000000000000
0.000000000000000
-0.000000000000000
0.000000000000000
0.000000000000000
0.000000000000000
-0.000000000000001
0.000000000000000
0.000000000000000
0.000000000000000
-0.000000000000000
-0.000000000000000
0.000000000000000
0.000000000000001
0.000000000000000
-0.000000000000000
-0.000000000000000
0.000000000000000
0.000000000000000
-0.000000000000000
-0.000000000000000
-0.000000000000000
0.000000000000000
0.000000000000000
0.000000000000000
-0.000000000000000
-0.000000000000000
0.000000000000000
0.000000000000000
-0.000000000000000
-0.000000000000000
0.000000000000000
0.000000000000000
-0.000000000000000
0.000000000000000
0.000000000000000
-0.000000000000000
0.000000000000000
0.000000000000000
-0.000000000000000
-0.000000000000000
0.000000000000000
0.000000000000001
-0.000000000000000
-0.000000000000000
0.000000000000000
0.000000000000000
-0.000000000000000
0.000000000000000
0.000000000000000
-0.000000000000000
0.000000000000000
0.000000000000000
0.000000000000000
-0.000000000000000
0.000000000000000
-0.000000000000000
0.000000000000000
0.000000000000000
-0.000000000000000
-0.000000000000000
-0.000000000000000
0.000000000000000
-0.000000000000000
-0.000000000000000
-0.000000000000000
0.000000000000000
0.000000000000000
0.000000000000000
-0.000000000000000
-0.000000000000000
0.000000000000000
0.000000000000000
-0.000000000000000
-0.000000000000000
-0.000000000000000
0.000000000000000
0.000000000000000
-0.000000000000000
-0.000000000000000
0.000000000000000
0.000000000000000
0.000000000000000
-0.000000000000000
0.000000000000000
-0.000000000000000
-0.000000000000000
0.000000000000000
0.000000000000000
0.000000000000000
-0.000000000000001
0.000000000000000
0.000000000000001
0.000000000000000
-0.000000000000000
-0.000000000000000
0.000000000000000
0.000000000000000
0.000000000000000
-0.000000000000000
-0.000000000000000
0.000000000000000
0.000000000000000
-0.000000000000000
-0.000000000000000
0.000000000000000
0.000000000000000
-0.000000000000000
-0.000000000000000
0.000000000000000
0.000000000000000
0.000000000000000
-0.000000000000000
-0.000000000000000
0.000000000000000
0.000000000000000
-0.000000000000001
-0.000000000000000
0.000000000000000
0.000000000000000
-0.000000000000000
-0.000000000000000
0.000000000000000
-0.000000000000000
0.000000000000000
0.000000000000000
-0.000000000000000
0.000000000000000
-0.000000000000000
-0.000000000000000
0.000000000000000
0.000000000000000
-0.000000000000000
-0.000000000000000
0.000000000000000
0.000000000000000
-0.000000000000000
-0.000000000000000
0.000000000000000
0.000000000000000
-0.000000000000000
-0.000000000000000
0.000000000000000
-0.000000000000000
0.000000000000000
0.000000000000000
-0.000000000000000
-0.000000000000000
-0.000000000000000
0.000000000000000
0.000000000000000
0.000000000000000
-0.000000000000000
0.000000000000000
0.000000000000000
-0.000000000000000
-0.000000000000000
0.000000000000000
-0.000000000000000
0.000000000000000
0.000000000000000
-0.000000000000000
-0.000000000000000
0.000000000000000
0.000000000000000
0.000000000000000
-0.000000000000000
-0.000000000000000
0.000000000000000
0.000000000000000
0.000000000000000
0.000000000000000
-0.000000000000000
-0.000000000000000
0.000000000000000
0.000000000000000
-0.000000000000000
-0.000000000000000
0.000000000000000
0.000000000000000
0.000000000000000
-0.000000000000000
-0.000000000000000
0.000000000000000
-0.000000000000000
-0.000000000000000
0.000000000000000
-0.000000000000000
-0.000000000000000
0.000000000000000
-0.000000000000000
-0.000000000000000
0.000000000000000
-0.000000000000000
-0.000000000000000
0.000000000000000
0.000000000000000
-0.000000000000000
-0.000000000000000
0.000000000000000
0.000000000000000
-0.000000000000000
0.000000000000000
0.000000000000000
-0.000000000000000
0.000000000000000
0.000000000000000
-0.000000000000000
-0.000000000000000
0.000000000000000
-0.000000000000000
-0.000000000000000
0.000000000000000
0.000000000000000
-0.000000000000000
0.000000000000000
0.000000000000000
-0.000000000000000
-0.000000000000000
0.000000000000000
0.000000000000000
-0.000000000000000
-0.000000000000000
-0.000000000000000
0.000000000000000
0.000000000000000
-0.000000000000000
-0.000000000000000
0.000000000000000
0.000000000000000
-0.000000000000000
-0.000000000000000
0.000000000000000
0.000000000000000
-0.000000000000000
-0.000000000000000
0.000000000000001
-0.000000000000000
-0.000000000000001
0.000000000000001
0.000000000000000
-0.000000000000001
-0.000000000000000
0.000000000000000
0.000000000000000
0.000000000000000
-0.000000000000001
-0.000000000000000
0.000000000000001
0.000000000000000
-0.000000000000000
-0.000000000000001
0.000000000000001
0.000000000000000
-0.000000000000000
-0.000000000000001
0.000000000000000
0.000000000000000
-0.000000000000000
-0.000000000000000
0.000000000000001
-0.000000000000000
-0.000000000000000
0.000000000000000
0.000000000000000
-0.000000000000000
-0.000000000000000
0.000000000000000
-0.000000000000000
0.000000000000000
0.000000000000000
-0.000000000000000
-0.000000000000000
-0.000000000000000
0.000000000000000
0.000000000000000
-0.000000000000000
-0.000000000000000
0.000000000000000
0.000000000000000
-0.000000000000000
0.000000000000000
0.000000000000000
-0.000000000000000
-0.000000000000000
0.000000000000000
0.000000000000000
0.000000000000000
-0.000000000000001
0.000000000000000
0.000000000000001
0.000000000000000
-0.000000000000001
-0.000000000000000
0.000000000000001
0.000000000000000
-0.000000000000000
0.000000000000000
0.000000000000000
-0.000000000000001
-0.000000000000000
0.000000000000001
0.000000000000000
-0.000000000000001
-0.000000000000000
0.000000000000000
0.000000000000000
-0.000000000000000
0.000000000000000
0.000000000000000
-0.000000000000000
-0.000000000000000
0.000000000000000
0.000000000000000
-0.000000000000000
-0.000000000000000
