0.000000000000000
-0.000000000000000
-0.000000000000000
-0.000000000000000
-0.000000000000000
-0.000000000000001
-0.000000000000000
0.000000000000000
0.000000000000001
0.000000000000001
0.000000000000000
0.000000000000000
0.000000000000001
0.000000000000000
-0.000000000000000
0.000000000000000
-0.000000000000000
-0.000000000000000
-0.000000000000000
-0.000000000000000
0.000000000000000
0.000000000000000
0.000000000000000
0.000000000000000
-0.000000000000000
0.000000000000000
0.000000000000000
0.000000000000000
0.000000000000000
0.000000000000000
0.000000000000000
-0.000000000000000
-0.000000000000001
-0.000000000000001
-0.000000000000000
-0.000000000000001
-0.000000000000001
-0.000000000000001
-0.000000000000001
-0.000000000000001
-0.000000000000001
-0.000000000000001
-0.000000000000000
-0.000000000000000
-0.000000000000000
-0.000000000000000
-0.000000000000000
0.000000000000000
0.000000000000000
0.000000000000000
0.000000000000000
0.000000000000000
0.000000000000000
0.000000000000001
0.000000000000000
-0.000000000000000
0.000000000000000
0.000000000000000
0.000000000000001
0.000000000000000
0.000000000000000
0.000000000000001
0.000000000000000
0.000000000000000
0.000000000000000
0.000000000000000
-0.000000000000000
-0.000000000000000
-0.000000000000000
-0.000000000000000
-0.000000000000000
-0.000000000000000
0.000000000000000
0.000000000000000
-0.000000000000000
-0.000000000000001
-0.000000000000001
-0.000000000000000
-0.000000000000000
-0.000000000000000
-0.000000000000000
-0.000000000000000
-0.000000000000000
-0.000000000000000
-0.000000000000000
0.000000000000000
-0.000000000000000
0.000000000000000
0.000000000000000
0.000000000000001
0.000000000000000
0.000000000000000
0.000000000000000
0.000000000000000
0.000000000000000
0.000000000000001
0.000000000000000
-0.000000000000000
0.000000000000000
0.000000000000000
0.000000000000000
0.000000000000001
0.000000000000001
0.000000000000000
-0.000000000000001
-0.000000000000000
-0.000000000000001
-0.000000000000001
-0.000000000000001
-0.000000000000000
-0.000000000000001
-0.000000000000001
-0.000000000000001
-0.000000000000001
-0.000000000000000
0.000000000000000
0.000000000000001
0.000000000000001
0.000000000000001
0.000000000000000
0.000000000000000
0.000000000000000
-0.000000000000000
0.000000000000000
0.000000000000000
0.000000000000000
0.000000000000001
0.000000000000001
0.000000000000001
0.000000000000001
0.000000000000000
0.000000000000001
0.000000000000000
0.000000000000000
0.000000000000000
0.000000000000000
0.000000000000000
-0.000000000000000
-0.000000000000000
-0.000000000000000
-0.000000000000000
-0.000000000000000
0.000000000000000
0.000000000000000
0.000000000000000
0.000000000000000
0.000000000000000
0.000000000000000
0.000000000000000
0.000000000000000
0.000000000000001
0.000000000000001
0.000000000000001
0.000000000000001
0.000000000000000
0.000000000000001
0.000000000000001
0.000000000000001
0.000000000000001
0.000000000000001
0.000000000000001
0.000000000000001
0.000000000000000
0.000000000000000
0.000000000000001
0.000000000000000
0.000000000000000
0.000000000000000
0.000000000000000
0.000000000000001
0.000000000000001
0.000000000000001
0.000000000000000
0.000000000000000
0.000000000000000
-0.000000000000000
0.000000000000000
0.000000000000001
0.000000000000000
0.000000000000001
0.000000000000000
0.000000000000000
0.000000000000000
0.000000000000000
0.000000000000001
0.000000000000001
0.000000000000000
0.000000000000000
0.000000000000001
0.000000000000000
0.000000000000001
0.000000000000001
0.000000000000000
0.000000000000000
0.000000000000000
0.000000000000001
0.000000000000001
0.000000000000001
0.000000000000001
0.000000000000001
0.000000000000001
0.000000000000001
0.000000000000001
0.000000000000001
0.000000000000002
0.000000000000001
0.000000000000001
0.000000000000001
0.000000000000001
0.000000000000000
-0.000000000000000
0.000000000000000
-0.000000000000001
-0.000000000000001
-0.000000000000001
-0.000000000000001
-0.000000000000001
-0.000000000000001
-0.000000000000001
-0.000000000000001
-0.000000000000001
-0.000000000000000
-0.000000000000000
-0.000000000000001
-0.000000000000001
-0.000000000000002
-0.000000000000002
-0.000000000000003
-0.000000000000004
-0.000000000000006
-0.000000000000009
-0.000000000000011
-0.000000000000015
-0.000000000000020
-0.000000000000026
-0.000000000000035
-0.000000000000046
-0.000000000000060
-0.000000000000077
-0.000000000000100
-0.000000000000130
-0.000000000000169
-0.000000000000220
-0.000000000000286
-0.000000000000370
-0.000000000000478
-0.000000000000618
-0.000000000000799
-0.000000000001032
-0.000000000001329
-0.000000000001712
-0.000000000002201
-0.000000000002827
-0.000000000003628
-0.000000000004649
-0.000000000005951
-0.000000000007608
-0.000000000009715
-0.000000000012391
-0.000000000015784
-0.000000000020082
-0.000000000025519
-0.000000000032391
-0.000000000041064
-0.000000000051996
-0.000000000065761
-0.000000000083069
-0.000000000104809
-0.000000000132078
-0.000000000166243
-0.000000000208995
-0.000000000262425
-0.000000000329118
-0.000000000412267
-0.000000000515803
-0.000000000644565
-0.000000000804501
-0.000000001002914
-0.000000001248757
-0.000000001552990
-0.000000001929018
-0.000000002393207
-0.000000002965516
-0.000000003670253
-0.000000004536986
-0.000000005601626
-0.000000006907740
-0.000000008508100
-0.000000010466556
-0.000000012860248
-0.000000015782247
-0.000000019344702
-0.000000023682563
-0.000000028957993
-0.000000035365600
-0.000000043138607
-0.000000052556131
-0.000000063951766
-0.000000077723661
-0.000000094346365
-0.000000114384712
-0.000000138510069
-0.000000167519323
-0.000000202357042
-0.000000244141283
-0.000000294193618
-0.000000354073990
-0.000000425621125
-0.000000510999310
-0.000000612752436
-0.000000733866348
-0.000000877840650
-0.000001048771249
-0.000001251445115
-0.000001491448834
-0.000001775292785
-0.000002110552926
-0.000002506032391
-0.000002971945357
-0.000003520125872
-0.000004164264577
-0.000004920176593
-0.000005806104083
-0.000006843057345
-0.000008055198615
-0.000009470273084
-0.000011120091999
-0.000013041073070
-0.000015274843744
-0.000017868913303
-0.000020877420069
-0.000024361960356
-0.000028392506114
-0.000033048418552
-0.000038419565230
-0.000044607548392
-0.000051727052442
-0.000059907318570
-0.000069293754550
-0.000080049687683
-0.000092358268622
-0.000106424533547
-0.000122477631678
-0.000140773224493
-0.000161596062221
-0.000185262742172
-0.000212124652242
-0.000242571101446
-0.000277032637627
-0.000315984550456
-0.000359950555534
-0.000409506652766
-0.000465285149250
-0.000527978833585
-0.000598345284867
-0.000677211295637
-0.000765477383641
-0.000864122362600
-0.000974207937046
-0.001096883280950
-0.001233389554131
-0.001385064304489
-0.001553345697892
-0.001739776511184
-0.001946007817276
-0.002173802284735
-0.002425037007775
-0.002701705776165
-0.003005920688388
-0.003339913005574
-0.003706033138364
-0.004106749654076
-0.004544647187539
-0.005022423135824
-0.005542883014970
-0.006108934356001
-0.006723579017943
-0.007389903797648
-0.008111069219965
-0.008890296397412
-0.009730851856143
-0.010636030234821
-0.011609134775081
-0.012653455536801
-0.013772245288344
-0.014968693041513
-0.016245895223058
-0.017606824499272
-0.019054296297478
-0.020590933097877
-0.022219126601259
-0.023940997912290
-0.025758355914152
-0.027672654048124
-0.029684945750775
-0.031795838841448
-0.034005449193310
-0.036313354061736
-0.038718545483896
-0.041219384202309
-0.043813554602372
-0.046498021188688
-0.049268987156781
-0.052121855644790
-0.055051194273208
-0.058050703599021
-0.061113190122981
-0.064230544494504
-0.067393725557167
-0.070592750868515
-0.073816694310041
-0.077053691376745
-0.080290952699763
-0.083514786310320
-0.086710629098249
-0.089863087853726
-0.092955990206618
-0.095972445694314
-0.098894917096505
-0.101705302074533
-0.104385025044572
-0.106915139098735
-0.109276437667411
-0.111449575490824
-0.113415198339359
-0.115154080792170
-0.116647271253385
-0.117876243256803
-0.118823051984936
-0.119470494808521
-0.119802274540087
-0.119803163991736
-0.119459170334762
-0.118757697679093
-0.117687706225334
-0.116239866293221
-0.114406705499011
-0.112182747341930
-0.109564639467642
-0.106551269905398
-0.103143869625902
-0.099346099839230
-0.095164122546492
-0.090606652974987
-0.085684992663840
-0.080413042124717
-0.074807292178695
-0.068886793264501
-0.062673102223044
-0.056190206286331
-0.049464424233166
-0.042524284916713
-0.035400383617213
-0.028125216923866
-0.020732997099928
-0.013259447131136
-0.005741577896407
0.001782550871979
0.009274083957036
0.016693636275346
0.024001568488058
0.031158270192718
0.038124448154167
0.044861416930225
0.051331389174569
0.057497762856586
0.063325402627134
0.068780912580682
0.073832897718508
0.078452211504172
0.082612187020692
0.086288849387572
0.089461107273451
0.092110921544625
0.094223449318663
0.095787161942980
0.096793935687445
0.097239114224597
0.097121542267067
0.096443570035738
0.095211028540067
0.093433175959855
0.091122615721721
0.088295187159711
0.084969829934002
0.081168423651144
0.076915604380125
0.072238559987914
0.067166806423084
0.061731947254352
0.055967418920347
0.049908224266142
0.043590657029756
0.037052019997444
0.030330339569777
0.023464079471571
0.016491856298272
0.009452159520516
0.002383078468814
-0.004677961306562
-0.011694450057200
-0.018631032170494
-0.025453728940581
-0.032130144111479
-0.038629650751781
-0.044923558254880
-0.050985258500450
-0.056790350458551
-0.062316742764122
-0.067544734033506
-0.072457070933125
-0.077038984240648
-0.081278203358339
-0.085164949944372
-0.088691911518689
-0.091854196073538
-0.094649268873854
-0.097076872767662
-0.099138933441086
-0.100839451145612
-0.102184380496797
-0.103181499993739
-0.103840272937550
-0.104171701435651
-0.104188175167541
-0.103903316558125
-0.103331823957835
-0.102489314366219
-0.101392167158938
-0.100057370188957
-0.098502369532924
-0.096744924045026
-0.094802965765117
-0.092694467107060
-0.090437315629223
-0.088049197063357
-0.085547487152512
-0.082949152724577
-0.080270662307156
-0.077527906472806
-0.074736127992592
-0.071909861771325
-0.069062884440600
-0.066208173396596
-0.063357874989060
-0.060523281496291
-0.057714816458637
-0.054942027889974
-0.052213588842950
-0.049537304769155
-0.046920127089715
-0.044368172374537
-0.041886746519334
-0.039480373307906
-0.037152826752472
-0.034907166616537
-0.032745776542036
-0.030670404224810
-0.028682203109068
-0.026781775101624
-0.024969213839831
-0.023244148082487
-0.021605784829985
-0.020052951818017
-0.018584139067656
-0.017197539213130
-0.015891086366601
-0.014662493316337
-0.013509286890482
-0.012428841352866
-0.011418409729654
-0.010475152995999
-0.009596167079932
-0.008778507666512
-0.008019212808601
-0.007315323371533
-0.006663901357404
-0.006062046170746
-0.005506908901011
-0.004995704708705
-0.004525723411257
-0.004094338371887
-0.003699013800017
-0.003337310575336
-0.003006890709466
-0.002705520559723
-0.002431072908582
-0.002181528020509
-0.001954973784874
-0.001749605049875
-0.001563722247934
-0.001395729407992
-0.001244131644683
-0.001107532208594
-0.000984629175817
-0.000874211848945
-0.000775156935535
-0.000686424563975
-0.000607054190780
-0.000536160447548
-0.000472928970234
-0.000416612248134
-0.000366525524918
-0.000322042779354
-0.000282592808997
-0.000247655436021
-0.000216757850697
-0.000189471104593
-0.000165406762555
-0.000144213719756
-0.000125575187688
-0.000109205850842
-0.000094849193956
-0.000082274998108
-0.000071277002610
-0.000061670728487
-0.000053291458445
-0.000045992367466
-0.000039642797619
-0.000034126670242
-0.000029341028391
-0.000025194702253
-0.000021607090180
-0.000018507048016
-0.000015831879463
-0.000013526420426
-0.000011542210444
-0.000009836744592
-0.000008372799492
-0.000007117827383
-0.000006043412526
-0.000005124784517
-0.000004340383441
-0.000003671472128
-0.000003101791061
-0.000002617251869
-0.000002205665590
-0.000001856502231
-0.000001560678393
-0.000001310370064
-0.000001098847865
-0.000000920332343
-0.000000769867084
-0.000000643207650
-0.000000536724545
-0.000000447318577
-0.000000372347156
-0.000000309560242
-0.000000257044749
-0.000000213176388
-0.000000176578022
-0.000000146083697
-0.000000120707645
-0.000000099617601
-0.000000082111882
-0.000000067599722
-0.000000055584425
-0.000000045648969
-0.000000037443704
-0.000000030675872
-0.000000025100690
-0.000000020513761
-0.000000016744653
-0.000000013651443
-0.000000011116108
-0.000000009040638
-0.000000007343748
-0.000000005958118
-0.000000004828068
-0.000000003907607
-0.000000003158799
-0.000000002550390
-0.000000002056673
-0.000000001656526
-0.000000001332618
-0.000000001070750
-0.000000000859301
-0.000000000688775
-0.000000000551423
-0.000000000440929
-0.000000000352151
-0.000000000280908
-0.000000000223808
-0.000000000178099
-0.000000000141556
-0.000000000112375
-0.000000000089103
-0.000000000070564
-0.000000000055816
-0.000000000044097
-0.000000000034797
-0.000000000027425
-0.000000000021589
-0.000000000016974
-0.000000000013330
-0.000000000010456
-0.000000000008192
-0.000000000006410
-0.000000000005010
-0.000000000003910
-0.000000000003049
-0.000000000002375
-0.000000000001847
-0.000000000001435
-0.000000000001113
-0.000000000000863
-0.000000000000668
-0.000000000000517
-0.000000000000399
-0.000000000000308
-0.000000000000237
-0.000000000000182
-0.000000000000140
-0.000000000000108
-0.000000000000082
-0.000000000000063
-0.000000000000049
-0.000000000000037
-0.000000000000028
-0.000000000000021
-0.000000000000016
-0.000000000000013
-0.000000000000009
-0.000000000000007
-0.000000000000006
-0.000000000000004
-0.000000000000003
-0.000000000000002
-0.000000000000002
-0.000000000000001
-0.000000000000001
-0.000000000000001
-0.000000000000000
-0.000000000000001
-0.000000000000000
-0.000000000000000
-0.000000000000000
0.000000000000000
-0.000000000000000
-0.000000000000000
-0.000000000000000
-0.000000000000000
0.000000000000000
-0.000000000000000
-0.000000000000000
-0.000000000000000
0.000000000000000
0.000000000000000
0.000000000000000
-0.000000000000000
0.000000000000000
0.000000000000000
0.000000000000000
-0.000000000000000
-0.000000000000000
-0.000000000000000
0.000000000000000
-0.000000000000000
0.000000000000000
-0.000000000000000
-0.000000000000000
-0.000000000000000
0.000000000000000
0.000000000000000
-0.000000000000001
0.000000000000000
0.000000000000000
-0.000000000000000
0.000000000000000
0.000000000000000
-0.000000000000000
-0.000000000000000
0.000000000000000
0.000000000000000
-0.000000000000000
-0.000000000000000
0.000000000000000
0.000000000000000
0.000000000000000
-0.000000000000000
-0.000000000000000
0.000000000000000
-0.000000000000000
-0.000000000000000
0.000000000000000
0.000000000000000
0.000000000000000
-0.000000000000000
-0.000000000000000
0.000000000000001
0.000000000000000
-0.000000000000000
-0.000000000000000
0.000000000000000
-0.000000000000000
0.000000000000000
-0.000000000000000
0.000000000000000
0.000000000000000
-0.000000000000000
0.000000000000000
-0.000000000000000
-0.000000000000000
0.000000000000000
-0.000000000000000
0.000000000000000
-0.000000000000000
0.000000000000000
-0.000000000000000
-0.000000000000000
0.000000000000000
-0.000000000000000
0.000000000000000
-0.000000000000000
-0.000000000000000
0.000000000000000
0.000000000000000
-0.000000000000000
-0.000000000000000
-0.000000000000000
0.000000000000000
0.000000000000000
-0.000000000000000
-0.000000000000000
0.000000000000000
0.000000000000000
-0.000000000000000
0.000000000000000
-0.000000000000000
-0.000000000000000
0.000000000000000
-0.000000000000000
-0.000000000000000
-0.000000000000000
0.000000000000000
0.000000000000000
-0.000000000000000
-0.000000000000000
-0.000000000000000
-0.000000000000000
0.000000000000000
-0.000000000000000
-0.000000000000000
-0.000000000000000
0.000000000000001
-0.000000000000000
-0.000000000000000
0.000000000000000
-0.000000000000000
0.000000000000000
0.000000000000000
-0.000000000000000
0.000000000000000
0.000000000000000
-0.000000000000000
-0.000000000000000
0.000000000000000
-0.000000000000000
-0.000000000000000
0.000000000000000
0.000000000000000
-0.000000000000001
0.000000000000000
0.000000000000000
-0.000000000000000
-0.000000000000000
0.000000000000000
-0.000000000000000
-0.000000000000000
0.000000000000000
-0.000000000000000
0.000000000000000
-0.000000000000000
0.000000000000000
0.000000000000000
-0.000000000000000
-0.000000000000000
-0.000000000000000
0.000000000000001
-0.000000000000000
-0.000000000000000
0.000000000000000
0.000000000000000
0.000000000000000
-0.000000000000001
0.000000000000000
0.000000000000000
-0.000000000000000
0.000000000000000
0.000000000000000
-0.000000000000001
-0.000000000000000
0.000000000000001
0.000000000000000
-0.000000000000000
-0.000000000000000
0.000000000000000
0.000000000000001
-0.000000000000000
-0.000000000000001
0.000000000000001
0.000000000000000
-0.000000000000000
0.000000000000000
-0.000000000000000
0.000000000000000
0.000000000000000
-0.000000000000000
-0.000000000000000
0.000000000000000
0.000000000000000
0.000000000000000
-0.000000000000000
-0.000000000000000
0.000000000000000
0.000000000000000
-0.000000000000000
-0.000000000000000
0.000000000000000
-0.000000000000000
0.000000000000000
0.000000000000000
0.000000000000000
-0.000000000000000
-0.000000000000000
0.000000000000000
0.000000000000000
-0.000000000000000
-0.000000000000001
0.000000000000000
0.000000000000000
0.000000000000000
-0.000000000000000
-0.000000000000000
-0.000000000000000
0.000000000000000
0.000000000000000
0.000000000000000
-0.000000000000000
-0.000000000000000
0.000000000000000
0.000000000000000
0.000000000000000
-0.000000000000000
-0.000000000000000
0.000000000000000
0.000000000000000
0.000000000000000
0.000000000000000
-0.000000000000000
0.000000000000000
0.000000000000000
-0.000000000000000
-0.000000000000000
-0.000000000000000
0.000000000000000
0.000000000000000
-0.000000000000000
0.000000000000000
0.000000000000000
0.000000000000000
-0.000000000000000
-0.000000000000000
0.000000000000000
-0.000000000000000
-0.000000000000000
0.000000000000000
-0.000000000000000
0.000000000000000
0.000000000000000
0.000000000000000
-0.000000000000000
0.000000000000000
0.000000000000000
-0.000000000000000
0.000000000000000
-0.000000000000001
0.000000000000001
-0.000000000000000
0.000000000000000
-0.000000000000000
-0.000000000000000
0.000000000000001
-0.000000000000001
-0.000000000000000
0.000000000000000
-0.000000000000000
-0.000000000000000
0.000000000000001
-0.000000000000000
-0.000000000000000
0.000000000000000
-0.000000000000000
0.000000000000000
-0.000000000000000
-0.000000000000000
0.000000000000000
0.000000000000000
-0.000000000000001
-0.000000000000000
-0.000000000000000
0.000000000000001
-0.000000000000001
0.000000000000000
-0.000000000000000
0.000000000000000
-0.000000000000000
-0.000000000000000
0.000000000000000
-0.000000000000000
0.000000000000000
-0.000000000000000
0.000000000000000
-0.000000000000000
-0.000000000000000
0.000000000000000
-0.000000000000000
0.000000000000000
-0.000000000000001
-0.000000000000000
0.000000000000001
-0.000000000000000
-0.000000000000001
0.000000000000000
0.000000000000001
0.000000000000000
-0.000000000000001
0.000000000000001
0.000000000000000
-0.000000000000001
0.000000000000001
-0.000000000000001
0.000000000000000
0.000000000000000
0.000000000000000
-0.000000000000001
-0.000000000000000
0.000000000000001
0.000000000000000
-0.000000000000001
0.000000000000000
0.000000000000000
0.000000000000000
-0.000000000000001
-0.000000000000000
0.000000000000001
-0.000000000000000
-0.000000000000001
0.000000000000001
0.000000000000000
-0.000000000000001
0.000000000000000
0.000000000000000
-0.000000000000000
-0.000000000000001
0.000000000000001
-0.000000000000000
0.000000000000000
-0.000000000000000
