0.000018995752609
0.000038684384737
0.000057920390366
0.000076753564945
0.000095307934340
0.000113704286189
0.000132055961424
0.000150469656165
0.000169046450165
0.000187882742195
0.000207071084616
0.000226700929267
0.000246859296374
0.000267631376681
0.000289101075564
0.000311351506703
0.000334465441865
0.000358525722444
0.000383615637659
0.000409819273665
0.000437221837233
0.000465909957202
0.000495971966451
0.000527498166800
0.000560581078874
0.000595315678751
0.000631799622898
0.000670133462727
0.000710420849889
0.000752768733250
0.000797287548371
0.000844091400115
0.000893298238962
0.000945030031436
0.000999412924992
0.001056577407589
0.001116658462117
0.001179795715767
0.001246133584346
0.001315821411492
0.001389013602688
0.001465869753892
0.001546554774589
0.001631239004972
0.001720098326968
0.001813314268724
0.001911074102183
0.002013570933290
0.002121003784367
0.002233577668137
0.002351503652860
0.002474998917999
0.002604286799803
0.002739596826180
0.002881164740184
0.003029232511425
0.003184048334688
0.003345866615019
0.003514947938513
0.003691559028025
0.003875972683008
0.004068467702651
0.004269328791513
0.004478846446774
0.004697316826294
0.004925041596597
0.005162327759931
0.005409487459539
0.005666837762284
0.005934700417772
0.006213401593118
0.006503271582533
0.006804644490893
0.007117857890504
0.007443252450261
0.007781171536464
0.008131960784550
0.008495967641056
0.008873540875161
0.009265030059184
0.009670785017493
0.010091155243294
0.010526489282861
0.010977134086803
0.011443434328047
0.011925731686283
0.012424364098691
0.012939664976852
0.013471962389840
0.014021578213576
0.014588827246620
0.015174016292687
0.015777443210284
0.016399395929953
0.017040151439759
0.017699974739754
0.018379117766285
0.019077818287145
0.019796298768703
0.020534765216288
0.021293405989230
0.022072390592138
0.022871868444112
0.023691967627749
0.024532793619982
0.025394428006899
0.026276927184891
0.027180321050616
0.028104611682430
0.029049772016096
0.030015744517745
0.031002439857212
0.032009735585048
0.033037474816632
0.034085464926996
0.035153476260094
0.036241240856408
0.037348451202920
0.038474759009608
0.039619774016768
0.040783062837550
0.041964147840267
0.043162506075061
0.044377568249695
0.045608717759250
0.046855289774615
0.048116570394727
0.049391795867534
0.050680151884730
0.051980772955304
0.053292741862971
0.054615089212523
0.055946793070145
0.057286778702677
0.058633918420739
0.059987031530591
0.061344884399467
0.062706190639034
0.064069611411485
0.065433755862611
0.066797181686049
0.068158395822672
0.069515855298905
0.070867968207493
0.072213094833998
0.073549548932015
0.074875599149817
0.076189470610779
0.077489346649644
0.078773370706278
0.080039648378212
0.081286249632862
0.082511211179889
0.083712539003729
0.084888211055874
0.086036180105998
0.087154376750542
0.088240712576880
0.089293083480652
0.090309373133343
0.091287456596640
0.092225204079550
0.093120484833719
0.093971171181816
0.094775142673305
0.095530290361332
0.096234521193914
0.096885762512033
0.097481966646696
0.098021115606434
0.098501225846212
0.098920353108124
0.099276597323778
0.099568107567727
0.099793087050818
0.099949798141851
0.100036567405498
0.100051790643980
0.099993937929613
0.099861558614931
0.099653286306788
0.099367843790472
0.099004047889637
0.098560814247571
0.098037162015142
0.097432218430583
0.096745223276169
0.095975533196748
0.095122625865049
0.094186103978747
0.093165699074259
0.092061275142434
0.090872832031402
0.089600508622097
0.088244585762233
0.086805488944819
0.085283790717690
0.083680212810952
0.081995627969714
0.080231061480028
0.078387692376536
0.076466854320968
0.074470036141306
0.072398882022218
0.070255191338088
0.068040918120863
0.065758170155791
0.063409207699055
0.060996441812275
0.058522432309866
0.055989885316257
0.053401650431089
0.050760717501581
0.048070213002406
0.045333396024574
0.042553653876000
0.039734497297619
0.036879555300127
0.033992569627648
0.031077388855838
0.028137962133166
0.025178332575334
0.022202630324002
0.019215065282186
0.016219919539883
0.013221539504634
0.010224327752863
0.007232734618952
0.004251249540077
0.001284392175837
-0.001663296677265
-0.004587264355515
-0.007482955760009
-0.010345822928265
-0.013171334722006
-0.015954986606885
-0.018692310499376
-0.021378884655414
-0.024010343574905
-0.026582387895808
-0.029090794251111
-0.031531425061826
-0.033900238238887
-0.036193296766787
-0.038406778141765
-0.040536983637450
-0.042580347371025
-0.044533445143261
-0.046393003026102
-0.048155905671926
-0.049819204319166
-0.051380124469543
-0.052836073212933
-0.054184646176637
-0.055423634076707
-0.056551028849978
-0.057565029346436
-0.058464046562722
-0.059246708398728
-0.059911863920511
-0.060458587114076
-0.060886180115967
-0.061194175908054
-0.061382340465391
-0.061450674347568
-0.061399413725595
-0.061229030837946
-0.060940233871073
-0.060533966261394
-0.060011405417440
-0.059373960862599
-0.058623271800618
-0.057761204107733
-0.056789846757092
-0.055711507682772
-0.054528709092491
-0.053244182239735
-0.051860861667701
-0.050381878939102
-0.048810555867424
-0.047150397266808
-0.045405083239190
-0.043578461018782
-0.041674536395339
-0.039697464738969
-0.037651541650461
-0.035541193262308
-0.033370966216599
-0.031145517347053
-0.028869603093255
-0.026548068676086
-0.024185837063964
-0.021787897760183
-0.019359295442170
-0.016905118483862
-0.014430487392766
-0.011940543193461
-0.009440435789424
-0.006935312335067
-0.004430305649765
-0.001930522705495
0.000558966780656
0.003033141618198
0.005487040248791
0.007915771655864
0.010314526049205
0.012678585296231
0.015003333072527
0.017284264705195
0.019516996683612
0.021697275813326
0.023820987990005
0.025884166571635
0.027883000328487
0.029813840951790
0.031673210103440
0.033457805990646
0.035164509450880
0.036790389534128
0.038332708571007
0.039788926716976
0.041156705964503
0.042433913616719
0.043618625217756
0.044709126936671
0.045703917403481
0.046601708997535
0.047401428590064
0.048102217744391
0.048703432378868
0.049204641899162
0.049605627808057
0.049906381802388
0.050107103368189
0.050208196886489
0.050210268263540
0.050114121100492
0.049920752418763
0.049631347958461
0.049247277068278
0.048770087206263
0.048201498071805
0.047543395389949
0.046797824369972
0.045966982860760
0.045053214226163
0.044058999963950
0.042986952092455
0.041839805329307
0.040620409086882
0.039331719309286
0.037976790175756
0.036558765695360
0.035080871217787
0.033546404884849
0.031958729047090
0.030321261669576
0.028637467750519
0.026910850775968
0.025144944233245
0.023343303205218
0.021509496066846
0.019647096304718
0.017759674479549
0.015850790350768
0.013923985181480
0.011982774241171
0.010030639522584
0.008071022688221
0.006107318260913
0.004142867071862
0.002180949978506
0.000224781863501
-0.001722494075008
-0.003657811732711
-0.005578187200068
-0.007480723547951
-0.009362615292202
-0.011221152532406
-0.013053724761252
-0.014857824341931
-0.016631049652073
-0.018371107893751
-0.020075817570074
-0.021743110629908
-0.023371034283164
-0.024957752490060
-0.026501547128602
-0.028000818845415
-0.029454087595840
-0.030859992879989
-0.032217293682166
-0.033524868121758
-0.034781712824339
-0.035986942022288
-0.037139786394814
-0.038239591657742
-0.039285816913886
-0.040278032775211
-0.041215919268376
-0.042099263535517
-0.042927957342420
-0.043701994406424
-0.044421467556563
-0.045086565738589
-0.045697570877579
-0.046254854610858
-0.046758874903979
-0.047210172562428
-0.047609367651642
-0.047957155837810
-0.048254304661727
-0.048501649757825
-0.048700091030220
-0.048850588797394
-0.048954159916810
-0.049011873900466
-0.049024849032026
-0.048994248495822
-0.048921276527630
-0.048807174596703
-0.048653217628152
-0.048460710274309
-0.048230983243251
-0.047965389692252
-0.047665301693392
-0.047332106778148
-0.046967204567265
-0.046572003491754
-0.046147917610374
-0.045696363528454
-0.045218757422483
-0.044716512174354
-0.044191034618737
-0.043643722906571
-0.043075963987197
-0.042489131211240
-0.041884582055887
-0.041263655973801
-0.040627672366503
-0.039977928682642
-0.039315698641213
-0.038642230579406
-0.037958745924413
-0.037266437788205
-0.036566469683957
-0.035859974362500
-0.035148052766919
-0.034431773103124
-0.033712170023991
-0.032990243924439
-0.032266960344610
-0.031543249478097
-0.030820005782037
-0.030098087685680
-0.029378317393961
-0.028661480782423
-0.027948327379789
-0.027239570434355
-0.026535887060327
-0.025837918460153
-0.025146270218878
-0.024461512666502
-0.023784181304333
-0.023114777291307
-0.022453767986266
-0.021801587542229
-0.021158637548689
-0.020525287718068
-0.019901876612464
-0.019288712406944
-0.018686073685672
-0.018094210267268
-0.017513344055876
-0.016943669914522
-0.016385356557442
-0.015838547458168
-0.015303361770282
-0.014779895257861
-0.014268221232754
-0.013768391495954
-0.013280437280477
-0.012804370193247
-0.012340183153668
-0.011887851326633
-0.011447333047909
-0.011018570739928
-0.010601491816162
-0.010196009572373
-0.009802024063181
-0.009419422962484
-0.009048082406416
-0.008687867817644
-0.008338634709899
-0.008000229471789
-0.007672490129014
-0.007355247084247
-0.007048323834022
-0.006751537662090
-0.006464700308776
-0.006187618616004
-0.005920095147692
-0.005661928785359
-0.005412915298817
-0.005172847891933
-0.004941517723499
-0.004718714403325
-0.004504226463714
-0.004297841806579
-0.004099348126465
-0.003908533309823
-0.003725185810923
-0.003549095004836
-0.003380051517945
-0.003217847536494
-0.003062277093701
-0.002913136336006
-0.002770223769035
-0.002633340483880
-0.002502290364340
-0.002376880275734
-0.002256920235973
-0.002142223569522
-0.002032607044936
-0.001927890996641
-0.001827899431637
-0.001732460121782
-0.001641404682351
-0.001554568637522
-0.001471791473451
-0.001392916679605
-0.001317791778975
-0.001246268347816
-0.001178202025543
-0.001113452515372
-0.001051883576317
-0.000993363007122
-0.000937762622682
-0.000884958223507
-0.000834829558774
-0.000787260283445
-0.000742137909988
-0.000699353755147
-0.000658802882237
-0.000620384039393
-0.000583999594210
-0.000549555465154
-0.000516961050154
-0.000486129152721
-0.000456975905949
-0.000429420694725
-0.000403386076467
-0.000378797700673
-0.000355584227561
-0.000333677246062
-0.000313011191406
-0.000293523262535
-0.000275153339541
-0.000257843901340
-0.000241539943752
-0.000226188898162
-0.000211740550915
-0.000198146963580
-0.000185362394218
-0.000173343219769
-0.000162047859659
-0.000151436700724
-0.000141472023533
-0.000132117930186
-0.000123340273641
-0.000115106588646
-0.000107386024295
-0.000100149278269
-0.000093368532786
-0.000087017392279
-0.000081070822822
-0.000075505093328
-0.000070297718506
-0.000065427403587
-0.000060873990824
-0.000056618407732
-0.000052642617094
-0.000048929568669
-0.000045463152631
-0.000042228154683
-0.000039210212826
-0.000036395775770
-0.000033772062948
-0.000031327026086
-0.000029049312326
-0.000026928228846
-0.000024953708935
-0.000023116279512
-0.000021407030025
-0.000019817582704
-0.000018340064125
-0.000016967078051
-0.000015691679497
-0.000014507350003
-0.000013407974043
-0.000012387816563
-0.000011441501582
-0.000010563991845
-0.000009750569457
-0.000008996817485
-0.000008298602489
-0.000007652057926
-0.000007053568425
-0.000006499754855
-0.000005987460189
-0.000005513736118
-0.000005075830371
-0.000004671174729
-0.000004297373687
-0.000003952193744
-0.000003633553287
-0.000003339513037
-0.000003068267045
-0.000002818134195
-0.000002587550199
-0.000002375060053
-0.000002179310941
-0.000001999045553
-0.000001833095806
-0.000001680376933
-0.000001539881939
-0.000001410676385
-0.000001291893504
-0.000001182729608
-0.000001082439787
-0.000000990333880
-0.000000905772694
-0.000000828164467
-0.000000756961567
-0.000000691657383
-0.000000631783438
-0.000000576906686
-0.000000526626978
-0.000000480574709
-0.000000438408609
-0.000000399813700
-0.000000364499368
-0.000000332197590
-0.000000302661262
-0.000000275662659
-0.000000250991988
-0.000000228456050
-0.000000207876996
-0.000000189091163
-0.000000171948005
-0.000000156309088
-0.000000142047162
-0.000000129045306
-0.000000117196124
-0.000000106401007
-0.000000096569449
-0.000000087618407
-0.000000079471720
-0.000000072059558
-0.000000065317922
-0.000000059188180
-0.000000053616630
-0.000000048554112
-0.000000043955636
-0.000000039780041
-0.000000035989684
-0.000000032550157
-0.000000029430011
-0.000000026600518
-0.000000024035446
-0.000000021710845
-0.000000019604862
-0.000000017697561
-0.000000015970764
-0.000000014407900
-0.000000012993867
-0.000000011714910
-0.000000010558503
-0.000000009513244
-0.000000008568758
-0.000000007715609
-0.000000006945213
-0.000000006249771
-0.000000005622193
-0.000000005056042
-0.000000004545471
-0.000000004085172
-0.000000003670331
-0.000000003296581
-0.000000002959958
-0.000000002656874
-0.000000002384075
-0.000000002138614
-0.000000001917824
-0.000000001719288
-0.000000001540822
-0.000000001380448
-0.000000001236379
-0.000000001106998
-0.000000000990846
-0.000000000886603
-0.000000000793080
-0.000000000709200
-0.000000000633992
-0.000000000566583
-0.000000000506183
-0.000000000452080
-0.000000000403634
-0.000000000360268
-0.000000000321460
-0.000000000286743
-0.000000000255695
-0.000000000227938
-0.000000000203132
-0.000000000180968
-0.000000000161172
-0.000000000143497
-0.000000000127721
-0.000000000113643
-0.000000000101086
-0.000000000089888
-0.000000000079906
-0.000000000071011
-0.000000000063086
-0.000000000056028
-0.000000000049744
-0.000000000044150
-0.000000000039175
-0.000000000034749
-0.000000000030814
-0.000000000027315
-0.000000000024206
-0.000000000021445
-0.000000000018992
-0.000000000016815
-0.000000000014883
-0.000000000013169
-0.000000000011649
-0.000000000010300
-0.000000000009106
-0.000000000008047
-0.000000000007109
-0.000000000006278
-0.000000000005543
-0.000000000004893
-0.000000000004317
-0.000000000003808
-0.000000000003358
-0.000000000002961
-0.000000000002609
-0.000000000002298
-0.000000000002024
-0.000000000001782
-0.000000000001569
-0.000000000001380
-0.000000000001215
-0.000000000001068
-0.000000000000939
-0.000000000000825
-0.000000000000724
-0.000000000000636
-0.000000000000559
-0.000000000000491
-0.000000000000431
-0.000000000000378
-0.000000000000331
-0.000000000000290
-0.000000000000254
-0.000000000000223
-0.000000000000196
-0.000000000000171
-0.000000000000149
-0.000000000000131
-0.000000000000115
-0.000000000000100
-0.000000000000087
-0.000000000000077
-0.000000000000067
-0.000000000000058
-0.000000000000051
-0.000000000000044
-0.000000000000039
-0.000000000000034
-0.000000000000030
-0.000000000000026
-0.000000000000023
-0.000000000000020
-0.000000000000017
-0.000000000000015
-0.000000000000013
-0.000000000000012
-0.000000000000010
-0.000000000000008
-0.000000000000007
-0.000000000000006
-0.000000000000006
-0.000000000000005
-0.000000000000004
-0.000000000000003
-0.000000000000003
-0.000000000000003
-0.000000000000003
-0.000000000000002
-0.000000000000002
-0.000000000000001
-0.000000000000001
-0.000000000000001
-0.000000000000001
-0.000000000000001
-0.000000000000001
-0.000000000000001
-0.000000000000001
-0.000000000000001
-0.000000000000000
-0.000000000000000
-0.000000000000000
-0.000000000000000
-0.000000000000000
-0.000000000000001
-0.000000000000000
-0.000000000000000
0.000000000000000
0.000000000000000
-0.000000000000000
-0.000000000000000
-0.000000000000000
0.000000000000000
0.000000000000000
0.000000000000000
-0.000000000000000
-0.000000000000000
0.000000000000000
-0.000000000000000
-0.000000000000000
-0.000000000000000
0.000000000000000
0.000000000000000
0.000000000000000
-0.000000000000000
-0.000000000000000
0.000000000000000
0.000000000000000
0.000000000000000
-0.000000000000000
-0.000000000000000
0.000000000000000
-0.000000000000000
-0.000000000000000
-0.000000000000000
-0.000000000000000
-0.000000000000000
0.000000000000000
0.000000000000001
0.000000000000000
-0.000000000000000
-0.000000000000000
0.000000000000000
0.000000000000000
-0.000000000000000
0.000000000000000
0.000000000000000
-0.000000000000000
-0.000000000000000
-0.000000000000000
-0.000000000000000
-0.000000000000000
0.000000000000000
0.000000000000000
0.000000000000000
-0.000000000000000
-0.000000000000000
0.000000000000000
-0.000000000000000
0.000000000000000
0.000000000000000
-0.000000000000000
-0.000000000000000
-0.000000000000000
-0.000000000000000
0.000000000000000
0.000000000000000
0.000000000000000
-0.000000000000000
-0.000000000000000
0.000000000000000
-0.000000000000000
0.000000000000000
0.000000000000000
0.000000000000001
-0.000000000000001
-0.000000000000001
0.000000000000000
0.000000000000000
0.000000000000000
-0.000000000000001
-0.000000000000000
0.000000000000000
0.000000000000000
-0.000000000000000
0.000000000000000
-0.000000000000000
-0.000000000000000
-0.000000000000000
0.000000000000000
0.000000000000000
0.000000000000000
-0.000000000000000
0.000000000000000
-0.000000000000000
-0.000000000000000
-0.000000000000000
-0.000000000000000
0.000000000000000
0.000000000000000
0.000000000000000
-0.000000000000000
-0.000000000000000
0.000000000000000
-0.000000000000000
-0.000000000000000
0.000000000000000
-0.000000000000000
0.000000000000001
-0.000000000000000
0.000000000000000
-0.000000000000000
0.000000000000000
0.000000000000000
0.000000000000000
0.000000000000000
-0.000000000000000
-0.000000000000000
0.000000000000000
0.000000000000000
0.000000000000000
0.000000000000000
0.000000000000000
-0.000000000000000
-0.000000000000000
-0.000000000000000
0.000000000000000
0.000000000000000
0.000000000000000
0.000000000000000
-0.000000000000000
-0.000000000000000
0.000000000000000
-0.000000000000000
-0.000000000000000
-0.000000000000000
0.000000000000000
-0.000000000000000
0.000000000000000
-0.000000000000000
0.000000000000000
-0.000000000000000
-0.000000000000001
0.000000000000000
0.000000000000000
0.000000000000000
0.000000000000000
-0.000000000000000
0.000000000000000
0.000000000000000
-0.000000000000001
0.000000000000000
0.000000000000000
0.000000000000000
-0.000000000000000
0.000000000000000
-0.000000000000000
0.000000000000000
0.000000000000000
0.000000000000000
-0.000000000000001
-0.000000000000000
0.000000000000000
0.000000000000000
0.000000000000001
0.000000000000000
-0.000000000000001
-0.000000000000001
-0.000000000000000
0.000000000000001
0.000000000000000
-0.000000000000000
-0.000000000000000
0.000000000000000
-0.000000000000000
-0.000000000000000
0.000000000000000
0.000000000000000
-0.000000000000000
-0.000000000000000
0.000000000000000
0.000000000000000
0.000000000000000
-0.000000000000000
0.000000000000000
-0.000000000000000
-0.000000000000000
0.000000000000000
0.000000000000000
0.000000000000000
0.000000000000000
-0.000000000000000
-0.000000000000001
0.000000000000000
0.000000000000000
-0.000000000000000
0.000000000000000
-0.000000000000000
0.000000000000000
-0.000000000000000
-0.000000000000000
-0.000000000000000
0.000000000000000
-0.000000000000000
-0.000000000000000
0.000000000000000
0.000000000000000
-0.000000000000001
-0.000000000000000
0.000000000000000
-0.000000000000000
-0.000000000000000
0.000000000000000
0.000000000000000
-0.000000000000000
-0.000000000000000
-0.000000000000000
0.000000000000000
0.000000000000000
-0.000000000000000
0.000000000000000
-0.000000000000000
-0.000000000000000
-0.000000000000000
0.000000000000000
-0.000000000000000
-0.000000000000000
0.000000000000000
0.000000000000001
-0.000000000000000
-0.000000000000001
-0.000000000000000
0.000000000000000
-0.000000000000000
0.000000000000000
0.000000000000000
-0.000000000000001
-0.000000000000000
0.000000000000000
-0.000000000000000
0.000000000000000
-0.000000000000000
0.000000000000001
-0.000000000000000
-0.000000000000000
0.000000000000000
0.000000000000001
-0.000000000000000
-0.000000000000001
0.000000000000000
0.000000000000001
0.000000000000000
0.000000000000000
-0.000000000000000
-0.000000000000000
-0.000000000000000
0.000000000000000
0.000000000000000
0.000000000000000
0.000000000000000
-0.000000000000000
0.000000000000000
-0.000000000000000
0.000000000000000
-0.000000000000000
0.000000000000000
-0.000000000000000
0.000000000000000
-0.000000000000001
0.000000000000000
0.000000000000000
-0.000000000000000
-0.000000000000000
-0.000000000000000
-0.000000000000001
-0.000000000000000
0.000000000000001
0.000000000000000
-0.000000000000000
-0.000000000000000
0.000000000000000
0.000000000000000
-0.000000000000001
-0.000000000000000
0.000000000000000
0.000000000000000
-0.000000000000000
0.000000000000000
-0.000000000000000
-0.000000000000000
-0.000000000000000
0.000000000000000
-0.000000000000000
-0.000000000000000
-0.000000000000000
-0.000000000000000
0.000000000000001
