0.000001110707987
0.000002263221125
0.000003391845703
0.000004500724328
0.000005598297047
0.000006692790549
0.000007791990044
0.000008903302565
0.000010033832223
0.000011190448977
0.000012379850708
0.000013608619505
0.000014883273017
0.000016210311629
0.000017596262101
0.000019047718240
0.000020571379079
0.000022174085010
0.000023862852217
0.000025644905764
0.000027527711598
0.000029519007749
0.000031626834920
0.000033859566699
0.000036225939540
0.000038735082697
0.000041396548243
0.000044220341294
0.000047216950571
0.000050397379394
0.000053773177208
0.000057356471719
0.000061160001734
0.000065197150774
0.000069481981504
0.000074029271082
0.000078854547451
0.000083974126630
0.000089405151070
0.000095165629096
0.000101274475483
0.000107751553213
0.000114617716419
0.000121894854571
0.000129605937918
0.000137775064200
0.000146427506659
0.000155589763369
0.000165289607872
0.000175556141154
0.000186419844948
0.000197912636366
0.000210067923861
0.000222920664504
0.000236507422558
0.000250866429350
0.000266037644386
0.000282062817714
0.000298985553476
0.000316851374623
0.000335707788748
0.000355604354971
0.000376592751847
0.000398726846196
0.000422062762824
0.000446658955023
0.000472576275791
0.000499878049661
0.000528630145049
0.000558901047018
0.000590761930325
0.000624286732645
0.000659552227824
0.000696638099030
0.000735627011646
0.000776604685744
0.000819659967973
0.000864884902683
0.000912374802084
0.000962228315270
0.001014547495863
0.001069437868084
0.001127008491016
0.001187372020818
0.001250644770642
0.001316946767993
0.001386401809267
0.001459137511188
0.001535285358846
0.001614980750053
0.001698363035697
0.001785575555783
0.001876765670833
0.001972084788310
0.002071688383720
0.002175736016056
0.002284391337201
0.002397822094943
0.002516200129226
0.002639701361260
0.002768505775094
0.002902797391292
0.003042764232290
0.003188598279062
0.003340495418684
0.003498655382415
0.003663281673872
0.003834581486928
0.004012765612926
0.004198048336806
0.004390647321778
0.004590783482145
0.004798680843898
0.005014566392719
0.005238669909038
0.005471223789784
0.005712462856500
0.005962624149502
0.006221946707774
0.006490671334299
0.006769040346571
0.007057297312023
0.007355686768152
0.007664453927119
0.007983844364662
0.008314103693156
0.008655477218700
0.009008209582130
0.009372544383905
0.009748723792831
0.010136988138630
0.010537575488407
0.010950721207083
0.011376657501940
0.011815612951426
0.012267812018438
0.012733474548345
0.013212815252044
0.013706043174408
0.014213361148529
0.014734965236196
0.015271044155127
0.015821778693505
0.016387341112427
0.016967894536936
0.017563592336356
0.018174577494708
0.018800981972039
0.019442926057555
0.020100517715508
0.020773851924842
0.021463010013655
0.022168058989591
0.022889050867353
0.023626021994544
0.024378992377130
0.025147965005858
0.025932925185019
0.026733839864992
0.027550656980046
0.028383304792957
0.029231691247985
0.030095703333859
0.030975206458413
0.031870043836573
0.032780035893425
0.033704979684124
0.034644648332436
0.035598790489708
0.036567129816128
0.037549364486082
0.038545166719506
0.039554182341060
0.040576030369036
0.041610302635813
0.042656563441771
0.043714349244473
0.044783168384959
0.045862500852957
0.046951798092792
0.048050482851732
0.049157949072476
0.050273561831456
0.051396657324542
0.052526542901719
0.053662497152218
0.054803770041526
0.055949583101616
0.057099129675671
0.058251575218469
0.059406057653542
0.060561687788065
0.061717549786400
0.062872701703045
0.064026176075674
0.065176980578803
0.066324098738505
0.067466490708492
0.068603094107687
0.069732824919350
0.070854578451620
0.071967230359222
0.073069637725929
0.074160640207222
0.075239061232438
0.076303709265536
0.077353379123458
0.078386853350910
0.079402903650197
0.080400292364643
0.081377774013901
0.082334096879344
0.083268004637555
0.084178238039767
0.085063536634957
0.085922640534149
0.086754292213311
0.087557238352100
0.088330231705566
0.089072033005764
0.089781412890115
0.090457153853212
0.091098052218637
0.091702920127259
0.092270587538345
0.092799904239733
0.093289741863212
0.093738995901145
0.094146587720349
0.094511466569092
0.094832611573084
0.095109033716232
0.095339777801909
0.095523924390467
0.095660591708662
0.095748937526698
0.095788160998560
0.095777504461330
0.095716255189210
0.095603747097993
0.095439362395788
0.095222533175843
0.094952742947405
0.094629528100599
0.094252479301434
0.093821242813141
0.093335521740149
0.092795077191129
0.092199729357710
0.091549358505571
0.090843905874803
0.090083374486584
0.089267829853417
0.088397400590328
0.087472278924654
0.086492721102237
0.085459047688051
0.084371643759547
0.083230958991145
0.082037507628646
0.080791868352490
0.079494684029060
0.078146661349510
0.076748570355790
0.075301243853848
0.073805576714235
0.072262525060579
0.070673105346674
0.069038393323210
0.067359522895376
0.065637684872890
0.063874125614230
0.062070145567105
0.060227097707455
0.058346385879530
0.056429463039815
0.054477829407825
0.052493030527013
0.050476655239270
0.048430333576687
0.046355734574487
0.044254564009195
0.042128562066350
0.039979500942178
0.037809182383872
0.035619435173239
0.033412112558635
0.031189089640236
0.028952260713803
0.026703536578224
0.024444841812177
0.022178112025369
0.019905291089836
0.017628328356874
0.015349175865167
0.013069785545739
0.010792106429325
0.008518081861777
0.006249646733086
0.003988724725550
0.001737225586614
-0.000502957568239
-0.002729950917154
-0.004941902552895
-0.007136985058013
-0.009313398029164
-0.011469370545664
-0.013603163577556
-0.015713072328586
-0.017797428509640
-0.019854602538435
-0.021883005661364
-0.023881091993654
-0.025847360474187
-0.027780356731530
-0.029678674857973
-0.031540959088580
-0.033365905382509
-0.035152262904101
-0.036898835401472
-0.038604482480595
-0.040268120773139
-0.041888724996551
-0.043465328905157
-0.044997026131291
-0.046482970915757
-0.047922378727160
-0.049314526769898
-0.050658754380897
-0.051954463315392
-0.053201117922326
-0.054398245210184
-0.055545434804305
-0.056642338796987
-0.057688671491903
-0.058684209044570
-0.059628789000849
-0.060522309735660
-0.061364729794278
-0.062156067138798
-0.062896398302518
-0.063585857455184
-0.064224635382181
-0.064812978380936
-0.065351187077921
-0.065839615169797
-0.066278668092337
-0.066668801620903
-0.067010520406339
-0.067304376450233
-0.067550967523570
-0.067750935532876
-0.067904964838000
-0.068013780525726
-0.068078146643423
-0.068098864396986
-0.068076770317309
-0.068012734399537
-0.067907658219311
-0.067762473030239
-0.067578137846734
-0.067355637516364
-0.067095980785772
-0.066800198364164
-0.066469340988332
-0.066104477493001
-0.065706692890321
-0.065277086462120
-0.064816769868499
-0.064326865276192
-0.063808503510031
-0.063262822230700
-0.062690964141856
-0.062094075229540
-0.061473303036676
-0.060829794975303
-0.060164696679037
-0.059479150398118
-0.058774293439231
-0.058051256652148
-0.057311162965070
-0.056555125970399
-0.055784248562502
-0.054999621628890
-0.054202322796039
-0.053393415230977
-0.052573946499553
-0.051744947482175
-0.050907431347669
-0.050062392585700
-0.049210806098133
-0.048353626349505
-0.047491786576646
-0.046626198057387
-0.045757749438121
-0.044887306119865
-0.044015709702374
-0.043143777485685
-0.042272302028416
-0.041402050761990
-0.040533765659867
-0.039668162960778
-0.038805932944851
-0.037947739761429
-0.037094221307308
-0.036245989154052
-0.035403628522953
-0.034567698306158
-0.033738731132429
-0.032917233475928
-0.032103685806400
-0.031298542779070
-0.030502233462536
-0.029715161602927
-0.028937705922546
-0.028170220451205
-0.027413034888489
-0.026666454995091
-0.025930763011456
-0.025206218101891
-0.024493056822356
-0.023791493610139
-0.023101721293641
-0.022423911620508
-0.021758215802377
-0.021104765074530
-0.020463671268769
-0.019835027397870
-0.019218908250009
-0.018615370991580
-0.018024455776874
-0.017446186363148
-0.016880570729606
-0.016327601698950
-0.015787257560099
-0.015259502690830
-0.014744288179073
-0.014241552441672
-0.013751221839488
-0.013273211287756
-0.012807424860678
-0.012353756389272
-0.011912090051574
-0.011482300954338
-0.011064255705412
-0.010657812976075
-0.010262824052618
-0.009879133376543
-0.009506579072793
-0.009144993465492
-0.008794203580697
-0.008454031635753
-0.008124295514865
-0.007804809230560
-0.007495383370744
-0.007195825531141
-0.006905940732888
-0.006625531825175
-0.006354399872783
-0.006092344528478
-0.005839164390208
-0.005594657343132
-0.005358620886488
-0.005130852445401
-0.004911149667714
-0.004699310705983
-0.004495134484786
-0.004298420953545
-0.004108971325050
-0.003926588299935
-0.003751076277344
-0.003582241552064
-0.003419892498406
-0.003263839741151
-0.003113896313859
-0.002969877804888
-0.002831602491452
-0.002698891462082
-0.002571568727828
-0.002449461322597
-0.002332399392964
-0.002220216277871
-0.002112748578553
-0.002009836219101
-0.001911322498039
-0.001817054131282
-0.001726881286871
-0.001640657611868
-0.001558240251767
-0.001479489862810
-0.001404270617578
-0.001332450204203
-0.001263899819580
-0.001198494156915
-0.001136111387958
-0.001076633140260
-0.001019944469777
-0.000965933829156
-0.000914493031992
-0.000865517213385
-0.000818904787073
-0.000774557399432
-0.000732379880626
-0.000692280193159
-0.000654169378098
-0.000617961499198
-0.000583573585190
-0.000550925570426
-0.000519940234132
-0.000490543138441
-0.000462662565435
-0.000436229453359
-0.000411177332203
-0.000387442258797
-0.000364962751611
-0.000343679725370
-0.000323536425664
-0.000304478363655
-0.000286453251021
-0.000269410935246
-0.000253303335361
-0.000238084378245
-0.000223709935564
-0.000210137761445
-0.000197327430955
-0.000185240279457
-0.000173839342901
-0.000163089299125
-0.000152956410198
-0.000143408465854
-0.000134414728075
-0.000125945876833
-0.000117973957036
-0.000110472326702
-0.000103415606378
-0.000096779629820
-0.000090541395955
-0.000084679022118
-0.000079171698584
-0.000073999644395
-0.000069144064473
-0.000064587108018
-0.000060311828190
-0.000056302143064
-0.000052542797837
-0.000049019328286
-0.000045718025462
-0.000042625901589
-0.000039730657165
-0.000037020649237
-0.000034484860830
-0.000032112871511
-0.000029894829057
-0.000027821422215
-0.000025883854521
-0.000024073819148
-0.000022383474769
-0.000020805422402
-0.000019332683215
-0.000017958677249
-0.000016677203059
-0.000015482418221
-0.000014368820693
-0.000013331230994
-0.000012364775181
-0.000011464868601
-0.000010627200369
-0.000009847718590
-0.000009122616243
-0.000008448317759
-0.000007821466219
-0.000007238911184
-0.000006697697110
-0.000006195052345
-0.000005728378658
-0.000005295241307
-0.000004893359609
-0.000004520597985
-0.000004174957479
-0.000003854567709
-0.000003557679249
-0.000003282656415
-0.000003027970431
-0.000002792192968
-0.000002573990039
-0.000002372116222
-0.000002185409209
-0.000002012784649
-0.000001853231297
-0.000001705806422
-0.000001569631488
-0.000001443888078
-0.000001327814057
-0.000001220699955
-0.000001121885571
-0.000001030756767
-0.000000946742463
-0.000000869311806
-0.000000797971517
-0.000000732263391
-0.000000671761956
-0.000000616072278
-0.000000564827896
-0.000000517688893
-0.000000474340079
-0.000000434489305
-0.000000397865865
-0.000000364219019
-0.000000333316595
-0.000000304943696
-0.000000278901476
-0.000000255006013
-0.000000233087247
-0.000000212987991
-0.000000194563000
-0.000000177678120
-0.000000162209481
-0.000000148042744
-0.000000135072412
-0.000000123201174
-0.000000112339301
-0.000000102404089
-0.000000093319330
-0.000000085014827
-0.000000077425946
-0.000000070493190
-0.000000064161814
-0.000000058381460
-0.000000053105822
-0.000000048292336
-0.000000043901888
-0.000000039898551
-0.000000036249331
-0.000000032923944
-0.000000029894598
-0.000000027135797
-0.000000024624164
-0.000000022338266
-0.000000020258464
-0.000000018366765
-0.000000016646692
-0.000000015083161
-0.000000013662367
-0.000000012371680
-0.000000011199551
-0.000000010135421
-0.000000009169638
-0.000000008293385
-0.000000007498611
-0.000000006777960
-0.000000006124725
-0.000000005532780
-0.000000004996543
-0.000000004510920
-0.000000004071271
-0.000000003673368
-0.000000003313357
-0.000000002987731
-0.000000002693295
-0.000000002427147
-0.000000002186642
-0.000000001969377
-0.000000001773166
-0.000000001596024
-0.000000001436148
-0.000000001291898
-0.000000001161789
-0.000000001044469
-0.000000000938715
-0.000000000843415
-0.000000000757562
-0.000000000680245
-0.000000000610636
-0.000000000547984
-0.000000000491614
-0.000000000440910
-0.000000000395317
-0.000000000354332
-0.000000000317502
-0.000000000284414
-0.000000000254697
-0.000000000228018
-0.000000000204072
-0.000000000182586
-0.000000000163313
-0.000000000146031
-0.000000000130538
-0.000000000116654
-0.000000000104216
-0.000000000093076
-0.000000000083102
-0.000000000074174
-0.000000000066186
-0.000000000059040
-0.000000000052651
-0.000000000046938
-0.000000000041833
-0.000000000037272
-0.000000000033198
-0.000000000029561
-0.000000000026314
-0.000000000023417
-0.000000000020833
-0.000000000018528
-0.000000000016473
-0.000000000014642
-0.000000000013011
-0.000000000011558
-0.000000000010263
-0.000000000009111
-0.000000000008086
-0.000000000007175
-0.000000000006364
-0.000000000005643
-0.000000000005003
-0.000000000004433
-0.000000000003927
-0.000000000003478
-0.000000000003079
-0.000000000002726
-0.000000000002412
-0.000000000002134
-0.000000000001887
-0.000000000001668
-0.000000000001474
-0.000000000001302
-0.000000000001151
-0.000000000001016
-0.000000000000897
-0.000000000000792
-0.000000000000698
-0.000000000000616
-0.000000000000543
-0.000000000000479
-0.000000000000422
-0.000000000000371
-0.000000000000327
-0.000000000000288
-0.000000000000253
-0.000000000000223
-0.000000000000196
-0.000000000000172
-0.000000000000152
-0.000000000000134
-0.000000000000117
-0.000000000000102
-0.000000000000090
-0.000000000000080
-0.000000000000070
-0.000000000000061
-0.000000000000053
-0.000000000000047
-0.000000000000041
-0.000000000000036
-0.000000000000032
-0.000000000000028
-0.000000000000024
-0.000000000000021
-0.000000000000018
-0.000000000000016
-0.000000000000015
-0.000000000000013
-0.000000000000011
-0.000000000000009
-0.000000000000008
-0.000000000000007
-0.000000000000006
-0.000000000000005
-0.000000000000005
-0.000000000000004
-0.000000000000004
-0.000000000000003
-0.000000000000002
-0.000000000000003
-0.000000000000002
-0.000000000000002
-0.000000000000002
-0.000000000000001
-0.000000000000001
-0.000000000000001
-0.000000000000000
-0.000000000000001
-0.000000000000001
-0.000000000000000
-0.000000000000001
-0.000000000000000
-0.000000000000000
-0.000000000000000
0.000000000000000
-0.000000000000000
-0.000000000000001
-0.000000000000000
-0.000000000000000
0.000000000000000
-0.000000000000000
-0.000000000000000
-0.000000000000000
-0.000000000000000
-0.000000000000000
0.000000000000000
-0.000000000000000
-0.000000000000000
-0.000000000000000
-0.000000000000000
-0.000000000000000
0.000000000000000
-0.000000000000000
0.000000000000000
-0.000000000000000
-0.000000000000000
0.000000000000000
-0.000000000000000
-0.000000000000000
0.000000000000000
-0.000000000000001
0.000000000000000
0.000000000000000
0.000000000000000
0.000000000000000
0.000000000000000
-0.000000000000000
0.000000000000000
0.000000000000000
-0.000000000000000
-0.000000000000000
-0.000000000000000
0.000000000000000
0.000000000000000
0.000000000000000
-0.000000000000000
-0.000000000000000
0.000000000000000
0.000000000000000
-0.000000000000000
0.000000000000000
-0.000000000000000
-0.000000000000000
0.000000000000000
-0.000000000000000
0.000000000000000
0.000000000000000
-0.000000000000000
-0.000000000000001
-0.000000000000000
0.000000000000000
0.000000000000001
0.000000000000000
-0.000000000000001
-0.000000000000000
0.000000000000000
-0.000000000000000
0.000000000000000
0.000000000000000
0.000000000000000
-0.000000000000000
0.000000000000000
-0.000000000000000
0.000000000000000
-0.000000000000000
0.000000000000000
0.000000000000000
0.000000000000000
-0.000000000000000
-0.000000000000001
0.000000000000000
-0.000000000000000
0.000000000000001
-0.000000000000000
0.000000000000000
0.000000000000000
-0.000000000000000
0.000000000000000
-0.000000000000000
-0.000000000000000
0.000000000000000
0.000000000000000
-0.000000000000000
-0.000000000000000
-0.000000000000000
0.000000000000000
0.000000000000000
-0.000000000000000
-0.000000000000000
-0.000000000000000
0.000000000000001
0.000000000000000
0.000000000000000
-0.000000000000000
0.000000000000000
-0.000000000000000
0.000000000000000
0.000000000000000
-0.000000000000000
0.000000000000000
0.000000000000000
-0.000000000000000
-0.000000000000000
0.000000000000000
-0.000000000000000
0.000000000000000
-0.000000000000000
-0.000000000000001
-0.000000000000000
0.000000000000000
0.000000000000001
0.000000000000000
-0.000000000000001
-0.000000000000000
0.000000000000000
-0.000000000000000
0.000000000000000
0.000000000000000
-0.000000000000000
0.000000000000000
-0.000000000000000
-0.000000000000000
0.000000000000000
-0.000000000000000
-0.000000000000000
-0.000000000000000
0.000000000000001
-0.000000000000000
-0.000000000000000
-0.000000000000000
0.000000000000000
-0.000000000000000
0.000000000000000
0.000000000000000
-0.000000000000000
0.000000000000000
-0.000000000000000
0.000000000000000
-0.000000000000000
0.000000000000001
-0.000000000000000
-0.000000000000000
0.000000000000000
0.000000000000000
-0.000000000000000
-0.000000000000000
0.000000000000000
0.000000000000000
0.000000000000000
0.000000000000000
-0.000000000000000
-0.000000000000000
-0.000000000000000
-0.000000000000001
0.000000000000001
0.000000000000001
-0.000000000000000
-0.000000000000000
0.000000000000000
-0.000000000000000
-0.000000000000000
-0.000000000000000
0.000000000000000
-0.000000000000000
-0.000000000000000
0.000000000000000
0.000000000000000
0.000000000000000
-0.000000000000000
0.000000000000000
-0.000000000000000
0.000000000000000
0.000000000000000
0.000000000000000
-0.000000000000000
0.000000000000000
-0.000000000000001
0.000000000000000
0.000000000000000
0.000000000000000
-0.000000000000000
-0.000000000000000
0.000000000000000
-0.000000000000000
-0.000000000000000
0.000000000000000
-0.000000000000000
-0.000000000000000
0.000000000000000
-0.000000000000000
0.000000000000000
-0.000000000000000
0.000000000000000
0.000000000000000
0.000000000000000
-0.000000000000000
0.000000000000000
-0.000000000000000
0.000000000000000
-0.000000000000001
0.000000000000001
-0.000000000000000
-0.000000000000000
0.000000000000000
0.000000000000000
-0.000000000000000
-0.000000000000000
0.000000000000000
-0.000000000000000
0.000000000000000
0.000000000000001
0.000000000000000
-0.000000000000000
-0.000000000000000
0.000000000000000
0.000000000000000
-0.000000000000000
0.000000000000000
-0.000000000000000
0.000000000000000
-0.000000000000000
0.000000000000000
0.000000000000000
-0.000000000000000
-0.000000000000000
0.000000000000000
-0.000000000000000
-0.000000000000000
0.000000000000000
-0.000000000000001
0.000000000000001
-0.000000000000000
-0.000000000000000
0.000000000000000
0.000000000000000
-0.000000000000000
0.000000000000000
-0.000000000000000
-0.000000000000000
0.000000000000000
0.000000000000000
0.000000000000000
-0.000000000000000
-0.000000000000001
0.000000000000000
0.000000000000000
0.000000000000000
-0.000000000000000
0.000000000000000
0.000000000000000
0.000000000000000
-0.000000000000000
-0.000000000000000
0.000000000000000
0.000000000000000
-0.000000000000000
-0.000000000000001
0.000000000000000
0.000000000000000
0.000000000000000
-0.000000000000000
-0.000000000000000
0.000000000000000
0.000000000000000
-0.000000000000000
-0.000000000000001
0.000000000000000
0.000000000000000
0.000000000000000
-0.000000000000000
-0.000000000000001
0.000000000000001
0.000000000000000
0.000000000000000
-0.000000000000000
-0.000000000000000
0.000000000000000
0.000000000000000
0.000000000000000
0.000000000000000
0.000000000000000
-0.000000000000001
-0.000000000000000
-0.000000000000000
0.000000000000000
0.000000000000000
0.000000000000000
0.000000000000000
-0.000000000000000
0.000000000000000
-0.000000000000000
-0.000000000000000
-0.000000000000001
0.000000000000001
-0.000000000000000
-0.000000000000001
0.000000000000000
0.000000000000000
-0.000000000000001
0.000000000000000
0.000000000000000
-0.000000000000001
-0.000000000000000
-0.000000000000000
0.000000000000000
0.000000000000000
-0.000000000000000
0.000000000000000
-0.000000000000000
-0.000000000000000
0.000000000000001
-0.000000000000000
-0.000000000000001
-0.000000000000000
0.000000000000000
0.000000000000001
-0.000000000000001
