-0.000000000007531857
-0.000000000018926131
-0.000000000038528205
-0.000000000074120105
-0.000000000139130511
-0.000000000257176929
-0.000000000469219668
-0.000000000845395833
-0.000000001504084208
-0.000000002642401952
-0.000000004589029857
-0.000000007880312326
-0.000000013379314240
-0.000000022455274061
-0.000000037252817375
-0.000000061146040339
-0.000000099323288531
-0.000000159656170041
-0.000000253926004978
-0.000000399554293107
-0.000000622512686284
-0.000000960569306184
-0.000001467931328421
-0.000002221381267234
-0.000003328440522301
-0.000004941583605494
-0.000007271108314537
-0.000010603303422286
-0.000015322868498157
-0.000021941086160256
-0.000031150074943758
-0.000043857103686336
-0.000061235687126400
-0.000084783831115935
-0.000116393246650072
-0.000158516429506556
-0.000214211939001670
-0.000287240177079279
-0.000382160522003649
-0.000504440820897565
-0.000660891614975662
-0.000859587734718448
-0.001109949157794754
-0.001422793607608648
-0.001810396096580420
-0.002287497173388494
-0.002870645461896852
-0.003578044207355610
-0.004429318612130320
-0.005445305663462369
-0.006650252647755970
-0.008069620439546963
-0.009729327864620649
-0.011654905941420232
-0.013870799085217191
-0.016404922699945680
-0.019283526806357847
-0.022529564669652162
-0.026161123857494136
-0.030190353916550887
-0.034632202151515919
-0.039494950981519776
-0.044777895726387011
-0.050469497336400819
-0.056546631667330066
-0.062989480077249443
-0.069767010255023160
-0.076834689103648157
-0.084133284559973417
-0.091589441194345964
-0.099137612500139194
-0.106700823810690362
-0.114189217364729118
-0.121500268977053155
-0.128521219927944824
-0.135156511585053901
-0.141305216447668247
-0.146860590769289479
-0.151711594634610564
-0.155746600586735340
-0.158882149133031614
-0.161039201941833826
-0.162143048580394800
-0.162125098842887477
-0.160926398100530582
-0.158522379236668010
-0.154900542648512496
-0.150059801864166176
-0.144011365706863070
-0.136780690215179440
-0.128424157470585193
-0.119010832437598746
-0.108620893744977950
-0.097345167557973594
-0.085285156299645351
-0.072560505158818331
-0.059296902618395396
-0.045624108166382522
-0.031674679196557823
-0.017582812064026100
-0.003484332179151450
0.010488470929205386
0.024208282060872000
0.037553854849670706
0.050411212845017130
0.062677962106907334
0.074262326657357491
0.085083406802113140
0.095071409889380162
0.104168126421026172
0.112332583153520654
0.119536006439051781
0.125760929092151946
0.131000529319911740
0.135258309446117775
0.138553260551281726
0.140913221808890654
0.142373394650798180
0.142975251818098337
0.142765828590066118
0.141801733154684140
0.140142923751778975
0.137851293159193061
0.134989691393627459
0.131621307757162215
0.127812566636928554
0.123628436292629443
0.119131502605186165
0.114381422814336192
0.109434660973935047
0.104346540288818179
0.099168313504973085
0.093946804712898097
0.088724319176162733
0.083538733904490056
0.078424948429725846
0.073413388047901748
0.068530058936238022
0.063796755654061441
0.059231357937490264
0.054848833223411123
0.050660655455024184
0.046675050836647948
0.042897308139190106
0.039330115208535105
0.035974210997776430
0.032828264882850434
0.029889138922102796
0.027152163237374061
0.024611405047429136
0.022260051188876841
0.020090452285584690
0.018094314050298672
0.016262879910341539
0.014587097151692046
0.013057808233947673
0.011665814119503477
0.010401977830650151
0.009257315211762535
0.008223070956987842
0.007290790008188826
0.006452352221128351
0.005700008213720447
0.005026405730851688
0.004424606839707125
0.003888095539424326
0.003410782790512531
0.002987003579102803
0.002611509108002500
0.002279454897430973
0.001986382074459674
0.001728205732990792
0.001501196417148683
0.001301960120134512
0.001127417401446175
0.000974779201328260
0.000841530311570851
0.000725408949557267
0.000624386622075977
0.000536648597939445
0.000460573363655173
0.000394717802309939
0.000337800720732097
0.000288687274385463
0.000246374405845511
0.000209976333649187
0.000178713707292349
0.000151902306706266
0.000128942637356661
0.000109310432881844
0.000092547534732376
0.000078254911401885
0.000066085705416335
0.000055738955148461
0.000046953966012633
0.000039505052973328
0.000033197450258994
0.000027863373490075
0.000023358518843768
0.000019558969280640
0.000016358367558327
0.000013665692257812
0.000011403173350968
0.000009504463028871
0.000007913038744252
0.000006580769991071
0.000005466782354096
0.000004536415874232
0.000003760321164458
0.000003113678558643
0.000002575507867401
0.000002128118649714
0.000001756615273500
0.000001448471649703
0.000001193167277703
0.000000981869690326
0.000000807180808457
0.000000662912112107
0.000000543893166773
0.000000445809128518
0.000000365060575172
0.000000298651378462
0.000000244090651521
0.000000199309911531
0.000000162593318928
0.000000132518104847
0.000000107906895494
0.000000087786515401
0.000000071353435955
0.000000057944886925
0.000000047014405305
0.000000038112276501
0.000000030868810335
0.000000024980409641
0.000000020197998161
0.000000016317305995
0.000000013171106662
0.000000010622641010
0.000000008560172938
0.000000006892497181
0.000000005545194213
0.000000004457641673
0.000000003580505574
0.000000002873674324
0.000000002304563861
0.000000001846714924
0.000000001478675255
0.000000001183068882
0.000000000945832985
0.000000000755596987
0.000000000603168693
0.000000000481129521
0.000000000383496621
0.000000000305450977
0.000000000243111231
0.000000000193354167
0.000000000153669757
0.000000000122042589
0.000000000096855935
0.000000000076813285
0.000000000060875774
0.000000000048211305
0.000000000038155097
0.000000000030175876
0.000000000023849148
0.000000000018835993
0.000000000014866783
0.000000000011726427
0.000000000009243147
0.000000000007280930
0.000000000005731412
0.000000000004508761
0.000000000003544880
0.000000000002785038
0.000000000002186711
0.000000000001716100
0.000000000001345856
0.000000000001054743
0.000000000000825718
0.000000000000646392
0.000000000000505865
0.000000000000395489
0.000000000000309060
0.000000000000241321
0.000000000000188287
0.000000000000146907
0.000000000000114208
0.000000000000088998
0.000000000000069426
0.000000000000054356
0.000000000000042206
0.000000000000032488
0.000000000000025238
0.000000000000019807
0.000000000000015139
0.000000000000011694
0.000000000000009373
0.000000000000007441
0.000000000000005474
0.000000000000003871
0.000000000000003175
0.000000000000002588
0.000000000000002142
0.000000000000001656
0.000000000000001175
0.000000000000001026
0.000000000000000601
0.000000000000000157
0.000000000000000338
0.000000000000000659
0.000000000000000369
0.000000000000000155
0.000000000000000150
-0.000000000000000068
-0.000000000000000171
0.000000000000000158
0.000000000000000171
0.000000000000000173
0.000000000000000281
-0.000000000000000137
-0.000000000000000391
-0.000000000000000117
0.000000000000000358
0.000000000000000124
0.000000000000000088
-0.000000000000000348
-0.000000000000000012
0.000000000000000063
0.000000000000000058
-0.000000000000000011
-0.000000000000000139
0.000000000000000020
0.000000000000000174
-0.000000000000000060
0.000000000000000189
-0.000000000000000264
-0.000000000000000218
0.000000000000000020
0.000000000000000564
0.000000000000000049
-0.000000000000000251
-0.000000000000000188
-0.000000000000000228
0.000000000000000338
0.000000000000000198
-0.000000000000000115
-0.000000000000000134
-0.000000000000000053
0.000000000000000100
0.000000000000000001
0.000000000000000217
-0.000000000000000083
-0.000000000000000140
-0.000000000000000002
0.000000000000000144
0.000000000000000019
-0.000000000000000004
0.000000000000000094
-0.000000000000000294
-0.000000000000000000
0.000000000000000238
0.000000000000000135
0.000000000000000082
-0.000000000000000201
-0.000000000000000148
0.000000000000000048
-0.000000000000000078
0.000000000000000361
0.000000000000000030
-0.000000000000000209
-0.000000000000000207
-0.000000000000000042
0.000000000000000167
0.000000000000000199
0.000000000000000071
-0.000000000000000335
-0.000000000000000112
0.000000000000000252
0.000000000000000173
-0.000000000000000070
-0.000000000000000193
-0.000000000000000097
0.000000000000000145
0.000000000000000079
0.000000000000000183
-0.000000000000000040
-0.000000000000000407
0.000000000000000110
0.000000000000000197
0.000000000000000140
0.000000000000000305
-0.000000000000000378
-0.000000000000000237
0.000000000000000060
0.000000000000000189
0.000000000000000155
0.000000000000000036
-0.000000000000000077
-0.000000000000000074
-0.000000000000000112
0.000000000000000050
0.000000000000000061
0.000000000000000058
-0.000000000000000143
0.000000000000000037
-0.000000000000000105
0.000000000000000030
0.000000000000000140
0.000000000000000089
-0.000000000000000240
-0.000000000000000028
0.000000000000000224
-0.000000000000000010
-0.000000000000000153
-0.000000000000000000
0.000000000000000175
-0.000000000000000156
-0.000000000000000057
0.000000000000000090
0.000000000000000247
-0.000000000000000193
-0.000000000000000130
0.000000000000000040
0.000000000000000008
0.000000000000000089
0.000000000000000168
-0.000000000000000021
-0.000000000000000308
-0.000000000000000123
0.000000000000000284
0.000000000000000121
-0.000000000000000004
-0.000000000000000211
0.000000000000000028
-0.000000000000000017
0.000000000000000027
0.000000000000000059
0.000000000000000031
-0.000000000000000245
0.000000000000000187
-0.000000000000000057
-0.000000000000000007
0.000000000000000048
-0.000000000000000208
0.000000000000000153
0.000000000000000082
0.000000000000000010
-0.000000000000000010
-0.000000000000000205
0.000000000000000176
0.000000000000000055
-0.000000000000000068
0.000000000000000035
-0.000000000000000007
-0.000000000000000288
0.000000000000000384
0.000000000000000008
-0.000000000000000203
0.000000000000000001
-0.000000000000000004
0.000000000000000122
0.000000000000000148
-0.000000000000000216
0.000000000000000228
-0.000000000000000130
0.000000000000000097
-0.000000000000000135
0.000000000000000266
-0.000000000000000307
0.000000000000000248
-0.000000000000000002
-0.000000000000000081
-0.000000000000000167
0.000000000000000067
0.000000000000000072
0.000000000000000097
-0.000000000000000164
0.000000000000000021
0.000000000000000039
-0.000000000000000006
-0.000000000000000078
0.000000000000000103
0.000000000000000133
-0.000000000000000148
-0.000000000000000308
0.000000000000000239
0.000000000000000218
-0.000000000000000014
-0.000000000000000157
-0.000000000000000078
0.000000000000000231
-0.000000000000000030
-0.000000000000000158
0.000000000000000101
0.000000000000000101
-0.000000000000000274
0.000000000000000055
0.000000000000000102
0.000000000000000022
-0.000000000000000163
0.000000000000000029
0.000000000000000092
-0.000000000000000017
-0.000000000000000139
0.000000000000000017
0.000000000000000204
-0.000000000000000143
-0.000000000000000131
0.000000000000000222
0.000000000000000157
-0.000000000000000170
-0.000000000000000193
0.000000000000000183
0.000000000000000232
-0.000000000000000069
-0.000000000000000216
0.000000000000000150
