-0.000000000006934798
-0.000000000017438924
-0.000000000035535544
-0.000000000068438964
-0.000000000128613446
-0.000000000238008310
-0.000000000434741435
-0.000000000784161603
-0.000000001396701025
-0.000000002456472555
-0.000000004270819909
-0.000000007341867383
-0.000000012478580627
-0.000000020965913651
-0.000000034818894585
-0.000000057211177289
-0.000000093028597540
-0.000000149692547921
-0.000000238323726469
-0.000000375386332592
-0.000000585450701196
-0.000000904288677023
-0.000001383302780493
-0.000002095389835614
-0.000003142752520413
-0.000004670470613015
-0.000006878877537100
-0.000010041024167162
-0.000014524270981930
-0.000020817459499412
-0.000029582983935596
-0.000041690198173339
-0.000058264981678827
-0.000080746387568715
-0.000110954062132831
-0.000151249326553832
-0.000204580816016174
-0.000274578687946473
-0.000365650646971243
-0.000483090350540451
-0.000633497371008072
-0.000824707621410147
-0.001065876567036876
-0.001367535785197279
-0.001741656616316398
-0.002202626777672064
-0.002766626977990977
-0.003451491177662471
-0.004276489863500516
-0.005262134227104327
-0.006432306824487491
-0.007812148987782251
-0.009427335554538542
-0.011303258931973821
-0.013464352170632051
-0.015938510466858395
-0.018752110315040895
-0.021928418542421509
-0.025486054721137148
-0.029437930640579233
-0.033799746846130442
-0.038580759296391140
-0.043781486997055516
-0.049391873292970297
-0.055390512223376084
-0.061759189843960859
-0.068468645393278502
-0.075476284109292135
-0.082724948729869255
-0.090143429706933009
-0.097667992775930440
-0.105223433726450322
-0.112721597096475029
-0.120061537073895386
-0.127131868197122022
-0.133837853760400749
-0.140079096244910745
-0.145749066446596742
-0.150736581113739498
-0.154929462105485527
-0.158243122724763124
-0.160597004980928382
-0.161914495122612662
-0.162124719067711087
-0.161166070427275959
-0.159011020513506823
-0.155643868961358012
-0.151060130767149803
-0.145267463493709559
-0.138287681124646289
-0.130173668629022798
-0.120991075040674759
-0.110816787356237456
-0.099738515214883250
-0.087854886056241616
-0.075283211111443107
-0.062147201638501570
-0.048575006376288941
-0.034697957699496219
-0.020649443476297952
-0.006565152093447005
0.007422344186129250
0.021185061620915137
0.034600721869489280
0.047553966357058788
0.059940511105459789
0.071666428342134353
0.082648462955894814
0.092814308010248273
0.102103117141441727
0.110471090586196100
0.117886618780120911
0.124329440495443241
0.129790020104578935
0.134269257067685027
0.137783637873386822
0.140358685221435381
0.142027495978572255
0.142829664524835975
0.142810583214276365
0.142025459687202371
0.140533105774760969
0.138394517000456907
0.135671885928463160
0.132427973324718395
0.128729012062668763
0.124639982144976166
0.120223663003235365
0.115540066047961923
0.110646150446054511
0.105597880702292549
0.100447250567196680
0.095241901593036249
0.090025012638671312
0.084835373143848078
0.079708838460264497
0.074676794829822507
0.069766198613621752
0.064999771379058602
0.060396287273178619
0.055971581450218313
0.051737946072733118
0.047704369590649019
0.043876843252465603
0.040258695891069445
0.036851253140856556
0.033653707498893112
0.030663381013529743
0.027876002579417084
0.025285979882922870
0.022886789031870698
0.020671017697064222
0.018630560014482350
0.016756803316425241
0.015040798593502502
0.013473457537586674
0.012045618198110116
0.010748152462617287
0.009572060690947957
0.008508551433492908
0.007549116616311507
0.006685568920856315
0.005910080499958125
0.005215211962309841
0.004593931907784254
0.004039626540982376
0.003546106600759763
0.003107605992125735
0.002718775305365398
0.002374671017075013
0.002070737522780468
0.001802796447684983
0.001567028709385645
0.001359954937920596
0.001178414878119187
0.001019543242191576
0.000880753465106536
0.000759717298266916
0.000654344614956067
0.000562763764670679
0.000483300776017969
0.000414464479681499
0.000354929828641588
0.000303522091159932
0.000259202043312961
0.000221051153346840
0.000188260566475006
0.000160119562165634
0.000136004908487127
0.000115371130642898
0.000097741138388793
0.000082699076536137
0.000069883175081985
0.000058979284558589
0.000049715072991038
0.000041854593243349
0.000035194066126867
0.000029557808078380
0.000024794606600472
0.000020774513743755
0.000017385910600075
0.000014533201557262
0.000012134647866061
0.000010120464539141
0.000008431157250667
0.000007016027383905
0.000005831988393223
0.000004842478217653
0.000004016514614072
0.000003327878351139
0.000002754390183132
0.000002277335411596
0.000001880944877554
0.000001551948634173
0.000001279193636540
0.000001053309758591
0.000000866443145627
0.000000712019489106
0.000000584542260589
0.000000479421336963
0.000000392825012738
0.000000321561638141
0.000000262975978948
0.000000214861586004
0.000000175386938653
0.000000143032314019
0.000000116539265121
0.000000094866908040
0.000000077155240026
0.000000062694435172
0.000000050898843428
0.000000041286178253
0.000000033459716944
0.000000027093446958
0.000000021919725760
0.000000017718913675
0.000000014311083654
0.000000011548993164
0.000000009312264031
0.000000007502573256
0.000000006039640865
0.000000004858027190
0.000000003904445653
0.000000003135541338
0.000000002516074636
0.000000002017409910
0.000000001616317449
0.000000001293966134
0.000000001035109690
0.000000000827409280
0.000000000660887615
0.000000000527483940
0.000000000420695450
0.000000000335277863
0.000000000267008900
0.000000000212486461
0.000000000168975621
0.000000000134278124
0.000000000106629357
0.000000000084614264
0.000000000067097506
0.000000000053170106
0.000000000042104434
0.000000000033318855
0.000000000026349185
0.000000000020822230
0.000000000016444445
0.000000000012978266
0.000000000010236058
0.000000000008067182
0.000000000006354709
0.000000000005001990
0.000000000003934941
0.000000000003092973
0.000000000002430398
0.000000000001908176
0.000000000001497296
0.000000000001173805
0.000000000000919983
0.000000000000720540
0.000000000000564451
0.000000000000441018
0.000000000000344628
0.000000000000270153
0.000000000000210370
0.000000000000164063
0.000000000000127825
0.000000000000099773
0.000000000000078251
0.000000000000060758
0.000000000000047139
0.000000000000036213
0.000000000000028283
0.000000000000022119
0.000000000000017867
0.000000000000013022
0.000000000000010448
0.000000000000008148
0.000000000000005764
0.000000000000004701
0.000000000000003966
0.000000000000003217
0.000000000000002123
0.000000000000001775
0.000000000000001244
0.000000000000000921
0.000000000000000926
0.000000000000000680
0.000000000000000140
0.000000000000000803
0.000000000000000410
-0.000000000000000163
-0.000000000000000413
0.000000000000000971
0.000000000000000213
0.000000000000000074
-0.000000000000000267
-0.000000000000000138
0.000000000000000208
0.000000000000000473
-0.000000000000000203
-0.000000000000000442
0.000000000000000133
-0.000000000000000068
0.000000000000000396
0.000000000000000037
-0.000000000000000447
-0.000000000000000459
0.000000000000000557
0.000000000000000107
0.000000000000000017
-0.000000000000000187
-0.000000000000000372
-0.000000000000000265
0.000000000000000633
-0.000000000000000034
-0.000000000000000083
0.000000000000000026
-0.000000000000000114
-0.000000000000000104
0.000000000000000328
-0.000000000000000064
0.000000000000000005
0.000000000000000170
-0.000000000000000120
-0.000000000000000418
0.000000000000000240
0.000000000000000008
0.000000000000000246
-0.000000000000000256
0.000000000000000146
-0.000000000000000000
-0.000000000000000348
0.000000000000000171
-0.000000000000000000
0.000000000000000146
-0.000000000000000109
-0.000000000000000152
-0.000000000000000143
0.000000000000000405
-0.000000000000000209
-0.000000000000000318
0.000000000000000504
0.000000000000000108
-0.000000000000000335
-0.000000000000000254
-0.000000000000000031
0.000000000000000443
0.000000000000000100
0.000000000000000049
-0.000000000000000124
-0.000000000000000532
0.000000000000000544
0.000000000000000276
-0.000000000000000199
-0.000000000000000122
-0.000000000000000220
0.000000000000000228
0.000000000000000101
0.000000000000000405
-0.000000000000000305
-0.000000000000000351
0.000000000000000537
-0.000000000000000104
0.000000000000000314
-0.000000000000000174
-0.000000000000000132
-0.000000000000000126
0.000000000000000158
0.000000000000000303
0.000000000000000081
-0.000000000000000366
-0.000000000000000232
0.000000000000000031
0.000000000000000570
-0.000000000000000174
-0.000000000000000555
0.000000000000000847
-0.000000000000000511
0.000000000000000121
0.000000000000000118
0.000000000000000173
-0.000000000000000498
0.000000000000000353
-0.000000000000000376
0.000000000000000327
0.000000000000000077
-0.000000000000000051
-0.000000000000000148
-0.000000000000000357
0.000000000000000501
-0.000000000000000058
0.000000000000000434
-0.000000000000000305
-0.000000000000000151
-0.000000000000000425
0.000000000000000211
0.000000000000000656
-0.000000000000000086
0.000000000000000190
-0.000000000000001211
0.000000000000000404
0.000000000000000473
0.000000000000000300
-0.000000000000000464
0.000000000000000267
-0.000000000000000666
0.000000000000000253
0.000000000000000618
-0.000000000000000275
-0.000000000000000561
0.000000000000000637
-0.000000000000000327
-0.000000000000000380
0.000000000000000837
-0.000000000000000105
-0.000000000000000504
0.000000000000000018
0.000000000000000451
-0.000000000000000059
0.000000000000000102
-0.000000000000000539
0.000000000000000256
0.000000000000000132
0.000000000000000010
0.000000000000000288
-0.000000000000000062
-0.000000000000000243
-0.000000000000000306
0.000000000000000794
0.000000000000000227
-0.000000000000000404
-0.000000000000000231
-0.000000000000000604
0.000000000000000962
0.000000000000000288
-0.000000000000000430
-0.000000000000000634
0.000000000000000282
0.000000000000000890
-0.000000000000000397
-0.000000000000000118
-0.000000000000000137
0.000000000000000104
0.000000000000000285
-0.000000000000000019
-0.000000000000000378
0.000000000000000472
-0.000000000000000185
-0.000000000000000609
0.000000000000000740
0.000000000000000032
-0.000000000000000382
-0.000000000000000321
-0.000000000000000117
-0.000000000000000058
0.000000000000000759
-0.000000000000000256
-0.000000000000000488
-0.000000000000000032
0.000000000000000105
0.000000000000000057
0.000000000000000283
-0.000000000000000047
-0.000000000000000236
-0.000000000000000164
0.000000000000000218
0.000000000000000026
0.000000000000000052
0.000000000000000390
-0.000000000000000327
-0.000000000000000343
0.000000000000000184
0.000000000000000462
-0.000000000000000158
-0.000000000000000102
-0.000000000000000346
0.000000000000000198
0.000000000000000142
0.000000000000000484
-0.000000000000000243
-0.000000000000000459
0.000000000000000014
0.000000000000000054
0.000000000000000405
-0.000000000000000345
-0.000000000000000001
-0.000000000000000258
-0.000000000000000030
0.000000000000000226
0.000000000000000097
-0.000000000000000205
-0.000000000000000065
0.000000000000000122
-0.000000000000000024
0.000000000000000129
0.000000000000000076
