0.000000000007428563
0.000000000018669327
0.000000000038012453
0.000000000073141910
0.000000000137320633
0.000000000253879335
0.000000000463290831
0.000000000834871828
0.000000001485638017
0.000000002610477959
0.000000004534419472
0.000000007787949091
0.000000013224875678
0.000000022200026185
0.000000036835877865
0.000000060472287437
0.000000098245951491
0.000000157951650575
0.000000251258030479
0.000000395423401846
0.000000616180647103
0.000000950957919429
0.000001453485008878
0.000002199883394868
0.000003296770146314
0.000004895363029170
0.000007204267287341
0.000010507524340503
0.000015186891837822
0.000021749847033577
0.000030883470310837
0.000043488607769743
0.000060730709685982
0.000084097807791431
0.000115469428577864
0.000157282659058058
0.000212577493239191
0.000285092351480098
0.000379361033617546
0.000500822035332408
0.000656250364436246
0.000853680644361217
0.001102488381369685
0.001413443243963119
0.001798769310839864
0.002273147975843568
0.002853066263675817
0.003556665701971284
0.004403512354023890
0.005414389070038308
0.006613482543769052
0.008026200804214382
0.009678422690603294
0.011595657102708727
0.013802347863020765
0.016326408353293680
0.019194111318343844
0.022428464250753004
0.026047645666573777
0.030063934698734512
0.034492406604059972
0.039341508610862400
0.044610742640896872
0.050288819387590888
0.056352903653564393
0.062783446321421563
0.069549712132817423
0.076607492480980283
0.083897902069982502
0.091347943498126721
0.098892371872306817
0.106454506498825610
0.113944771507589596
0.121260903182209459
0.128290368298375090
0.134937741187412252
0.141102178013974844
0.146676965528208275
0.151551034138564689
0.155612658410427623
0.158778184876706613
0.160968315755180724
0.162108017260289450
0.162128312584481682
0.160969799536600539
0.158607412792630603
0.155028115343376932
0.150230251087387023
0.144224434593595935
0.137035513452220425
0.128719286882784389
0.119344251513471902
0.108990039309779047
0.097746959887692053
0.085716040280850031
0.073016541548378791
0.059773828172373207
0.046117397261036870
0.032179608539263722
0.018094530416990048
0.003997972488005158
-0.009977721614729582
-0.023705118459052935
-0.037062793166262015
-0.049936532821711024
-0.062223622976440435
-0.073831924155896428
-0.084680139925186332
-0.094698055148456001
-0.103827018184485934
-0.112025582985062516
-0.119264502323366078
-0.125525843164156187
-0.130802331938799837
-0.135097038353279963
-0.138428538005579665
-0.140824286462844617
-0.142319137298815707
-0.142954253443489693
-0.142776399875296472
-0.141841955176582490
-0.140210690433062973
-0.137944352804585307
-0.135105686597898095
-0.131757813441681138
-0.127967129441027144
-0.123798608219181677
-0.119314871049987420
-0.114575637036717401
-0.109637455270359271
-0.104555758048472336
-0.099381923485155135
-0.094162913442040558
-0.088941179979722090
-0.083754753062871432
-0.078638692112950673
-0.073623582891878522
-0.068735589996906959
-0.063996662320266476
-0.059424828301516727
-0.055035199455357293
-0.050839385411429919
-0.046845738618200024
-0.043059664042481620
-0.039483955414749201
-0.036119448473157144
-0.032964898765237408
-0.030017243997885561
-0.027271879753367378
-0.024722929021214035
-0.022363625909825297
-0.020186359659269508
-0.018182866550411389
-0.016344413219942615
-0.014661963527251014
-0.013126370823286420
-0.011728441670837270
-0.010459040054970743
-0.009309178788806912
-0.008270096153685555
-0.007333327924388505
-0.006490742484725301
-0.005734577149769386
-0.005057464963041262
-0.004452452277486651
-0.003913006694910137
-0.003433022407583121
-0.003006817519600831
-0.002629126455306507
-0.002295088239697052
-0.002000227908650962
-0.001740445023637447
-0.001511995248694568
-0.001311470416852786
-0.001135777692558221
-0.000982115390809894
-0.000847956493077861
-0.000731028223039914
-0.000629291899367240
-0.000540923387547978
-0.000464292512840703
-0.000397948228733208
-0.000340602109046987
-0.000291112733768039
-0.000248471086260835
-0.000211785991365075
-0.000180273241693954
-0.000153244256715272
-0.000130095637774910
-0.000110299631823810
-0.000093394969257883
-0.000078979855058462
-0.000066704983150393
-0.000056267227351572
-0.000047403983739510
-0.000039887884246760
-0.000033522685417804
-0.000028139308336941
-0.000023592317386427
-0.000019756807888734
-0.000016525561251032
-0.000013806807509645
-0.000011522127402987
-0.000009604611035992
-0.000007997250048147
-0.000006651494257828
-0.000005526107867464
-0.000004586120286354
-0.000003801915557689
-0.000003148445603753
-0.000002604534611671
-0.000002152325090350
-0.000001776778985442
-0.000001465248967729
-0.000001207111469209
-0.000000993446445838
-0.000000816781603449
-0.000000670865621361
-0.000000550474998217
-0.000000451250105418
-0.000000369553745428
-0.000000302358001079
-0.000000247145272454
-0.000000201824660365
-0.000000164661534804
-0.000000134217381289
-0.000000109301665511
-0.000000088930223191
-0.000000072290364245
-0.000000058711685713
-0.000000047641369426
-0.000000038624422960
-0.000000031286774152
-0.000000025321194269
-0.000000020475600684
-0.000000016543235380
-0.000000013354814632
-0.000000010771883944
-0.000000008681309890
-0.000000006990734672
-0.000000005624791723
-0.000000004522080499
-0.000000003632627172
-0.000000002915797300
-0.000000002338578019
-0.000000001874158498
-0.000000001500799292
-0.000000001200889056
-0.000000000960175313
-0.000000000767130391
-0.000000000612436381
-0.000000000488570239
-0.000000000389467067
-0.000000000310236887
-0.000000000246944038
-0.000000000196421783
-0.000000000156123608
-0.000000000124003870
-0.000000000098422010
-0.000000000078063155
-0.000000000061872129
-0.000000000049005524
-0.000000000038787221
-0.000000000030678501
-0.000000000024248975
-0.000000000019153899
-0.000000000015119177
-0.000000000011926780
-0.000000000009401774
-0.000000000007406046
-0.000000000005830682
-0.000000000004587550
-0.000000000003607559
-0.000000000002834537
-0.000000000002225590
-0.000000000001746279
-0.000000000001369746
-0.000000000001073613
-0.000000000000841132
-0.000000000000658580
-0.000000000000515117
-0.000000000000402491
-0.000000000000314516
-0.000000000000245819
-0.000000000000191864
-0.000000000000149915
-0.000000000000116516
-0.000000000000090691
-0.000000000000070705
-0.000000000000055005
-0.000000000000043042
-0.000000000000033320
-0.000000000000025685
-0.000000000000020286
-0.000000000000015393
-0.000000000000012199
-0.000000000000009475
-0.000000000000007325
-0.000000000000005561
-0.000000000000004478
-0.000000000000003275
-0.000000000000002480
-0.000000000000002215
-0.000000000000001709
-0.000000000000001172
-0.000000000000000930
-0.000000000000000508
-0.000000000000000475
-0.000000000000000668
-0.000000000000000751
-0.000000000000000067
0.000000000000000078
-0.000000000000000319
-0.000000000000000269
0.000000000000000180
0.000000000000000152
-0.000000000000000555
-0.000000000000000072
-0.000000000000000018
0.000000000000000223
-0.000000000000000001
-0.000000000000000160
-0.000000000000000126
-0.000000000000000006
0.000000000000000063
-0.000000000000000149
0.000000000000000632
-0.000000000000000528
-0.000000000000000144
0.000000000000000080
0.000000000000000092
0.000000000000000197
-0.000000000000000247
-0.000000000000000046
-0.000000000000000050
0.000000000000000293
-0.000000000000000303
0.000000000000000208
-0.000000000000000224
-0.000000000000000041
0.000000000000000079
0.000000000000000482
-0.000000000000000132
-0.000000000000000388
-0.000000000000000010
0.000000000000000167
0.000000000000000235
-0.000000000000000001
-0.000000000000000134
-0.000000000000000243
0.000000000000000179
-0.000000000000000437
0.000000000000000288
0.000000000000000414
-0.000000000000000111
-0.000000000000000473
0.000000000000000188
-0.000000000000000018
0.000000000000000245
0.000000000000000059
0.000000000000000190
-0.000000000000000604
0.000000000000000046
0.000000000000000542
-0.000000000000000061
-0.000000000000000152
-0.000000000000000310
0.000000000000000178
0.000000000000000198
0.000000000000000116
-0.000000000000000321
0.000000000000000033
0.000000000000000288
-0.000000000000000510
0.000000000000000166
0.000000000000000501
0.000000000000000009
-0.000000000000000507
0.000000000000000034
0.000000000000000102
0.000000000000000075
0.000000000000000320
0.000000000000000080
-0.000000000000000278
-0.000000000000000271
0.000000000000000289
0.000000000000000077
-0.000000000000000051
0.000000000000000379
-0.000000000000000665
0.000000000000000278
-0.000000000000000032
0.000000000000000495
-0.000000000000000148
-0.000000000000000641
0.000000000000000262
0.000000000000000116
0.000000000000000353
-0.000000000000000682
0.000000000000000417
-0.000000000000000442
0.000000000000000433
-0.000000000000000423
0.000000000000000360
-0.000000000000000260
0.000000000000000120
-0.000000000000000076
0.000000000000000344
-0.000000000000000651
0.000000000000000045
0.000000000000000318
0.000000000000000442
-0.000000000000000286
-0.000000000000000704
0.000000000000000487
-0.000000000000000228
0.000000000000000437
-0.000000000000000186
-0.000000000000000121
-0.000000000000000437
0.000000000000000283
0.000000000000000525
-0.000000000000000327
-0.000000000000000435
0.000000000000000412
0.000000000000000318
-0.000000000000000620
0.000000000000000458
0.000000000000000199
-0.000000000000000804
0.000000000000000577
0.000000000000000223
-0.000000000000000519
0.000000000000000057
0.000000000000000075
0.000000000000000057
0.000000000000000237
-0.000000000000000414
-0.000000000000000119
0.000000000000000528
-0.000000000000000306
0.000000000000000162
-0.000000000000000588
0.000000000000000271
0.000000000000000109
0.000000000000000059
0.000000000000000086
-0.000000000000000499
0.000000000000000640
-0.000000000000000238
-0.000000000000000119
0.000000000000000160
0.000000000000000103
-0.000000000000000040
-0.000000000000000348
0.000000000000000205
0.000000000000000372
-0.000000000000000286
-0.000000000000000572
0.000000000000000698
0.000000000000000058
0.000000000000000094
-0.000000000000000332
-0.000000000000000344
0.000000000000000507
0.000000000000000054
-0.000000000000000471
0.000000000000000082
0.000000000000000387
-0.000000000000000511
0.000000000000000572
-0.000000000000000652
-0.000000000000000237
0.000000000000001099
-0.000000000000000352
-0.000000000000000840
0.000000000000000243
0.000000000000000157
0.000000000000000335
0.000000000000000423
-0.000000000000001035
0.000000000000000161
0.000000000000000208
-0.000000000000000136
-0.000000000000000014
0.000000000000000221
-0.000000000000000173
-0.000000000000000391
0.000000000000000404
-0.000000000000000236
0.000000000000000205
0.000000000000000132
-0.000000000000000588
0.000000000000000129
0.000000000000000095
0.000000000000000287
0.000000000000000026
-0.000000000000000239
-0.000000000000000458
0.000000000000000265
0.000000000000000385
-0.000000000000000156
0.000000000000000216
-0.000000000000000334
0.000000000000000232
-0.000000000000000185
0.000000000000000120
0.000000000000000082
0.000000000000000306
-0.000000000000000151
-0.000000000000000504
0.000000000000000284
0.000000000000000224
-0.000000000000000214
0.000000000000000120
-0.000000000000000679
0.000000000000000436
