0.000000000000000000
0.000000000000000000
0.000000000000000000
0.000000000000000000
-0.000000000000000000
-0.000000000000000000
-0.000000000000000000
-0.000000000000000000
-0.000000000000000000
-0.000000000000000000
-0.000000000000000000
-0.000000000000000000
-0.000000000000000000
-0.000000000000000000
-0.000000000000000000
-0.000000000000000000
-0.000000000000000000
-0.000000000000000000
-0.000000000000000000
-0.000000000000000000
-0.000000000000000000
-0.000000000000000000
-0.000000000000000000
-0.000000000000000000
-0.000000000000000000
-0.000000000000000000
-0.000000000000000000
-0.000000000000000000
0.000000000000000000
0.000000000000000000
0.000000000000000001
0.000000000000000003
0.000000000000000009
0.000000000000000019
0.000000000000000034
0.000000000000000048
0.000000000000000052
0.000000000000000017
-0.000000000000000035
-0.000000000000000092
-0.000000000000000139
-0.000000000000000086
-0.000000000000000012
0.000000000000000054
0.000000000000000032
-0.000000000000000075
-0.000000000000000117
-0.000000000000000181
-0.000000000000000140
-0.000000000000000076
0.000000000000000049
0.000000000000000029
-0.000000000000000232
-0.000000000000000322
-0.000000000000000013
0.000000000000000219
0.000000000000000016
-0.000000000000000185
0.000000000000000034
0.000000000000000188
0.000000000000000163
0.000000000000000162
-0.000000000000000125
-0.000000000000000403
-0.000000000000000065
0.000000000000000229
0.000000000000000167
0.000000000000000163
-0.000000000000000039
-0.000000000000000183
0.000000000000000346
0.000000000000000694
0.000000000000000797
0.000000000000001929
0.000000000000006546
0.000000000000020925
0.000000000000063259
0.000000000000185519
0.000000000000531695
0.000000000001487929
0.000000000004065048
0.000000000010841048
0.000000000028224226
0.000000000071696016
0.000000000177698862
0.000000000430766796
0.000000001021382922
0.000000002367818904
0.000000005364442776
0.000000011875873625
0.000000025748908742
0.000000054684259529
0.000000113712682064
0.000000231414735363
0.000000460807968681
0.000000899748165202
0.000001723012175246
0.000003234975343739
0.000005951918491188
0.000010728195557794
0.000018981817615812
0.000032977750878524
0.000056240285326585
0.000094103671459351
0.000154437426262820
0.000249040709814330
0.000394751808665112
0.000614911394861877
0.000940874745049693
0.001413562943503304
0.002088669611184578
0.003036601253450493
0.004343094056610804
0.006108201198394297
0.008443986387383562
0.011490204873781147
0.015398074142890975
0.020320141269923899
0.026395929668696819
0.033736909026128491
0.042479073723395086
0.052719256022093285
0.064488740042037043
0.077726949766934672
0.092265395309534703
0.107981082669557818
0.124658529690117800
0.141966850942260636
0.159449651295218292
0.176540537861617136
0.192856830337739732
0.207974909491850907
0.221422107385462918
0.232689083160835058
0.241269418924193402
0.247010794815813423
0.249814309235365406
0.249615772899637406
0.246388133592650549
0.240163215109539974
0.231306662299009258
0.220214227685204794
0.207278287390592952
0.192876349762835853
0.177374104898545853
0.161284725237768906
0.145059808386964917
0.129071849591368887
0.113614467483956316
0.098911731421232968
0.085199855244892306
0.072634745583762914
0.061297650194643269
0.051208391126959379
0.042340454611590264
0.034659257151971407
0.028096353813645229
0.022559190734853046
0.017941409200767870
0.014131604310654616
0.011026430833699585
0.008524850431016025
0.006531567852421478
0.004959666001657011
0.003732114875842346
0.002783632499861376
0.002058293566728901
0.001509056744313551
0.001097078846468710
0.000790834453741506
0.000565353394466989
0.000400877826828387
0.000281980768409441
0.000196778160379330
0.000136232633588720
0.000093581794831392
0.000063792156204673
0.000043157903860388
0.000028980552020886
0.000019315944538448
0.000012780206660140
0.000008395040373893
0.000005475403983849
0.000003546127913745
0.000002280644952743
0.000001456693590409
0.000000924120315667
0.000000582342666046
0.000000364547616748
0.000000226716979422
0.000000140089066420
0.000000086010378841
0.000000052475790171
0.000000031817290670
0.000000019173375699
0.000000011484093094
0.000000006837355736
0.000000004046725077
0.000000002381091557
0.000000001392982838
0.000000000810289813
0.000000000468689642
0.000000000269593099
0.000000000154220009
0.000000000087745863
0.000000000049657507
0.000000000027954573
0.000000000015654099
0.000000000008721267
0.000000000004833768
0.000000000002666314
0.000000000001462978
0.000000000000798797
0.000000000000434232
0.000000000000235017
0.000000000000126104
0.000000000000067704
0.000000000000036439
0.000000000000018953
0.000000000000010028
0.000000000000005615
0.000000000000002734
0.000000000000001205
0.000000000000001231
0.000000000000000086
0.000000000000000297
0.000000000000000075
0.000000000000000095
0.000000000000000046
-0.000000000000000023
-0.000000000000000073
0.000000000000000270
-0.000000000000000253
0.000000000000000109
-0.000000000000000007
-0.000000000000000030
-0.000000000000000020
-0.000000000000000011
0.000000000000000049
-0.000000000000000029
-0.000000000000000113
0.000000000000000135
-0.000000000000000029
-0.000000000000000071
0.000000000000000135
0.000000000000000038
-0.000000000000000131
0.000000000000000187
-0.000000000000000137
0.000000000000000119
-0.000000000000000043
0.000000000000000044
0.000000000000000016
-0.000000000000000132
0.000000000000000283
-0.000000000000000269
0.000000000000000172
0.000000000000000018
-0.000000000000000194
0.000000000000000132
-0.000000000000000010
-0.000000000000000135
0.000000000000000120
0.000000000000000016
-0.000000000000000109
-0.000000000000000031
0.000000000000000132
-0.000000000000000080
-0.000000000000000108
0.000000000000000145
-0.000000000000000100
-0.000000000000000013
0.000000000000000137
-0.000000000000000097
0.000000000000000021
-0.000000000000000039
0.000000000000000131
-0.000000000000000223
0.000000000000000257
-0.000000000000000124
-0.000000000000000029
0.000000000000000072
-0.000000000000000018
0.000000000000000017
-0.000000000000000010
0.000000000000000060
0.000000000000000067
-0.000000000000000109
0.000000000000000169
-0.000000000000000238
0.000000000000000142
-0.000000000000000096
0.000000000000000121
-0.000000000000000097
-0.000000000000000037
0.000000000000000059
-0.000000000000000127
-0.000000000000000016
0.000000000000000110
-0.000000000000000187
-0.000000000000000001
0.000000000000000187
-0.000000000000000314
0.000000000000000229
-0.000000000000000051
-0.000000000000000110
0.000000000000000080
-0.000000000000000084
0.000000000000000018
-0.000000000000000036
0.000000000000000075
0.000000000000000002
0.000000000000000014
-0.000000000000000003
0.000000000000000072
-0.000000000000000088
0.000000000000000258
-0.000000000000000196
0.000000000000000218
-0.000000000000000196
0.000000000000000201
-0.000000000000000129
0.000000000000000056
0.000000000000000071
-0.000000000000000012
-0.000000000000000023
0.000000000000000061
0.000000000000000197
-0.000000000000000311
0.000000000000000317
-0.000000000000000133
-0.000000000000000058
0.000000000000000271
-0.000000000000000379
0.000000000000000193
-0.000000000000000123
-0.000000000000000017
0.000000000000000035
0.000000000000000011
0.000000000000000053
-0.000000000000000037
0.000000000000000056
-0.000000000000000033
-0.000000000000000050
0.000000000000000059
-0.000000000000000106
0.000000000000000070
-0.000000000000000192
0.000000000000000194
-0.000000000000000333
0.000000000000000396
-0.000000000000000340
0.000000000000000353
-0.000000000000000032
-0.000000000000000042
0.000000000000000065
-0.000000000000000026
-0.000000000000000093
0.000000000000000021
0.000000000000000050
-0.000000000000000105
0.000000000000000223
-0.000000000000000187
0.000000000000000046
0.000000000000000099
-0.000000000000000140
0.000000000000000059
0.000000000000000027
-0.000000000000000123
0.000000000000000044
0.000000000000000004
-0.000000000000000125
0.000000000000000239
-0.000000000000000204
0.000000000000000122
-0.000000000000000054
-0.000000000000000032
0.000000000000000041
0.000000000000000060
-0.000000000000000131
0.000000000000000183
-0.000000000000000172
0.000000000000000048
0.000000000000000096
-0.000000000000000207
0.000000000000000293
-0.000000000000000192
0.000000000000000166
-0.000000000000000197
0.000000000000000263
-0.000000000000000170
0.000000000000000166
-0.000000000000000079
-0.000000000000000032
-0.000000000000000057
-0.000000000000000022
-0.000000000000000059
0.000000000000000073
-0.000000000000000146
0.000000000000000085
-0.000000000000000092
0.000000000000000042
-0.000000000000000079
0.000000000000000052
-0.000000000000000144
0.000000000000000103
-0.000000000000000107
0.000000000000000070
0.000000000000000009
-0.000000000000000153
0.000000000000000246
-0.000000000000000245
0.000000000000000313
-0.000000000000000361
0.000000000000000269
-0.000000000000000159
0.000000000000000074
0.000000000000000012
-0.000000000000000103
0.000000000000000104
-0.000000000000000066
0.000000000000000070
0.000000000000000017
-0.000000000000000073
0.000000000000000085
-0.000000000000000123
0.000000000000000070
-0.000000000000000024
-0.000000000000000082
0.000000000000000168
-0.000000000000000200
0.000000000000000174
-0.000000000000000033
-0.000000000000000150
0.000000000000000424
-0.000000000000000409
0.000000000000000498
-0.000000000000000417
0.000000000000000311
-0.000000000000000184
0.000000000000000074
0.000000000000000065
-0.000000000000000064
0.000000000000000074
-0.000000000000000018
-0.000000000000000020
0.000000000000000164
-0.000000000000000152
0.000000000000000138
-0.000000000000000127
0.000000000000000122
-0.000000000000000078
0.000000000000000035
0.000000000000000056
-0.000000000000000165
0.000000000000000280
-0.000000000000000276
0.000000000000000221
-0.000000000000000204
0.000000000000000009
-0.000000000000000024
-0.000000000000000145
0.000000000000000133
-0.000000000000000076
0.000000000000000080
-0.000000000000000073
0.000000000000000078
0.000000000000000068
-0.000000000000000079
0.000000000000000126
-0.000000000000000138
0.000000000000000163
-0.000000000000000222
0.000000000000000135
-0.000000000000000167
0.000000000000000122
-0.000000000000000178
0.000000000000000247
-0.000000000000000206
0.000000000000000194
-0.000000000000000167
0.000000000000000137
-0.000000000000000111
0.000000000000000061
-0.000000000000000021
-0.000000000000000024
0.000000000000000057
-0.000000000000000062
0.000000000000000120
-0.000000000000000092
0.000000000000000180
-0.000000000000000128
0.000000000000000138
-0.000000000000000157
0.000000000000000137
-0.000000000000000138
0.000000000000000100
-0.000000000000000143
0.000000000000000137
-0.000000000000000134
0.000000000000000156
-0.000000000000000220
0.000000000000000191
-0.000000000000000166
0.000000000000000088
-0.000000000000000006
-0.000000000000000078
0.000000000000000143
-0.000000000000000144
0.000000000000000138
-0.000000000000000117
0.000000000000000091
-0.000000000000000050
0.000000000000000012
0.000000000000000020
-0.000000000000000034
0.000000000000000027
