-0.000000000000000000
-0.000000000000000000
-0.000000000000000000
-0.000000000000000000
-0.000000000000000000
-0.000000000000000000
-0.000000000000000000
-0.000000000000000000
-0.000000000000000000
-0.000000000000000000
-0.000000000000000000
-0.000000000000000000
-0.000000000000000000
-0.000000000000000000
-0.000000000000000000
-0.000000000000000000
-0.000000000000000000
-0.000000000000000000
-0.000000000000000000
-0.000000000000000000
-0.000000000000000000
-0.000000000000000000
0.000000000000000000
0.000000000000000000
0.000000000000000000
0.000000000000000000
0.000000000000000000
-0.000000000000000000
-0.000000000000000000
-0.000000000000000000
-0.000000000000000001
-0.000000000000000002
-0.000000000000000003
-0.000000000000000004
-0.000000000000000006
-0.000000000000000005
-0.000000000000000009
0.000000000000000040
0.000000000000000050
0.000000000000000115
0.000000000000000312
0.000000000000000287
0.000000000000000132
-0.000000000000000008
-0.000000000000000154
-0.000000000000000113
-0.000000000000000004
0.000000000000000080
0.000000000000000044
0.000000000000000015
0.000000000000000168
0.000000000000000311
0.000000000000000329
0.000000000000000192
0.000000000000000155
0.000000000000000218
0.000000000000000290
0.000000000000000169
-0.000000000000000037
-0.000000000000000338
-0.000000000000000347
-0.000000000000000071
0.000000000000000159
0.000000000000000249
0.000000000000000125
-0.000000000000000235
-0.000000000000000350
-0.000000000000000010
-0.000000000000000007
-0.000000000000000077
-0.000000000000000158
-0.000000000000001337
-0.000000000000004621
-0.000000000000014544
-0.000000000000046825
-0.000000000000143787
-0.000000000000429290
-0.000000000001251922
-0.000000000003552671
-0.000000000009816239
-0.000000000026480770
-0.000000000069738570
-0.000000000179226355
-0.000000000449291510
-0.000000001098584607
-0.000000002626435582
-0.000000006139739604
-0.000000014028078540
-0.000000031311340743
-0.000000068264365084
-0.000000145701736498
-0.000000304487259291
-0.000000622772296503
-0.000001246011032432
-0.000002438031402577
-0.000004675259919389
-0.000008788449654696
-0.000016188046880568
-0.000029202511743782
-0.000051575656508273
-0.000089355201643160
-0.000151904387116293
-0.000253308726164684
-0.000414115741534297
-0.000663444884436184
-0.001043444506144942
-0.001611639454682397
-0.002443851361329751
-0.003636205277332256
-0.005306054906328819
-0.007605374300958388
-0.010711802691088851
-0.014821384875248915
-0.020134939386349939
-0.026840229603296399
-0.035152700950485463
-0.045250678742876263
-0.057236862466281423
-0.071094647132476513
-0.086651896556626515
-0.103730315438896534
-0.121985538207573851
-0.140868977053603267
-0.159608788577726590
-0.177229979711641117
-0.192916347737177307
-0.205768067950979572
-0.214822760725675549
-0.219111198692848064
-0.217752553052830811
-0.210387963242543607
-0.196871376109485768
-0.177282159152374302
-0.151954965612129733
-0.121511929420535264
-0.087028863168152018
-0.049749251548005365
-0.011023167565748726
0.027742311061413352
0.065139791246437692
0.099893834755617306
0.130917819249617068
0.157340082360224232
0.178517478058890289
0.194050014091770501
0.203957436964087441
0.208489570861388557
0.208068286145359077
0.203239038873435196
0.194635215397849781
0.183086026175798389
0.169404811596373994
0.154340973095777240
0.138554600494815688
0.122607337303647840
0.107032549175532773
0.092237752762014638
0.078507273241646983
0.066016542184276314
0.054851243563432336
0.045052162298510182
0.036594915492574577
0.029406224013747345
0.023380506990550401
0.018394261173053282
0.014323979447974030
0.011044002333013770
0.008432812863591861
0.006377715214187366
0.004777680405611696
0.003545934302359110
0.002607976893523863
0.001901153484101040
0.001373806861177445
0.000984114471939246
0.000698965724675616
0.000492304376428775
0.000343910827399348
0.000238309828249632
0.000163811636466581
0.000111716444253015
0.000075599918049207
0.000050770751241378
0.000033840742807208
0.000022388736067024
0.000014703950607356
0.000009587475347997
0.000006207089724132
0.000003990508441324
0.000002547769900915
0.000001615573729486
0.000001017583740356
0.000000636694673853
0.000000395776509473
0.000000244436927677
0.000000150009234170
0.000000091482649609
0.000000055445227878
0.000000033398859953
0.000000019997942533
0.000000011903001883
0.000000007043276927
0.000000004143530095
0.000000002423695996
0.000000001409759544
0.000000000815452391
0.000000000469097691
0.000000000268389577
0.000000000152734970
0.000000000086462927
0.000000000048692535
0.000000000027281165
0.000000000015207290
0.000000000008434278
0.000000000004654867
0.000000000002556866
0.000000000001397467
0.000000000000760047
0.000000000000411811
0.000000000000221887
0.000000000000118859
0.000000000000063509
0.000000000000034074
0.000000000000017536
0.000000000000009412
0.000000000000005298
0.000000000000002317
0.000000000000001381
0.000000000000000907
0.000000000000000240
0.000000000000000070
0.000000000000000167
0.000000000000000235
-0.000000000000000320
0.000000000000000194
0.000000000000000120
-0.000000000000000267
0.000000000000000182
0.000000000000000043
-0.000000000000000136
0.000000000000000033
0.000000000000000085
-0.000000000000000146
0.000000000000000090
-0.000000000000000012
-0.000000000000000147
0.000000000000000211
-0.000000000000000317
0.000000000000000156
0.000000000000000094
-0.000000000000000322
0.000000000000000249
-0.000000000000000056
-0.000000000000000099
0.000000000000000112
-0.000000000000000124
0.000000000000000123
-0.000000000000000208
0.000000000000000190
0.000000000000000073
-0.000000000000000325
0.000000000000000451
-0.000000000000000150
-0.000000000000000161
0.000000000000000124
0.000000000000000077
-0.000000000000000433
0.000000000000000384
-0.000000000000000167
-0.000000000000000104
0.000000000000000196
-0.000000000000000095
0.000000000000000004
-0.000000000000000034
0.000000000000000168
-0.000000000000000084
-0.000000000000000070
0.000000000000000243
-0.000000000000000269
0.000000000000000337
-0.000000000000000151
0.000000000000000015
0.000000000000000123
-0.000000000000000180
0.000000000000000047
0.000000000000000075
-0.000000000000000184
0.000000000000000038
0.000000000000000124
-0.000000000000000211
-0.000000000000000018
0.000000000000000234
-0.000000000000000371
0.000000000000000161
0.000000000000000137
-0.000000000000000278
0.000000000000000214
-0.000000000000000060
-0.000000000000000147
0.000000000000000141
-0.000000000000000078
0.000000000000000045
-0.000000000000000055
0.000000000000000156
-0.000000000000000120
0.000000000000000013
0.000000000000000228
-0.000000000000000205
0.000000000000000143
-0.000000000000000020
0.000000000000000021
-0.000000000000000138
0.000000000000000124
-0.000000000000000109
-0.000000000000000059
0.000000000000000154
-0.000000000000000046
0.000000000000000071
0.000000000000000019
0.000000000000000048
-0.000000000000000012
-0.000000000000000099
0.000000000000000064
-0.000000000000000153
0.000000000000000069
0.000000000000000057
-0.000000000000000093
0.000000000000000097
0.000000000000000126
-0.000000000000000184
0.000000000000000090
-0.000000000000000046
0.000000000000000034
-0.000000000000000061
0.000000000000000159
-0.000000000000000198
0.000000000000000036
0.000000000000000034
-0.000000000000000175
0.000000000000000156
0.000000000000000016
-0.000000000000000125
0.000000000000000136
-0.000000000000000089
0.000000000000000016
0.000000000000000020
0.000000000000000016
-0.000000000000000024
0.000000000000000185
-0.000000000000000213
0.000000000000000129
-0.000000000000000071
-0.000000000000000046
0.000000000000000122
-0.000000000000000148
0.000000000000000155
-0.000000000000000162
0.000000000000000081
-0.000000000000000123
0.000000000000000084
-0.000000000000000235
0.000000000000000142
-0.000000000000000163
0.000000000000000062
0.000000000000000042
0.000000000000000041
-0.000000000000000058
0.000000000000000177
-0.000000000000000249
0.000000000000000292
-0.000000000000000141
0.000000000000000016
0.000000000000000102
-0.000000000000000143
0.000000000000000160
0.000000000000000045
-0.000000000000000090
0.000000000000000121
-0.000000000000000114
0.000000000000000064
-0.000000000000000003
-0.000000000000000074
0.000000000000000063
-0.000000000000000049
-0.000000000000000074
0.000000000000000090
0.000000000000000075
-0.000000000000000162
0.000000000000000333
-0.000000000000000239
0.000000000000000133
0.000000000000000122
-0.000000000000000246
0.000000000000000304
-0.000000000000000238
0.000000000000000078
0.000000000000000143
-0.000000000000000278
0.000000000000000185
-0.000000000000000028
-0.000000000000000195
0.000000000000000373
-0.000000000000000390
0.000000000000000281
-0.000000000000000146
0.000000000000000048
-0.000000000000000031
-0.000000000000000035
0.000000000000000019
-0.000000000000000014
0.000000000000000117
-0.000000000000000197
0.000000000000000292
-0.000000000000000218
0.000000000000000092
0.000000000000000167
-0.000000000000000245
0.000000000000000315
-0.000000000000000218
0.000000000000000208
0.000000000000000038
-0.000000000000000223
0.000000000000000352
-0.000000000000000378
0.000000000000000358
-0.000000000000000347
0.000000000000000238
-0.000000000000000253
0.000000000000000272
-0.000000000000000266
0.000000000000000122
-0.000000000000000012
-0.000000000000000063
0.000000000000000242
-0.000000000000000405
0.000000000000000429
-0.000000000000000357
0.000000000000000094
0.000000000000000022
-0.000000000000000270
0.000000000000000220
-0.000000000000000185
0.000000000000000173
-0.000000000000000037
-0.000000000000000104
0.000000000000000212
-0.000000000000000114
0.000000000000000071
0.000000000000000077
-0.000000000000000156
0.000000000000000234
-0.000000000000000287
0.000000000000000203
-0.000000000000000093
0.000000000000000017
-0.000000000000000123
0.000000000000000101
-0.000000000000000238
0.000000000000000312
-0.000000000000000391
0.000000000000000483
-0.000000000000000400
0.000000000000000258
-0.000000000000000188
0.000000000000000004
0.000000000000000040
-0.000000000000000084
0.000000000000000114
-0.000000000000000071
0.000000000000000067
-0.000000000000000002
-0.000000000000000085
0.000000000000000060
-0.000000000000000091
0.000000000000000190
-0.000000000000000232
0.000000000000000244
-0.000000000000000233
0.000000000000000180
-0.000000000000000162
0.000000000000000048
0.000000000000000038
-0.000000000000000157
0.000000000000000309
-0.000000000000000446
0.000000000000000486
-0.000000000000000675
0.000000000000000531
-0.000000000000000499
0.000000000000000405
-0.000000000000000304
0.000000000000000231
-0.000000000000000142
0.000000000000000115
-0.000000000000000141
0.000000000000000162
-0.000000000000000183
0.000000000000000163
-0.000000000000000198
0.000000000000000189
-0.000000000000000151
0.000000000000000114
-0.000000000000000038
-0.000000000000000093
0.000000000000000201
-0.000000000000000300
0.000000000000000417
-0.000000000000000402
0.000000000000000338
-0.000000000000000296
0.000000000000000323
-0.000000000000000324
0.000000000000000270
-0.000000000000000231
0.000000000000000157
-0.000000000000000115
0.000000000000000064
