-0.000000000000000
-0.000000000000000
0.000000000000000
0.000000000000000
-0.000000000000000
-0.000000000000000
-0.000000000000000
-0.000000000000000
0.000000000000000
0.000000000000000
-0.000000000000000
-0.000000000000000
0.000000000000000
0.000000000000000
0.000000000000000
0.000000000000000
-0.000000000000000
-0.000000000000000
0.000000000000001
0.000000000000001
0.000000000000000
0.000000000000000
0.000000000000000
0.000000000000000
-0.000000000000000
-0.000000000000000
-0.000000000000000
0.000000000000000
0.000000000000000
0.000000000000001
0.000000000000001
0.000000000000000
0.000000000000000
0.000000000000000
-0.000000000000000
-0.000000000000000
-0.000000000000000
-0.000000000000001
-0.000000000000000
-0.000000000000000
-0.000000000000000
0.000000000000000
0.000000000000000
-0.000000000000000
-0.000000000000000
0.000000000000000
0.000000000000000
-0.000000000000001
-0.000000000000001
-0.000000000000001
-0.000000000000002
-0.000000000000001
-0.000000000000001
-0.000000000000001
-0.000000000000001
-0.000000000000001
-0.000000000000001
-0.000000000000000
0.000000000000000
0.000000000000001
0.000000000000001
0.000000000000000
0.000000000000001
0.000000000000001
0.000000000000001
0.000000000000002
0.000000000000002
0.000000000000001
0.000000000000001
0.000000000000001
0.000000000000001
0.000000000000001
0.000000000000001
0.000000000000001
0.000000000000000
-0.000000000000000
0.000000000000000
0.000000000000000
0.000000000000000
-0.000000000000000
-0.000000000000000
0.000000000000000
0.000000000000000
0.000000000000001
0.000000000000001
0.000000000000001
0.000000000000001
0.000000000000001
0.000000000000001
0.000000000000001
0.000000000000001
0.000000000000001
0.000000000000001
0.000000000000001
0.000000000000000
0.000000000000000
0.000000000000000
0.000000000000000
0.000000000000001
0.000000000000001
0.000000000000002
0.000000000000003
0.000000000000004
0.000000000000005
0.000000000000008
0.000000000000012
0.000000000000017
0.000000000000025
0.000000000000036
0.000000000000051
0.000000000000074
0.000000000000106
0.000000000000151
0.000000000000215
0.000000000000304
0.000000000000428
0.000000000000602
0.000000000000842
0.000000000001177
0.000000000001643
0.000000000002285
0.000000000003172
0.000000000004394
0.000000000006073
0.000000000008377
0.000000000011532
0.000000000015841
0.000000000021716
0.000000000029710
0.000000000040564
0.000000000055268
0.000000000075149
0.000000000101972
0.000000000138085
0.000000000186606
0.000000000251657
0.000000000338691
0.000000000454890
0.000000000609700
0.000000000815518
0.000000001088574
0.000000001450070
0.000000001927638
0.000000002557215
0.000000003385427
0.000000004472639
0.000000005896818
0.000000007758443
0.000000010186703
0.000000013347329
0.000000017452440
0.000000022772903
0.000000029653803
0.000000038533771
0.000000049969047
0.000000064663373
0.000000083505039
0.000000107612647
0.000000138391530
0.000000177603089
0.000000227449794
0.000000290679104
0.000000370710168
0.000000471787866
0.000000599169599
0.000000759351106
0.000000960338747
0.000001211976833
0.000001526340011
0.000001918202263
0.000002405595817
0.000003010475225
0.000003759504001
0.000004684983587
0.000005825946993
0.000007229442228
0.000008952033657
0.000011061552539
0.000013639131370
0.000016781560043
0.000020604005355
0.000025243138866
0.000030860721498
0.000037647696481
0.000045828845084
0.000055668062031
0.000067474309230
0.000081608307381
0.000098490024960
0.000118607022587
0.000142523707871
0.000170891550960
0.000204460304007
0.000244090258296
0.000290765560431
0.000345608593529
0.000409895410402
0.000485072182969
0.000572772605347
0.000674836156963
0.000793327096510
0.000930554017469
0.001089089751312
0.001271791355501
0.001481819870288
0.001722659471484
0.001998135586492
0.002312431478749
0.002670102742294
0.003076089084813
0.003535722715562
0.004054732595890
0.004639243756494
0.005295770839328
0.006031204985517
0.006852793166349
0.007768109044956
0.008785014464584
0.009911610687929
0.011156178563824
0.012527106874911
0.014032808225398
0.015681621963318
0.017481703798650
0.019440901978013
0.021566620108852
0.023865666990525
0.026344094105190
0.029007021745509
0.031858455105444
0.034901092030551
0.038136124509132
0.041563036378975
0.045179400117894
0.048980675971051
0.052960017034140
0.057108084247957
0.061412875555534
0.065859573715852
0.070430417446376
0.075104600668512
0.079858204644388
0.084664167709751
0.089492297117343
0.094309327200389
0.099079027641499
0.103762365085591
0.108317720665923
0.112701165223192
0.116866793094721
0.120767114343779
0.124353504200963
0.127576707316893
0.130387393198130
0.132736757939069
0.134577166097621
0.135862825319717
0.136550485127035
0.136600150174968
0.135975797295146
0.134646084789886
0.132585041774497
0.129772724895214
0.126195829510073
0.121848242428207
0.116731523575642
0.110855304503347
0.104237592480497
0.096904970020544
0.088892681060770
0.080244596641473
0.071013054785767
0.061258571335338
0.051049420715126
0.040461087939050
0.029575595582683
0.018480711886709
0.007269048563705
-0.003962940794367
-0.015116048624336
-0.026089472537770
-0.036782028874827
-0.047093402372857
-0.056925412522400
-0.066183276412115
-0.074776847481836
-0.082621809626757
-0.089640806533276
-0.095764486976446
-0.100932448058166
-0.105094059992651
-0.108209158020198
-0.110248589312120
-0.111194605271461
-0.111041092381799
-0.109793637650704
-0.107469427672428
-0.104096983330923
-0.099715735114006
-0.094375446847978
-0.088135498328026
-0.081064039756399
-0.073237033056576
-0.064737196963659
-0.055652874263387
-0.046076840637664
-0.036105075256432
-0.025835513526585
-0.015366802271136
-0.004797077077934
0.005777219351776
0.016262460279472
0.026568883418530
0.036611550654675
0.046311206864107
0.055595027910639
0.064397250231540
0.072659676809241
0.080332056719159
0.087372337791268
0.093746794176202
0.099430032722054
0.104404884006548
0.108662185598507
0.112200466616005
0.115025543886989
0.117150040988857
0.118592842140977
0.119378493349352
0.119536563362827
0.119100976908351
0.118109332346716
0.116602215352010
0.114622519493408
0.112214783714856
0.109424555696518
0.106297788972165
0.102880280499506
0.099217154165687
0.095352394486146
0.091328433548176
0.087185793084590
0.082962782458964
0.078695252319634
0.074416402749535
0.070156643914007
0.065943506496616
0.061801598618170
0.057752605457867
0.053815327436358
0.050005752574544
0.046337158502990
0.042820239556989
0.039463254442245
0.036272190085456
0.033250937481613
0.030401475604316
0.027724059745213
0.025217410982736
0.022878903837825
0.020704749545329
0.018690172745173
0.016829579768766
0.015116717056762
0.013544818587766
0.012106741519313
0.010795089538450
0.009602323686867
0.008520860662943
0.007543158809381
0.006661792170349
0.005869513146673
0.005159304393007
0.004524420688635
0.003958421575725
0.003455195597793
0.003008976989393
0.002614355668142
0.002266281364892
0.001960062699576
0.001691361971647
0.001456186387273
0.001250876392803
0.001072091727417
0.000916795749030
0.000782238527974
0.000665939144012
0.000565667564968
0.000479426430442
0.000405433012501
0.000342101577358
0.000288026328123
0.000241965069020
0.000202823696075
0.000169641588020
0.000141577944117
0.000117899092408
0.000097966772414
0.000081227380221
0.000067202150916
0.000055478243151
0.000045700682934
0.000037565118205
0.000030811332120
0.000025217460947
0.000020594861704
0.000016783575135
0.000013648330789
0.000011075042962
0.000008967748711
0.000007245941920
0.000005842260480
0.000004700486836
0.000003773825344
0.000003023423104
0.000002417104048
0.000001928289046
0.000001535077648
0.000001219469703
0.000000966707607
0.000000764722178
0.000000603667251
0.000000475529927
0.000000373805169
0.000000293224897
0.000000229533108
0.000000179299725
0.000000139766960
0.000000108722849
0.000000084397449
0.000000065377871
0.000000050538916
0.000000038986611
0.000000030012364
0.000000023055829
0.000000017674932
0.000000013521721
0.000000010322954
0.000000007864561
0.000000005979213
0.000000004536420
0.000000003434652
0.000000002595094
0.000000001956703
0.000000001472308
0.000000001105542
0.000000000828427
0.000000000619494
0.000000000462300
0.000000000344283
0.000000000255866
0.000000000189764
0.000000000140450
0.000000000103738
0.000000000076464
0.000000000056246
0.000000000041288
0.000000000030246
0.000000000022112
0.000000000016132
0.000000000011745
0.000000000008534
0.000000000006187
0.000000000004478
0.000000000003233
0.000000000002330
0.000000000001676
0.000000000001203
0.000000000000861
0.000000000000616
0.000000000000439
0.000000000000313
0.000000000000222
0.000000000000157
0.000000000000111
0.000000000000079
0.000000000000055
0.000000000000039
0.000000000000027
0.000000000000019
0.000000000000014
0.000000000000009
0.000000000000006
0.000000000000005
0.000000000000003
0.000000000000002
0.000000000000002
0.000000000000001
0.000000000000001
0.000000000000001
0.000000000000000
0.000000000000000
0.000000000000000
-0.000000000000000
0.000000000000000
0.000000000000000
0.000000000000000
0.000000000000000
-0.000000000000000
0.000000000000000
0.000000000000000
-0.000000000000000
-0.000000000000000
0.000000000000000
0.000000000000000
-0.000000000000000
0.000000000000000
0.000000000000000
-0.000000000000001
-0.000000000000000
0.000000000000000
-0.000000000000000
-0.000000000000000
0.000000000000000
0.000000000000000
0.000000000000000
-0.000000000000000
0.000000000000000
0.000000000000000
-0.000000000000000
0.000000000000000
-0.000000000000000
0.000000000000000
0.000000000000000
-0.000000000000000
0.000000000000000
0.000000000000000
0.000000000000000
-0.000000000000000
0.000000000000000
0.000000000000000
-0.000000000000000
0.000000000000000
0.000000000000000
-0.000000000000000
-0.000000000000000
0.000000000000000
-0.000000000000000
-0.000000000000000
0.000000000000000
0.000000000000000
-0.000000000000000
0.000000000000000
0.000000000000000
-0.000000000000000
0.000000000000000
-0.000000000000000
-0.000000000000000
0.000000000000000
0.000000000000000
-0.000000000000000
0.000000000000000
-0.000000000000000
0.000000000000000
-0.000000000000000
-0.000000000000000
0.000000000000000
0.000000000000000
-0.000000000000000
0.000000000000000
0.000000000000000
-0.000000000000000
-0.000000000000000
0.000000000000000
-0.000000000000000
-0.000000000000000
0.000000000000000
0.000000000000000
-0.000000000000000
0.000000000000000
0.000000000000000
-0.000000000000000
-0.000000000000000
0.000000000000000
-0.000000000000000
0.000000000000000
0.000000000000000
-0.000000000000000
0.000000000000000
-0.000000000000000
-0.000000000000000
0.000000000000000
-0.000000000000000
-0.000000000000000
0.000000000000000
0.000000000000000
-0.000000000000000
-0.000000000000000
0.000000000000000
-0.000000000000000
-0.000000000000000
0.000000000000000
-0.000000000000000
-0.000000000000000
0.000000000000000
-0.000000000000000
-0.000000000000000
0.000000000000000
0.000000000000000
-0.000000000000000
0.000000000000000
-0.000000000000000
-0.000000000000000
0.000000000000000
0.000000000000000
0.000000000000000
-0.000000000000000
0.000000000000000
0.000000000000000
-0.000000000000000
0.000000000000000
-0.000000000000000
0.000000000000000
-0.000000000000000
-0.000000000000000
0.000000000000001
-0.000000000000000
-0.000000000000000
0.000000000000000
0.000000000000000
-0.000000000000000
-0.000000000000000
0.000000000000000
-0.000000000000000
-0.000000000000000
0.000000000000000
-0.000000000000000
-0.000000000000000
0.000000000000000
-0.000000000000000
-0.000000000000000
0.000000000000000
-0.000000000000000
0.000000000000000
-0.000000000000000
-0.000000000000000
0.000000000000000
-0.000000000000000
0.000000000000000
0.000000000000000
-0.000000000000000
-0.000000000000000
-0.000000000000000
-0.000000000000000
0.000000000000000
-0.000000000000000
0.000000000000000
-0.000000000000000
-0.000000000000000
0.000000000000000
-0.000000000000000
0.000000000000000
-0.000000000000000
-0.000000000000000
0.000000000000000
-0.000000000000000
-0.000000000000000
0.000000000000000
-0.000000000000000
-0.000000000000000
0.000000000000000
-0.000000000000000
0.000000000000000
0.000000000000000
-0.000000000000000
0.000000000000000
0.000000000000000
-0.000000000000000
0.000000000000000
0.000000000000000
0.000000000000000
-0.000000000000000
0.000000000000000
0.000000000000000
-0.000000000000000
-0.000000000000000
0.000000000000000
-0.000000000000000
0.000000000000000
-0.000000000000000
0.000000000000000
0.000000000000000
-0.000000000000000
-0.000000000000000
0.000000000000000
0.000000000000000
-0.000000000000000
0.000000000000000
0.000000000000000
-0.000000000000000
-0.000000000000000
0.000000000000000
0.000000000000000
-0.000000000000000
-0.000000000000000
0.000000000000000
0.000000000000000
-0.000000000000000
0.000000000000000
0.000000000000000
-0.000000000000000
0.000000000000000
-0.000000000000000
0.000000000000000
0.000000000000000
-0.000000000000000
0.000000000000000
0.000000000000000
-0.000000000000000
0.000000000000000
-0.000000000000000
0.000000000000000
0.000000000000000
-0.000000000000000
0.000000000000000
-0.000000000000000
-0.000000000000000
-0.000000000000000
0.000000000000000
-0.000000000000000
-0.000000000000000
0.000000000000000
0.000000000000000
-0.000000000000000
0.000000000000000
-0.000000000000000
0.000000000000000
-0.000000000000000
-0.000000000000000
0.000000000000000
0.000000000000000
-0.000000000000001
0.000000000000000
0.000000000000000
-0.000000000000000
0.000000000000000
0.000000000000000
-0.000000000000000
-0.000000000000000
0.000000000000000
0.000000000000000
-0.000000000000001
0.000000000000000
-0.000000000000000
0.000000000000000
-0.000000000000000
0.000000000000000
-0.000000000000000
0.000000000000000
0.000000000000000
-0.000000000000000
0.000000000000000
-0.000000000000000
-0.000000000000000
0.000000000000000
-0.000000000000000
-0.000000000000000
0.000000000000000
-0.000000000000000
