0.958
0.962
0.966
0.970
0.974
0.978
0.982
0.986
0.990
0.994
0.998
1.002
1.006
1.010
1.014
1.018
1.022
1.026
1.030
1.034
1.038
1.042
1.046
1.050
1.054
1.058
1.062
1.066
1.070
1.074
1.078
1.082
1.086
1.090
1.094
1.098
1.102
1.106
1.110
1.114
1.118
1.122
1.126
1.130
1.134
1.138
1.142
1.146
1.150
1.154
1.158
1.162
1.166
1.170
1.174
1.178
1.182
1.186
1.190
1.194
1.198
1.202
1.206
1.210
1.214
1.218
1.222
1.226
1.230
1.234
1.238
1.242
1.246
1.250
1.254
1.258
1.262
1.266
1.270
1.274
1.278
1.282
1.286
1.290
1.294
1.298
1.302
1.306
1.310
1.314
1.318
1.322
1.326
1.330
1.334
1.338
1.342
1.346
1.350
1.354
1.358
1.362
1.366
1.370
1.374
1.378
1.382
1.386
1.390
1.394
1.398
1.402
1.406
1.410
1.414
1.418
1.422
1.426
1.430
1.434
1.438
1.442
1.446
1.450
1.454
1.458
1.462
1.466
1.470
1.474
1.478
1.482
1.486
1.490
1.494
1.498
1.502
1.506
1.510
1.514
1.518
1.522
1.526
1.530
1.534
1.538
1.542
1.546
1.550
1.554
1.558
1.562
1.566
1.570
1.574
1.578
1.582
1.586
1.590
1.594
1.598
1.602
1.606
1.610
1.614
1.618
1.622
1.626
1.630
1.634
1.638
1.642
1.646
1.650
1.654
1.658
1.662
1.666
1.670
1.674
1.678
1.682
1.686
1.690
1.694
1.698
1.702
1.706
1.710
1.714
1.718
1.722
1.726
1.730
1.734
1.738
1.742
1.746
1.750
1.754
1.758
1.762
1.766
1.770
1.774
1.778
1.782
1.786
1.790
1.794
1.798
1.802
1.806
1.810
1.814
1.818
1.822
1.826
1.830
1.834
1.838
1.842
1.846
1.850
1.854
1.858
1.862
1.866
1.870
1.874
1.878
1.882
1.886
1.890
1.894
1.898
1.902
1.906
1.910
1.914
1.918
1.922
1.926
1.930
1.934
1.938
1.942
1.946
1.950
1.954
1.958
1.962
1.966
1.970
1.974
1.978
1.982
1.986
1.990
1.994
1.998
2.002
2.006
2.010
2.014
2.018
2.022
2.026
2.030
2.034
2.038
2.042
2.046
2.050
2.054
2.058
2.062
2.066
2.070
2.074
2.078
2.082
2.086
2.090
2.094
2.098
2.102
2.106
2.110
2.114
2.118
2.122
2.126
2.130
2.134
2.138
2.142
2.146
2.150
2.154
2.158
2.162
2.166
2.170
2.174
2.178
2.182
2.186
2.190
2.194
2.198
2.202
2.206
2.210
2.214
2.218
2.222
2.226
2.230
2.234
2.238
2.242
2.246
2.250
2.254
2.258
2.262
2.266
2.270
2.274
2.278
2.282
2.286
2.290
2.294
2.298
2.302
2.306
2.310
2.314
2.318
2.322
2.326
2.330
2.334
2.338
2.342
2.346
2.350
2.354
2.358
2.362
2.366
2.370
2.374
2.378
2.382
2.386
2.390
2.394
2.398
2.402
2.406
2.410
2.414
2.418
2.422
2.426
2.430
2.434
2.438
2.442
2.446
2.450
2.454
2.458
2.462
2.466
2.470
2.474
2.478
2.482
2.486
2.490
2.494
2.498
2.502
2.506
2.510
2.514
2.518
2.522
2.526
2.530
2.534
2.538
2.542
2.546
2.550
2.554
2.558
2.562
2.566
2.570
2.574
2.578
2.582
2.586
2.590
2.594
2.598
2.602
2.606
2.610
2.614
2.618
2.622
2.626
2.630
2.634
2.638
2.642
2.646
2.650
2.654
2.658
2.662
2.666
2.670
2.674
2.678
2.682
2.686
2.690
2.694
2.698
2.702
2.706
2.710
2.714
2.718
2.722
2.726
2.730
2.734
2.738
2.742
2.746
2.750
2.754
2.758
2.762
2.766
2.770
2.774
2.778
2.782
2.786
2.790
2.794
2.798
2.802
2.806
2.810
2.814
2.818
2.822
2.826
2.830
2.834
2.838
2.842
2.846
2.850
2.854
2.858
2.862
2.866
2.870
2.874
2.878
2.882
2.886
2.890
2.894
2.898
2.902
2.906
2.910
2.914
2.918
2.922
2.926
2.930
2.934
2.938
2.942
2.946
2.950
2.954
2.958
2.962
2.966
2.970
2.974
2.978
2.982
2.986
2.990
2.994
2.998
3.002
3.006
3.010
3.014
3.018
3.022
3.026
3.030
3.034
3.038
3.042
3.046
3.050
3.054
3.058
3.062
3.066
3.070
3.074
3.078
3.082
3.086
3.090
3.094
3.098
3.102
3.106
3.110
3.114
3.118
3.122
3.126
3.130
3.134
3.138
3.142
3.146
3.150
3.154
3.158
3.162
3.166
3.170
3.174
3.178
3.182
3.186
3.190
3.194
3.198
3.202
3.206
3.210
3.214
3.218
3.222
3.226
3.230
3.234
3.238
3.242
3.246
3.250
3.254
3.258
3.262
3.266
3.270
3.274
3.278
3.282
3.286
3.290
3.294
3.298
3.302
3.306
3.310
3.314
3.318
3.322
3.326
3.330
3.334
3.338
3.342
3.346
3.350
3.354
3.358
3.362
3.366
3.370
3.374
3.378
3.382
3.386
3.390
3.394
3.398
3.402
3.406
3.410
3.414
3.418
3.422
3.426
3.430
3.434
3.438
3.442
3.446
3.450
3.454
3.458
3.462
3.466
3.470
3.474
3.478
3.482
3.486
3.490
3.494
3.498
3.502
3.506
3.510
3.514
3.518
3.522
3.526
3.530
3.534
3.538
3.542
3.546
3.550
3.554
3.558
3.562
3.566
3.570
3.574
3.578
3.582
3.586
3.590
3.594
3.598
3.602
3.606
3.610
3.614
3.618
3.622
3.626
3.630
3.634
3.638
3.642
3.646
3.650
3.654
3.658
3.662
3.666
3.670
3.674
3.678
3.682
3.686
3.690
3.694
3.698
3.702
3.706
3.710
3.714
3.718
3.722
3.726
3.730
3.734
3.738
3.742
3.746
3.750
3.754
3.758
3.762
3.766
3.770
3.774
3.778
3.782
3.786
3.790
3.794
3.798
3.802
3.806
3.810
3.814
3.818
3.822
3.826
3.830
3.834
3.838
3.842
3.846
3.850
3.854
3.858
3.862
3.866
3.870
3.874
3.878
3.882
3.886
3.890
3.894
3.898
3.902
3.906
3.910
3.914
3.918
3.922
3.926
3.930
3.934
3.938
3.942
3.946
3.950
3.954
3.958
3.962
3.966
3.970
3.974
3.978
3.982
3.986
3.990
