0.000000000000000000
0.000000000000000000
0.000000000000000000
0.000000000000000000
0.000000000000000000
0.000000000000000000
0.000000000000000000
0.000000000000000000
0.000000000000000000
0.000000000000000000
0.000000000000000000
0.000000000000000000
-0.000000000000000000
0.000000000000000000
0.000000000000000000
-0.000000000000000000
-0.000000000000000000
-0.000000000000000000
-0.000000000000000000
0.000000000000000000
0.000000000000000000
0.000000000000000000
0.000000000000000000
-0.000000000000000000
-0.000000000000000000
-0.000000000000000000
-0.000000000000000000
-0.000000000000000000
-0.000000000000000000
0.000000000000000000
0.000000000000000000
0.000000000000000000
0.000000000000000000
0.000000000000000000
0.000000000000000000
0.000000000000000000
0.000000000000000000
0.000000000000000000
0.000000000000000000
0.000000000000000000
0.000000000000000000
0.000000000000000000
0.000000000000000000
0.000000000000000000
0.000000000000000000
0.000000000000000000
0.000000000000000000
0.000000000000000000
0.000000000000000000
-0.000000000000000000
0.000000000000000000
0.000000000000000000
-0.000000000000000000
-0.000000000000000001
-0.000000000000000001
-0.000000000000000000
-0.000000000000000000
0.000000000000000000
0.000000000000000001
0.000000000000000001
0.000000000000000000
-0.000000000000000000
-0.000000000000000001
-0.000000000000000001
-0.000000000000000002
-0.000000000000000002
-0.000000000000000002
-0.000000000000000004
-0.000000000000000007
-0.000000000000000009
-0.000000000000000011
-0.000000000000000012
-0.000000000000000011
-0.000000000000000004
-0.000000000000000020
-0.000000000000000050
-0.000000000000000046
-0.000000000000000069
-0.000000000000000040
-0.000000000000000069
-0.000000000000000021
-0.000000000000000033
-0.000000000000000014
0.000000000000000018
0.000000000000000112
0.000000000000000087
0.000000000000000011
0.000000000000000063
0.000000000000000083
-0.000000000000000033
-0.000000000000000053
-0.000000000000000071
0.000000000000000041
0.000000000000000248
0.000000000000000264
-0.000000000000000012
-0.000000000000000229
-0.000000000000000283
-0.000000000000000189
-0.000000000000000159
0.000000000000000039
0.000000000000000450
0.000000000000000526
0.000000000000000362
0.000000000000000168
0.000000000000000018
0.000000000000000033
-0.000000000000000089
-0.000000000000000199
-0.000000000000000222
-0.000000000000000990
-0.000000000000002808
-0.000000000000008377
-0.000000000000023834
-0.000000000000062925
-0.000000000000162421
-0.000000000000413112
-0.000000000001031140
-0.000000000002520555
-0.000000000006035049
-0.000000000014178949
-0.000000000032692238
-0.000000000073960953
-0.000000000164127900
-0.000000000357232121
-0.000000000764012372
-0.000000001605834643
-0.000000003316188098
-0.000000006726225522
-0.000000013398225131
-0.000000026253783609
-0.000000050616769676
-0.000000095996788641
-0.000000179034685112
-0.000000328297658797
-0.000000592794662762
-0.000001054275123814
-0.000001846438605396
-0.000003183541415332
-0.000005402552225267
-0.000009036230904148
-0.000014900376428765
-0.000024219424031282
-0.000038793377294026
-0.000061218957218700
-0.000095294596333823
-0.000146364599770041
-0.000221789527846573
-0.000331483756616815
-0.000488538358877036
-0.000710728212657032
-0.001020968960798533
-0.001448079698729209
-0.002027361750550577
-0.002801051100983454
-0.003822524364428999
-0.005154094137584736
-0.006866030938841973
-0.009034542003895935
-0.011739209504972006
-0.015073983253863355
-0.019133607724673461
-0.024006521668228684
-0.029766264309521343
-0.036463432623199274
-0.044155653407744619
-0.052870325906772611
-0.062591035127206637
-0.073245110129218208
-0.084696611836952707
-0.096817539076159725
-0.109420867303930094
-0.122250304976706969
-0.134976875208338259
-0.147207100367848204
-0.158606569529955638
-0.168807962101478914
-0.177412713733947208
-0.184002974230318112
-0.188165754436877386
-0.189636803718819025
-0.188194364515298640
-0.183663542163069710
-0.175929086102388110
-0.164954311521319424
-0.150882053957587026
-0.133933591498589105
-0.114400832189768736
-0.092643553750705807
-0.069087111339981480
-0.044245401130293183
-0.018655991348510956
0.007135389027962515
0.032586844718625572
0.057173210562670454
0.080418994430448990
0.101904850134360056
0.121273013496493123
0.138230956049519349
0.152556113154786177
0.164140923894875640
0.172951824567454365
0.179019392380238701
0.182430023734361069
0.183320041108641918
0.181909212480901361
0.178447106129530048
0.173199201711650763
0.166437038404176868
0.158431750987399672
0.149475465968008259
0.139842791844001557
0.129783683749895351
0.119520133621722480
0.109245460789194643
0.099138671943041004
0.089346783110607231
0.079985133870509401
0.071139689586198304
0.062870352934513304
0.055220392285309179
0.048211697534417147
0.041847783902217078
0.036117227479109601
0.030997049371068917
0.026457792878375359
0.022463256547686043
0.018972693395261350
0.015942835130699558
0.013329600804959136
0.011090007264693605
0.009182374965685322
0.007567072699549138
0.006207073032493690
0.005068310420838801
0.004119978172068632
0.003334405556102038
0.002687001949233602
0.002156133149924290
0.001722943079333994
0.001371149532939874
0.001086793801822803
0.000857999589690568
0.000674735272249852
0.000528585257090103
0.000412531801120803
0.000320763911703298
0.000248498877530253
0.000191822945235349
0.000147551029361615
0.000113102153636923
0.000086398749837384
0.000065776986082140
0.000049910816348267
0.000037748309185566
0.000028457754819350
0.000021385623884414
0.000016020670744363
0.000011964633771751
0.000008908519683555
0.000006613246394520
0.000004894881448370
0.000003612476584728
0.000002658423383134
0.000001950861529634
0.000001427662162797
0.000001041919873362
0.000000758347426855
0.000000550486315189
0.000000398561715363
0.000000287824112800
0.000000207325486792
0.000000148965478467
0.000000106768721365
0.000000076340243948
0.000000054453337540
0.000000038749564003
0.000000027510123815
0.000000019485809477
0.000000013771124691
0.000000009710791400
0.000000006832547833
0.000000004796940272
0.000000003360587969
0.000000002349413677
0.000000001639098892
0.000000001141195009
0.000000000792926650
0.000000000549844546
0.000000000380542125
0.000000000262862600
0.000000000181228124
0.000000000124710271
0.000000000085658568
0.000000000058729235
0.000000000040193565
0.000000000027458856
0.000000000018726519
0.000000000012748861
0.000000000008664727
0.000000000005879247
0.000000000003982225
0.000000000002692940
0.000000000001818612
0.000000000001226401
0.000000000000824925
0.000000000000554159
0.000000000000372109
0.000000000000249441
0.000000000000166960
0.000000000000111264
0.000000000000074203
0.000000000000049543
0.000000000000033063
0.000000000000021860
0.000000000000014675
0.000000000000009353
0.000000000000006437
0.000000000000004472
0.000000000000002484
0.000000000000002045
0.000000000000000963
0.000000000000000826
0.000000000000000555
0.000000000000000545
0.000000000000000221
-0.000000000000000025
-0.000000000000000058
0.000000000000000285
0.000000000000000341
-0.000000000000000142
-0.000000000000000289
-0.000000000000000144
0.000000000000000409
0.000000000000000343
-0.000000000000000394
-0.000000000000000409
0.000000000000000040
0.000000000000000548
-0.000000000000000035
-0.000000000000000186
-0.000000000000000104
-0.000000000000000035
0.000000000000000204
0.000000000000000253
-0.000000000000000247
0.000000000000000010
-0.000000000000000195
0.000000000000000208
0.000000000000000188
-0.000000000000000089
-0.000000000000000225
0.000000000000000064
0.000000000000000003
0.000000000000000226
-0.000000000000000193
-0.000000000000000227
0.000000000000000068
-0.000000000000000023
0.000000000000000080
0.000000000000000101
-0.000000000000000201
0.000000000000000112
-0.000000000000000238
-0.000000000000000018
0.000000000000000445
-0.000000000000000079
-0.000000000000000479
-0.000000000000000081
0.000000000000000478
0.000000000000000187
-0.000000000000000211
-0.000000000000000301
0.000000000000000038
0.000000000000000323
0.000000000000000061
-0.000000000000000077
-0.000000000000000460
0.000000000000000160
0.000000000000000325
-0.000000000000000084
-0.000000000000000137
-0.000000000000000381
0.000000000000000391
0.000000000000000241
-0.000000000000000073
-0.000000000000000270
0.000000000000000203
0.000000000000000173
-0.000000000000000298
-0.000000000000000031
0.000000000000000153
-0.000000000000000117
-0.000000000000000074
0.000000000000000041
-0.000000000000000035
0.000000000000000110
0.000000000000000279
-0.000000000000000212
-0.000000000000000224
0.000000000000000245
0.000000000000000443
-0.000000000000000331
-0.000000000000000345
0.000000000000000254
0.000000000000000302
-0.000000000000000131
-0.000000000000000274
-0.000000000000000023
0.000000000000000182
0.000000000000000185
0.000000000000000055
-0.000000000000000300
0.000000000000000109
0.000000000000000070
0.000000000000000338
-0.000000000000000185
-0.000000000000000470
0.000000000000000637
-0.000000000000000194
0.000000000000000028
-0.000000000000000157
0.000000000000000295
-0.000000000000000403
0.000000000000000038
0.000000000000000376
-0.000000000000000099
-0.000000000000000410
0.000000000000000431
0.000000000000000192
-0.000000000000000095
-0.000000000000000469
0.000000000000000498
-0.000000000000000026
-0.000000000000000102
0.000000000000000015
0.000000000000000029
0.000000000000000026
0.000000000000000080
-0.000000000000000014
-0.000000000000000262
0.000000000000000170
0.000000000000000167
-0.000000000000000002
-0.000000000000000104
0.000000000000000018
0.000000000000000061
0.000000000000000054
0.000000000000000046
-0.000000000000000039
-0.000000000000000301
0.000000000000000338
0.000000000000000062
-0.000000000000000067
-0.000000000000000329
0.000000000000000098
0.000000000000000179
0.000000000000000350
-0.000000000000000452
-0.000000000000000381
0.000000000000000752
-0.000000000000000218
-0.000000000000000509
0.000000000000000349
-0.000000000000000267
0.000000000000000409
-0.000000000000000109
-0.000000000000000468
0.000000000000000709
-0.000000000000000156
-0.000000000000000260
0.000000000000000167
-0.000000000000000012
0.000000000000000057
-0.000000000000000022
-0.000000000000000280
0.000000000000000517
-0.000000000000000320
-0.000000000000000163
0.000000000000000291
0.000000000000000219
-0.000000000000000298
-0.000000000000000405
0.000000000000000775
-0.000000000000000247
-0.000000000000000159
-0.000000000000000071
0.000000000000000228
0.000000000000000077
-0.000000000000000508
0.000000000000000427
0.000000000000000091
-0.000000000000000225
0.000000000000000319
-0.000000000000000073
-0.000000000000000341
0.000000000000000123
0.000000000000000344
0.000000000000000001
-0.000000000000000740
0.000000000000000641
0.000000000000000209
-0.000000000000000683
-0.000000000000000051
0.000000000000000564
-0.000000000000000403
-0.000000000000000060
0.000000000000000172
-0.000000000000000153
0.000000000000000403
-0.000000000000000104
-0.000000000000000209
0.000000000000000182
0.000000000000000176
-0.000000000000000127
0.000000000000000104
0.000000000000000045
