-0.000000000000000000
0.000000000000000000
0.000000000000000000
0.000000000000000000
-0.000000000000000000
-0.000000000000000000
-0.000000000000000000
-0.000000000000000000
-0.000000000000000000
-0.000000000000000000
-0.000000000000000000
-0.000000000000000000
-0.000000000000000000
-0.000000000000000000
-0.000000000000000000
-0.000000000000000000
0.000000000000000000
0.000000000000000000
0.000000000000000000
-0.000000000000000000
-0.000000000000000000
-0.000000000000000000
-0.000000000000000000
0.000000000000000000
0.000000000000000000
0.000000000000000000
0.000000000000000000
0.000000000000000000
0.000000000000000000
0.000000000000000000
-0.000000000000000000
0.000000000000000000
0.000000000000000000
0.000000000000000000
0.000000000000000000
0.000000000000000000
0.000000000000000000
-0.000000000000000000
-0.000000000000000000
-0.000000000000000000
-0.000000000000000000
-0.000000000000000000
-0.000000000000000000
-0.000000000000000000
-0.000000000000000000
-0.000000000000000000
-0.000000000000000000
-0.000000000000000000
-0.000000000000000000
-0.000000000000000000
-0.000000000000000000
-0.000000000000000001
-0.000000000000000000
0.000000000000000000
-0.000000000000000000
-0.000000000000000001
-0.000000000000000000
0.000000000000000001
0.000000000000000001
0.000000000000000001
-0.000000000000000000
-0.000000000000000001
-0.000000000000000002
-0.000000000000000007
-0.000000000000000011
-0.000000000000000021
-0.000000000000000032
-0.000000000000000043
-0.000000000000000038
-0.000000000000000016
0.000000000000000022
0.000000000000000044
0.000000000000000015
-0.000000000000000051
-0.000000000000000134
-0.000000000000000138
-0.000000000000000104
0.000000000000000013
0.000000000000000102
0.000000000000000138
0.000000000000000072
0.000000000000000042
-0.000000000000000109
-0.000000000000000192
-0.000000000000000267
-0.000000000000000065
0.000000000000000121
0.000000000000000147
0.000000000000000004
-0.000000000000000175
-0.000000000000000264
-0.000000000000000221
-0.000000000000000002
-0.000000000000000001
0.000000000000000038
-0.000000000000000144
-0.000000000000000399
-0.000000000000000645
-0.000000000000000418
-0.000000000000000165
-0.000000000000000254
-0.000000000000000309
-0.000000000000000347
-0.000000000000000343
-0.000000000000000438
-0.000000000000000420
-0.000000000000000349
-0.000000000000000078
-0.000000000000000034
-0.000000000000000073
0.000000000000000188
0.000000000000000071
-0.000000000000001147
-0.000000000000004066
-0.000000000000011338
-0.000000000000028962
-0.000000000000073524
-0.000000000000185079
-0.000000000000455490
-0.000000000001099383
-0.000000000002605220
-0.000000000006057880
-0.000000000013823407
-0.000000000030945193
-0.000000000067959497
-0.000000000146683174
-0.000000000311204838
-0.000000000648843697
-0.000000001328994693
-0.000000002673945615
-0.000000005293619686
-0.000000010313668053
-0.000000019771525896
-0.000000037282015717
-0.000000069140315101
-0.000000126296810085
-0.000000227295302420
-0.000000402947749335
-0.000000703459409121
-0.000001209177393425
-0.000002049231748580
-0.000003425038088871
-0.000005644872187855
-0.000009171445686483
-0.000014687125304643
-0.000023210023996700
-0.000036206672128277
-0.000055748763599760
-0.000084704586827021
-0.000126975248448828
-0.000187989599459466
-0.000274974619415071
-0.000397349424141910
-0.000567123629239151
-0.000799321822953823
-0.001113544443586782
-0.001533838143827532
-0.002088965525663189
-0.002812422157998272
-0.003742329183212972
-0.004925654635117170
-0.006414890946874797
-0.008266586491506134
-0.010539182066856206
-0.013290762940355529
-0.016590260316115157
-0.020504769249667772
-0.025094321539736328
-0.030406154258244850
-0.036470159479868043
-0.043326810114940752
-0.050997547125735794
-0.059476508632048439
-0.068723569179162669
-0.078661567713440642
-0.089233710735551405
-0.100351989630533711
-0.111889865185866549
-0.123679154331833824
-0.135514266521159110
-0.147242918851239052
-0.158692114267147438
-0.169663868714516802
-0.179937266404916613
-0.189278905202721837
-0.197551864696986462
-0.204624431000854257
-0.210365838919782527
-0.214648921763637535
-0.217359976692646922
-0.218499914502081061
-0.218088352034970873
-0.216156240291518725
-0.212745127114717242
-0.207911888954844776
-0.201803849087803994
-0.194575536718032599
-0.186380138027837677
-0.177366855365292730
-0.167682279597634903
-0.157517567998432889
-0.147050508059606427
-0.136440114182721062
-0.125825714937264910
-0.115328651690813397
-0.105079141056337200
-0.095184690424954976
-0.085729253063892577
-0.076774983699252772
-0.068365215274163768
-0.060538928462225236
-0.053317566606522038
-0.046706723193841532
-0.040698828275267579
-0.035276067932717793
-0.030417530674702282
-0.026095059824213711
-0.022275006703004308
-0.018920132219034852
-0.015991343397404375
-0.013450614216565335
-0.011259903249298894
-0.009381977618765939
-0.007781150333126693
-0.006423844373541841
-0.005279387121896807
-0.004319595070126197
-0.003518865320946404
-0.002854205088018325
-0.002305187879641032
-0.001853942756799098
-0.001484856048802518
-0.001184395729406266
-0.000940928295893445
-0.000744529603445475
-0.000586812052396358
-0.000460715662683837
-0.000360336088186988
-0.000280766796307246
-0.000217955400738437
-0.000168575978614674
-0.000129912765730298
-0.000099760287793923
-0.000076336990177473
-0.000058211144291314
-0.000044237469391847
-0.000033504757141472
-0.000025291481671444
-0.000019028941611182
-0.000014270886433489
-0.000010668417192750
-0.000007950204432656
-0.000005906136654099
-0.000004374169890600
-0.000003229823912561
-0.000002377758572056
-0.000001745326905342
-0.000001277385018663
-0.000000932227641601
-0.000000678424750342
-0.000000492349878978
-0.000000356328864293
-0.000000257186111524
-0.000000185131998102
-0.000000132916047058
-0.000000095180217955
-0.000000067982997107
-0.000000048434093397
-0.000000034420440273
-0.000000024401716378
-0.000000017257311004
-0.000000012175430117
-0.000000008569699533
-0.000000006017735684
-0.000000004216099126
-0.000000002947187080
-0.000000002055569845
-0.000000001430523396
-0.000000000993369847
-0.000000000688341565
-0.000000000475972208
-0.000000000328436694
-0.000000000226163686
-0.000000000155421511
-0.000000000106595573
-0.000000000072964523
-0.000000000049846465
-0.000000000033987720
-0.000000000023130584
-0.000000000015712578
-0.000000000010653977
-0.000000000007210465
-0.000000000004871390
-0.000000000003285332
-0.000000000002211712
-0.000000000001486795
-0.000000000000997326
-0.000000000000667955
-0.000000000000446475
-0.000000000000298403
-0.000000000000199066
-0.000000000000131962
-0.000000000000088021
-0.000000000000058265
-0.000000000000038660
-0.000000000000025565
-0.000000000000017099
-0.000000000000011149
-0.000000000000007260
-0.000000000000004745
-0.000000000000003122
-0.000000000000002274
-0.000000000000001382
-0.000000000000000904
-0.000000000000000392
-0.000000000000000342
-0.000000000000000601
-0.000000000000000191
0.000000000000000046
0.000000000000000172
-0.000000000000000158
-0.000000000000000092
-0.000000000000000271
0.000000000000000075
0.000000000000000515
-0.000000000000000215
-0.000000000000000240
-0.000000000000000400
0.000000000000000541
0.000000000000000196
-0.000000000000000166
-0.000000000000000310
0.000000000000000184
0.000000000000000344
-0.000000000000000465
0.000000000000000248
0.000000000000000098
-0.000000000000000090
-0.000000000000000336
0.000000000000000271
0.000000000000000493
-0.000000000000000461
-0.000000000000000025
-0.000000000000000102
0.000000000000000465
-0.000000000000000180
-0.000000000000000010
-0.000000000000000389
0.000000000000000107
0.000000000000000179
0.000000000000000024
0.000000000000000091
-0.000000000000000387
-0.000000000000000080
0.000000000000000324
0.000000000000000117
-0.000000000000000295
-0.000000000000000367
0.000000000000000347
0.000000000000000293
-0.000000000000000314
-0.000000000000000079
0.000000000000000016
0.000000000000000185
-0.000000000000000320
0.000000000000000340
-0.000000000000000092
-0.000000000000000169
0.000000000000000041
0.000000000000000072
0.000000000000000168
0.000000000000000003
-0.000000000000000255
0.000000000000000137
0.000000000000000052
0.000000000000000075
-0.000000000000000062
0.000000000000000070
-0.000000000000000243
0.000000000000000244
0.000000000000000340
-0.000000000000000328
-0.000000000000000059
-0.000000000000000064
0.000000000000000329
-0.000000000000000630
0.000000000000000351
-0.000000000000000298
0.000000000000000021
0.000000000000000338
-0.000000000000000233
-0.000000000000000245
0.000000000000000032
0.000000000000000033
0.000000000000000028
-0.000000000000000018
0.000000000000000125
-0.000000000000000295
0.000000000000000274
-0.000000000000000004
0.000000000000000102
0.000000000000000037
-0.000000000000000578
0.000000000000000858
-0.000000000000000421
0.000000000000000037
-0.000000000000000347
0.000000000000000750
-0.000000000000000425
-0.000000000000000137
0.000000000000000427
-0.000000000000000220
-0.000000000000000050
0.000000000000000021
0.000000000000000214
-0.000000000000000090
-0.000000000000000348
0.000000000000000603
-0.000000000000000333
0.000000000000000080
0.000000000000000092
0.000000000000000020
-0.000000000000000065
-0.000000000000000051
0.000000000000000348
-0.000000000000000391
0.000000000000000293
-0.000000000000000333
0.000000000000000174
-0.000000000000000021
-0.000000000000000058
-0.000000000000000108
0.000000000000000129
0.000000000000000027
-0.000000000000000142
0.000000000000000053
0.000000000000000112
-0.000000000000000170
0.000000000000000066
0.000000000000000100
-0.000000000000000241
0.000000000000000049
-0.000000000000000312
0.000000000000000352
-0.000000000000000098
0.000000000000000001
-0.000000000000000287
0.000000000000000280
-0.000000000000000202
0.000000000000000530
-0.000000000000000589
0.000000000000000068
0.000000000000000456
-0.000000000000000135
0.000000000000000015
-0.000000000000000554
0.000000000000000510
0.000000000000000150
-0.000000000000000218
-0.000000000000000412
0.000000000000000570
-0.000000000000000335
0.000000000000000229
-0.000000000000000296
0.000000000000000110
0.000000000000000018
-0.000000000000000014
-0.000000000000000013
-0.000000000000000001
-0.000000000000000054
0.000000000000000105
0.000000000000000042
-0.000000000000000307
0.000000000000000537
-0.000000000000000252
-0.000000000000000327
0.000000000000000266
0.000000000000000021
0.000000000000000121
0.000000000000000046
-0.000000000000000170
0.000000000000000307
-0.000000000000000040
-0.000000000000000411
0.000000000000000463
-0.000000000000000273
0.000000000000000028
0.000000000000000038
0.000000000000000197
-0.000000000000000049
-0.000000000000000024
0.000000000000000133
0.000000000000000159
-0.000000000000000247
0.000000000000000298
0.000000000000000007
-0.000000000000000105
-0.000000000000000036
-0.000000000000000040
0.000000000000000442
-0.000000000000000265
0.000000000000000253
-0.000000000000000339
0.000000000000000611
-0.000000000000000177
-0.000000000000000612
0.000000000000000457
0.000000000000000238
-0.000000000000000311
-0.000000000000000181
0.000000000000000538
-0.000000000000000204
0.000000000000000126
-0.000000000000000264
0.000000000000000160
0.000000000000000397
-0.000000000000000526
