0.000000000000000000
-0.000000000000000000
-0.000000000000000000
-0.000000000000000000
-0.000000000000000000
-0.000000000000000000
-0.000000000000000000
-0.000000000000000000
-0.000000000000000000
-0.000000000000000000
-0.000000000000000000
-0.000000000000000000
-0.000000000000000000
-0.000000000000000000
-0.000000000000000000
-0.000000000000000000
-0.000000000000000000
-0.000000000000000000
-0.000000000000000000
0.000000000000000000
0.000000000000000000
0.000000000000000000
0.000000000000000000
-0.000000000000000000
-0.000000000000000000
-0.000000000000000000
-0.000000000000000000
-0.000000000000000000
-0.000000000000000000
0.000000000000000000
0.000000000000000000
0.000000000000000000
0.000000000000000000
0.000000000000000000
0.000000000000000000
0.000000000000000000
0.000000000000000000
0.000000000000000000
0.000000000000000000
0.000000000000000000
0.000000000000000000
0.000000000000000000
0.000000000000000000
0.000000000000000000
0.000000000000000000
0.000000000000000000
0.000000000000000000
-0.000000000000000000
-0.000000000000000000
-0.000000000000000000
-0.000000000000000000
-0.000000000000000000
0.000000000000000000
0.000000000000000000
0.000000000000000000
0.000000000000000000
-0.000000000000000000
-0.000000000000000000
-0.000000000000000000
-0.000000000000000000
-0.000000000000000000
-0.000000000000000000
-0.000000000000000001
-0.000000000000000002
-0.000000000000000004
-0.000000000000000009
-0.000000000000000016
-0.000000000000000017
-0.000000000000000006
0.000000000000000002
0.000000000000000038
0.000000000000000037
0.000000000000000045
0.000000000000000027
0.000000000000000015
-0.000000000000000001
-0.000000000000000044
-0.000000000000000044
0.000000000000000001
-0.000000000000000017
0.000000000000000018
-0.000000000000000043
-0.000000000000000131
-0.000000000000000214
-0.000000000000000210
-0.000000000000000070
0.000000000000000077
0.000000000000000183
0.000000000000000134
0.000000000000000013
0.000000000000000138
0.000000000000000311
0.000000000000000299
0.000000000000000402
0.000000000000000488
0.000000000000000233
0.000000000000000082
-0.000000000000000289
-0.000000000000000488
-0.000000000000000631
-0.000000000000000506
-0.000000000000000427
-0.000000000000000194
-0.000000000000000232
-0.000000000000000555
-0.000000000000000756
-0.000000000000000562
-0.000000000000000472
-0.000000000000000187
0.000000000000000101
0.000000000000000014
-0.000000000000000273
-0.000000000000001231
-0.000000000000003853
-0.000000000000010563
-0.000000000000028722
-0.000000000000074275
-0.000000000000186435
-0.000000000000458432
-0.000000000001106043
-0.000000000002620544
-0.000000000006093643
-0.000000000013903626
-0.000000000031122617
-0.000000000068344672
-0.000000000147502815
-0.000000000312918340
-0.000000000652361748
-0.000000001336088356
-0.000000002687993713
-0.000000005320987588
-0.000000010366125963
-0.000000019870432962
-0.000000037465397001
-0.000000069474605376
-0.000000126896862589
-0.000000228356172193
-0.000000404794714894
-0.000000706624902391
-0.000001214517195446
-0.000002058109406729
-0.000003439588810644
-0.000005668380338420
-0.000009208871297685
-0.000014745825600309
-0.000023300837955410
-0.000036345296259767
-0.000055957525225425
-0.000085014660802855
-0.000127429376812671
-0.000188646112988718
-0.000275911743905877
-0.000398670130050972
-0.000568960828165534
-0.000801843771025180
-0.001116963713106220
-0.001538418314418715
-0.002095026730738733
-0.002820344591756935
-0.003752554146226735
-0.004938695009412990
-0.006431329588026695
-0.008287068449975702
-0.010564399588355462
-0.013321433966843784
-0.016627132748670712
-0.020548594121426428
-0.025145815694391040
-0.030465953921194801
-0.036538769535138307
-0.043404612764066139
-0.051084757046777396
-0.059573121608902879
-0.068829309980011633
-0.078775846428699101
-0.089355677057609412
-0.100480515664960662
-0.112023530727312734
-0.123816242426858958
-0.135652778029383109
-0.147380693507321692
-0.158826871075676695
-0.169793248802365848
-0.180058884253210844
-0.189390411954732552
-0.197651078210356712
-0.204709392489131503
-0.210434862029513337
-0.214700637622749102
-0.217393374797415523
-0.218514390784318030
-0.218083715159014230
-0.216132706660726009
-0.212703307107161538
-0.207852763622755871
-0.201728717112507644
-0.194485964912434861
-0.186277910091577098
-0.177253919841288327
-0.167560696015206317
-0.157389418964218819
-0.146917847183624828
-0.136304923017942753
-0.125689867243934078
-0.115193882896620137
-0.104946993649865331
-0.095056499766369970
-0.085606143248947802
-0.076657870210433424
-0.068254811802053159
-0.060435738304511370
-0.053221900574224351
-0.046618721630338297
-0.040618484462218621
-0.035203251110365090
-0.030351998647162658
-0.026036482680538275
-0.022222989529565553
-0.018874235564308069
-0.015951100936122491
-0.013415543804438450
-0.011229520593290953
-0.009355807629250200
-0.007758735980493123
-0.006404753178728208
-0.005263214326549386
-0.004305966867212131
-0.003507440664460910
-0.002844676241378589
-0.002297279939079430
-0.001847412067810000
-0.001479488557437963
-0.001180004960310342
-0.000937353080690470
-0.000741631682178875
-0.000584473587286097
-0.000458836904764257
-0.000358833153974037
-0.000279569587994180
-0.000217005694577561
-0.000167825689190823
-0.000129322404459737
-0.000099297603170611
-0.000075975780935757
-0.000057930233936993
-0.000044019830312403
-0.000033336764267800
-0.000025162284040099
-0.000018929937327124
-0.000014195287218252
-0.000010610890999734
-0.000007906581002251
-0.000005873167973141
-0.000004349336561932
-0.000003211179545030
-0.000002363805885255
-0.000001734918526528
-0.000001269644989227
-0.000000926489664978
-0.000000674183842439
-0.000000489224821203
-0.000000354032862970
-0.000000255504143295
-0.000000183903383144
-0.000000132021110462
-0.000000094530145624
-0.000000067512088039
-0.000000048093893818
-0.000000034175326230
-0.000000024225571262
-0.000000017131055157
-0.000000012085165247
-0.000000008505327989
-0.000000005971944285
-0.000000004183603473
-0.000000002924182424
-0.000000002039322502
-0.000000001419075252
-0.000000000985322595
-0.000000000682697215
-0.000000000472022196
-0.000000000325678646
-0.000000000224241893
-0.000000000154085396
-0.000000000105668490
-0.000000000072322690
-0.000000000049403349
-0.000000000033681875
-0.000000000022919924
-0.000000000015568360
-0.000000000010554348
-0.000000000007142903
-0.000000000004825513
-0.000000000003253588
-0.000000000002190336
-0.000000000001471496
-0.000000000000987722
-0.000000000000662032
-0.000000000000441937
-0.000000000000294657
-0.000000000000197003
-0.000000000000131133
-0.000000000000086984
-0.000000000000057736
-0.000000000000037966
-0.000000000000025051
-0.000000000000017135
-0.000000000000011204
-0.000000000000007056
-0.000000000000004523
-0.000000000000003210
-0.000000000000002171
-0.000000000000001258
-0.000000000000001251
-0.000000000000000222
-0.000000000000000395
-0.000000000000000502
0.000000000000000192
-0.000000000000000280
-0.000000000000000106
0.000000000000000265
-0.000000000000000174
-0.000000000000000109
0.000000000000000226
-0.000000000000000219
0.000000000000000025
0.000000000000000175
-0.000000000000000135
0.000000000000000000
0.000000000000000010
-0.000000000000000105
0.000000000000000310
-0.000000000000000237
0.000000000000000017
-0.000000000000000168
0.000000000000000155
0.000000000000000039
0.000000000000000062
-0.000000000000000160
0.000000000000000022
0.000000000000000028
0.000000000000000098
0.000000000000000215
0.000000000000000075
-0.000000000000000258
-0.000000000000000036
0.000000000000000160
0.000000000000000399
-0.000000000000000356
-0.000000000000000185
0.000000000000000380
-0.000000000000000094
0.000000000000000025
-0.000000000000000012
-0.000000000000000069
-0.000000000000000107
-0.000000000000000021
0.000000000000000413
-0.000000000000000122
-0.000000000000000607
0.000000000000000299
0.000000000000000284
0.000000000000000123
-0.000000000000000346
0.000000000000000064
-0.000000000000000071
0.000000000000000101
0.000000000000000001
0.000000000000000249
-0.000000000000000258
-0.000000000000000080
0.000000000000000021
0.000000000000000536
-0.000000000000000236
-0.000000000000000319
0.000000000000000157
0.000000000000000458
-0.000000000000000493
0.000000000000000088
-0.000000000000000188
0.000000000000000208
0.000000000000000233
-0.000000000000000357
0.000000000000000013
0.000000000000000172
0.000000000000000116
-0.000000000000000276
-0.000000000000000267
0.000000000000000194
-0.000000000000000125
0.000000000000000175
-0.000000000000000100
-0.000000000000000172
-0.000000000000000203
0.000000000000000416
-0.000000000000000114
-0.000000000000000050
-0.000000000000000419
0.000000000000000382
0.000000000000000078
-0.000000000000000244
-0.000000000000000046
0.000000000000000101
0.000000000000000189
-0.000000000000000188
-0.000000000000000115
0.000000000000000238
-0.000000000000000051
0.000000000000000240
-0.000000000000000749
0.000000000000000238
0.000000000000000503
-0.000000000000000538
-0.000000000000000098
0.000000000000000231
0.000000000000000095
-0.000000000000000148
0.000000000000000017
-0.000000000000000192
0.000000000000000243
-0.000000000000000137
-0.000000000000000055
0.000000000000000109
0.000000000000000015
-0.000000000000000240
0.000000000000000035
0.000000000000000237
-0.000000000000000165
-0.000000000000000224
0.000000000000000242
0.000000000000000005
-0.000000000000000295
0.000000000000000279
-0.000000000000000069
-0.000000000000000017
-0.000000000000000270
0.000000000000000234
0.000000000000000024
0.000000000000000046
-0.000000000000000238
0.000000000000000338
-0.000000000000000194
0.000000000000000001
0.000000000000000273
-0.000000000000000085
-0.000000000000000326
0.000000000000000342
0.000000000000000062
-0.000000000000000246
-0.000000000000000254
0.000000000000000182
-0.000000000000000126
0.000000000000000465
-0.000000000000000581
0.000000000000000260
0.000000000000000163
-0.000000000000000083
-0.000000000000000144
0.000000000000000054
0.000000000000000129
0.000000000000000034
-0.000000000000000394
0.000000000000000544
-0.000000000000000318
0.000000000000000172
-0.000000000000000070
-0.000000000000000256
0.000000000000000364
0.000000000000000103
-0.000000000000000424
0.000000000000000157
0.000000000000000331
-0.000000000000000251
-0.000000000000000296
0.000000000000000445
-0.000000000000000421
0.000000000000000215
-0.000000000000000034
-0.000000000000000019
-0.000000000000000227
0.000000000000000072
0.000000000000000288
-0.000000000000000462
0.000000000000000132
0.000000000000000077
-0.000000000000000096
0.000000000000000158
-0.000000000000000579
0.000000000000000490
-0.000000000000000031
-0.000000000000000412
0.000000000000000219
-0.000000000000000088
0.000000000000000021
-0.000000000000000097
-0.000000000000000093
0.000000000000000313
-0.000000000000000439
0.000000000000000032
0.000000000000000233
-0.000000000000000237
0.000000000000000216
0.000000000000000124
-0.000000000000000384
0.000000000000000415
0.000000000000000077
-0.000000000000000501
0.000000000000000325
-0.000000000000000076
-0.000000000000000178
0.000000000000000131
-0.000000000000000033
-0.000000000000000273
0.000000000000000046
0.000000000000000205
-0.000000000000000063
0.000000000000000044
