0.000000000000000000
-0.000000000000000000
-0.000000000000000000
-0.000000000000000000
-0.000000000000000000
-0.000000000000000000
-0.000000000000000000
-0.000000000000000000
-0.000000000000000000
-0.000000000000000000
-0.000000000000000000
-0.000000000000000000
-0.000000000000000000
-0.000000000000000000
-0.000000000000000000
-0.000000000000000000
-0.000000000000000000
-0.000000000000000000
-0.000000000000000000
0.000000000000000000
0.000000000000000000
0.000000000000000000
0.000000000000000000
-0.000000000000000000
-0.000000000000000000
-0.000000000000000000
-0.000000000000000000
-0.000000000000000000
0.000000000000000000
0.000000000000000000
0.000000000000000000
0.000000000000000000
0.000000000000000000
0.000000000000000000
0.000000000000000000
0.000000000000000000
0.000000000000000000
0.000000000000000000
0.000000000000000000
0.000000000000000000
0.000000000000000000
0.000000000000000000
0.000000000000000000
0.000000000000000000
0.000000000000000000
0.000000000000000000
0.000000000000000000
0.000000000000000000
-0.000000000000000000
-0.000000000000000000
-0.000000000000000000
0.000000000000000000
0.000000000000000000
-0.000000000000000000
-0.000000000000000000
0.000000000000000000
-0.000000000000000000
-0.000000000000000000
-0.000000000000000000
-0.000000000000000000
-0.000000000000000000
0.000000000000000000
-0.000000000000000000
-0.000000000000000000
-0.000000000000000002
-0.000000000000000006
-0.000000000000000012
-0.000000000000000022
-0.000000000000000036
-0.000000000000000047
-0.000000000000000051
-0.000000000000000031
0.000000000000000002
0.000000000000000050
0.000000000000000076
0.000000000000000053
-0.000000000000000003
0.000000000000000067
0.000000000000000149
0.000000000000000066
0.000000000000000123
0.000000000000000042
0.000000000000000057
0.000000000000000139
0.000000000000000176
0.000000000000000117
0.000000000000000061
-0.000000000000000005
-0.000000000000000033
-0.000000000000000071
-0.000000000000000025
0.000000000000000068
0.000000000000000069
0.000000000000000044
0.000000000000000126
0.000000000000000051
-0.000000000000000085
0.000000000000000010
0.000000000000000079
0.000000000000000004
-0.000000000000000181
-0.000000000000000287
-0.000000000000000507
-0.000000000000000410
-0.000000000000000396
-0.000000000000000591
-0.000000000000000430
-0.000000000000000365
-0.000000000000000259
-0.000000000000000226
-0.000000000000000825
-0.000000000000002708
-0.000000000000008061
-0.000000000000023317
-0.000000000000062750
-0.000000000000162807
-0.000000000000414629
-0.000000000001034524
-0.000000000002528609
-0.000000000006053396
-0.000000000014220533
-0.000000000032787755
-0.000000000074176064
-0.000000000164599367
-0.000000000358242851
-0.000000000766140195
-0.000000001610237209
-0.000000003325136961
-0.000000006744085744
-0.000000013433220081
-0.000000026321216022
-0.000000050744580362
-0.000000096235016702
-0.000000179471194016
-0.000000329083777114
-0.000000594188240194
-0.000001056707493265
-0.000001850617809203
-0.000003190607413069
-0.000005414305819386
-0.000009055491424790
-0.000014931478160183
-0.000024268905844536
-0.000038870913628639
-0.000061338589746838
-0.000095476561089056
-0.000146637525223803
-0.000222193133635231
-0.000332072036724972
-0.000489383236691238
-0.000711925010523307
-0.001022641536429966
-0.001450385560006499
-0.002030496610092062
-0.002805252453485350
-0.003828079552671232
-0.005161342649182906
-0.006875362982594724
-0.009046392120565551
-0.011754044899512277
-0.015092304662587548
-0.019155930801370225
-0.024033349257979664
-0.029798049766672920
-0.036500536909718904
-0.044198337141827512
-0.052918705467147109
-0.062645032590940897
-0.073304401846033707
-0.084760583463148048
-0.096885309183212934
-0.109491267166395470
-0.122321866048720737
-0.135047831697301141
-0.147275414390727333
-0.158670032183863358
-0.168864252357072253
-0.177459468988471120
-0.184037875709200299
-0.188186626733914175
-0.189641736710071784
-0.188181802730397918
-0.183632368015532094
-0.175878695032106624
-0.164884672425259310
-0.150793713737948060
-0.133827676911704413
-0.114279033463979648
-0.092508088412735015
-0.068940664213391331
-0.044090979983022166
-0.018496827502813291
0.007295942046990162
0.032745414785851662
0.057326513232373526
0.080563990109805278
0.102038828633178549
0.121393659016980487
0.138336395498763809
0.152644949282099290
0.164212276970294113
0.173005320196160606
0.179055131662383682
0.182448540901387124
0.183322251668002784
0.181896354756249296
0.178420671231067474
0.173160863379748009
0.166388585824029184
0.158375025951233317
0.149412296202731720
0.139774940266730041
0.129712807937834712
0.119447754975715997
0.109172942257701286
0.099067194303110714
0.089277339429889718
0.079918531764755704
0.071076559233770847
0.062811159062551164
0.055165443350660731
0.048161163904879942
0.041801717561404612
0.036075581855373018
0.030959698340713281
0.026424545967114337
0.022433875805512052
0.018946908571494364
0.015920356786593648
0.013310131267942378
0.011073248690062555
0.009168036632059779
0.007554876600617075
0.006196757891364346
0.005059634328598077
0.004112719883408687
0.003328365133641301
0.002682000675647471
0.002152012868169188
0.001719565116100337
0.001368393319977578
0.001084555357607358
0.000856189920560135
0.000673278761442942
0.000527418095194386
0.000411600504186631
0.000320023930926661
0.000247913328925054
0.000191361466977222
0.000147188767869185
0.000112818880796313
0.000086178087632663
0.000065605740173598
0.000049778408854465
0.000037646300049639
0.000028379443689222
0.000021325715298656
0.000015974997664916
0.000011929930968551
0.000008882239168626
0.000006593408846187
0.000004879955352532
0.000003601281442797
0.000002650052664844
0.000001944621652922
0.000001423024638438
0.000001038483427989
0.000000755808418900
0.000000548615752064
0.000000397187473327
0.000000286817294035
0.000000206589872128
0.000000148429464554
0.000000106379185293
0.000000076057888481
0.000000054249196059
0.000000038602344424
0.000000027404219811
0.000000019409813419
0.000000013716720970
0.000000009671937261
0.000000006804863840
0.000000004777261614
0.000000003346630923
0.000000002339536746
0.000000001632125191
0.000000001136281631
0.000000000789471973
0.000000000547420640
0.000000000378845740
0.000000000261677311
0.000000000180401346
0.000000000124134931
0.000000000085259046
0.000000000058452174
0.000000000040002057
0.000000000027326834
0.000000000018635444
0.000000000012685936
0.000000000008621440
0.000000000005849686
0.000000000003962272
0.000000000002679351
0.000000000001808871
0.000000000001219617
0.000000000000820729
0.000000000000551475
0.000000000000370246
0.000000000000247736
0.000000000000165801
0.000000000000111192
0.000000000000073971
0.000000000000048866
0.000000000000032682
0.000000000000021817
0.000000000000014462
0.000000000000009813
0.000000000000006019
0.000000000000004053
0.000000000000003018
0.000000000000001801
0.000000000000001325
0.000000000000000515
0.000000000000000612
0.000000000000000265
0.000000000000000310
0.000000000000000208
0.000000000000000107
-0.000000000000000004
0.000000000000000150
-0.000000000000000023
0.000000000000000071
-0.000000000000000103
0.000000000000000185
-0.000000000000000167
-0.000000000000000007
0.000000000000000357
-0.000000000000000216
-0.000000000000000173
0.000000000000000148
-0.000000000000000045
0.000000000000000176
-0.000000000000000064
-0.000000000000000152
0.000000000000000004
0.000000000000000170
0.000000000000000040
-0.000000000000000235
0.000000000000000069
-0.000000000000000007
0.000000000000000208
-0.000000000000000203
-0.000000000000000210
0.000000000000000244
0.000000000000000114
0.000000000000000015
-0.000000000000000202
0.000000000000000130
0.000000000000000243
-0.000000000000000244
0.000000000000000058
-0.000000000000000113
0.000000000000000010
-0.000000000000000027
0.000000000000000145
0.000000000000000013
-0.000000000000000047
-0.000000000000000262
0.000000000000000076
0.000000000000000266
0.000000000000000017
-0.000000000000000317
-0.000000000000000011
0.000000000000000150
0.000000000000000231
-0.000000000000000185
-0.000000000000000065
-0.000000000000000132
0.000000000000000088
0.000000000000000280
-0.000000000000000239
-0.000000000000000128
0.000000000000000125
-0.000000000000000000
-0.000000000000000218
0.000000000000000309
-0.000000000000000166
-0.000000000000000130
0.000000000000000313
-0.000000000000000311
0.000000000000000153
-0.000000000000000005
-0.000000000000000250
0.000000000000000214
-0.000000000000000136
0.000000000000000094
0.000000000000000058
-0.000000000000000061
-0.000000000000000083
0.000000000000000108
0.000000000000000011
0.000000000000000119
-0.000000000000000190
0.000000000000000049
0.000000000000000181
-0.000000000000000081
0.000000000000000005
-0.000000000000000064
0.000000000000000003
0.000000000000000167
-0.000000000000000223
-0.000000000000000022
0.000000000000000002
0.000000000000000417
-0.000000000000000196
-0.000000000000000123
0.000000000000000133
-0.000000000000000012
0.000000000000000071
0.000000000000000073
0.000000000000000194
-0.000000000000000492
0.000000000000000104
0.000000000000000597
-0.000000000000000505
-0.000000000000000274
0.000000000000000315
0.000000000000000112
-0.000000000000000153
0.000000000000000139
-0.000000000000000266
0.000000000000000067
0.000000000000000335
-0.000000000000000241
-0.000000000000000010
0.000000000000000176
-0.000000000000000126
-0.000000000000000114
0.000000000000000223
-0.000000000000000096
0.000000000000000139
-0.000000000000000196
0.000000000000000013
0.000000000000000139
0.000000000000000029
-0.000000000000000090
0.000000000000000124
-0.000000000000000369
0.000000000000000341
0.000000000000000379
-0.000000000000000656
0.000000000000000082
0.000000000000000368
-0.000000000000000098
-0.000000000000000031
-0.000000000000000081
0.000000000000000040
0.000000000000000104
-0.000000000000000241
0.000000000000000136
-0.000000000000000009
-0.000000000000000115
0.000000000000000042
0.000000000000000318
-0.000000000000000494
0.000000000000000128
0.000000000000000320
-0.000000000000000158
-0.000000000000000387
0.000000000000000171
0.000000000000000551
-0.000000000000000592
0.000000000000000094
0.000000000000000195
-0.000000000000000213
0.000000000000000101
-0.000000000000000008
-0.000000000000000325
0.000000000000000341
-0.000000000000000173
-0.000000000000000082
-0.000000000000000022
0.000000000000000180
0.000000000000000114
-0.000000000000000339
0.000000000000000341
-0.000000000000000024
-0.000000000000000389
0.000000000000000250
0.000000000000000318
-0.000000000000000621
0.000000000000000591
0.000000000000000256
-0.000000000000000538
-0.000000000000000014
0.000000000000000256
-0.000000000000000087
-0.000000000000000401
0.000000000000000421
-0.000000000000000295
0.000000000000000225
0.000000000000000058
-0.000000000000000572
0.000000000000000649
-0.000000000000000124
-0.000000000000000257
0.000000000000000489
-0.000000000000000185
0.000000000000000082
-0.000000000000000161
-0.000000000000000085
0.000000000000000420
-0.000000000000000416
-0.000000000000000086
0.000000000000000395
-0.000000000000000047
-0.000000000000000131
