-0.000000000000000000
0.000000000000000000
0.000000000000000000
0.000000000000000000
0.000000000000000000
0.000000000000000000
0.000000000000000000
0.000000000000000000
0.000000000000000000
0.000000000000000000
0.000000000000000000
0.000000000000000000
0.000000000000000000
0.000000000000000000
0.000000000000000000
0.000000000000000000
0.000000000000000000
0.000000000000000000
0.000000000000000000
-0.000000000000000000
-0.000000000000000000
-0.000000000000000000
-0.000000000000000000
0.000000000000000000
0.000000000000000000
0.000000000000000000
0.000000000000000000
0.000000000000000000
0.000000000000000000
0.000000000000000000
0.000000000000000000
0.000000000000000000
0.000000000000000000
0.000000000000000000
0.000000000000000000
0.000000000000000000
0.000000000000000000
0.000000000000000000
0.000000000000000000
0.000000000000000000
0.000000000000000000
0.000000000000000000
0.000000000000000000
0.000000000000000000
0.000000000000000000
0.000000000000000000
0.000000000000000001
0.000000000000000000
-0.000000000000000000
-0.000000000000000000
0.000000000000000000
0.000000000000000001
0.000000000000000000
-0.000000000000000000
0.000000000000000000
0.000000000000000001
-0.000000000000000000
-0.000000000000000001
-0.000000000000000001
-0.000000000000000001
-0.000000000000000001
0.000000000000000000
0.000000000000000000
0.000000000000000002
0.000000000000000001
0.000000000000000003
-0.000000000000000000
0.000000000000000010
0.000000000000000016
0.000000000000000023
0.000000000000000032
0.000000000000000038
0.000000000000000046
0.000000000000000056
0.000000000000000004
-0.000000000000000006
-0.000000000000000009
0.000000000000000013
0.000000000000000035
0.000000000000000140
0.000000000000000067
0.000000000000000014
-0.000000000000000045
-0.000000000000000013
0.000000000000000079
0.000000000000000164
0.000000000000000126
0.000000000000000045
0.000000000000000028
0.000000000000000214
0.000000000000000189
-0.000000000000000073
-0.000000000000000299
-0.000000000000000414
-0.000000000000000392
-0.000000000000000342
-0.000000000000000428
-0.000000000000000278
-0.000000000000000173
0.000000000000000093
-0.000000000000000012
0.000000000000000037
0.000000000000000155
0.000000000000000240
0.000000000000000353
0.000000000000000237
-0.000000000000000103
-0.000000000000000465
-0.000000000000000452
-0.000000000000000395
-0.000000000000001051
-0.000000000000002813
-0.000000000000008299
-0.000000000000023686
-0.000000000000062950
-0.000000000000162836
-0.000000000000413962
-0.000000000001033352
-0.000000000002526491
-0.000000000006047926
-0.000000000014206985
-0.000000000032756061
-0.000000000074103984
-0.000000000164442064
-0.000000000357906024
-0.000000000765430766
-0.000000001608768595
-0.000000003322151228
-0.000000006738126963
-0.000000013421545044
-0.000000026298719494
-0.000000050701941603
-0.000000096155544516
-0.000000179325579657
-0.000000328821540042
-0.000000593723370508
-0.000001055896116499
-0.000001849223754906
-0.000003188250449315
-0.000005410385302039
-0.000009049067004735
-0.000014921104221156
-0.000024252401514181
-0.000038845052308434
-0.000061298688379898
-0.000095415870858991
-0.000146546498582663
-0.000222058524423250
-0.000331875838796763
-0.000489101465266837
-0.000711525878510872
-0.001022083742017864
-0.001449616581626133
-0.002029451188392648
-0.002803851399375569
-0.003826227058651605
-0.005158925524813391
-0.006872251130731223
-0.009042440669471380
-0.011749098095060343
-0.015086195580529411
-0.019148487555379224
-0.024024404245628021
-0.029787451900846817
-0.036488165922813294
-0.044184106235895894
-0.052902575947512943
-0.062627030554295651
-0.073284635321368502
-0.084739257397245804
-0.096862717563454520
-0.109467799751374870
-0.122298012534270611
-0.135024180848367037
-0.147252645644387475
-0.158648881948885906
-0.168845494372675931
-0.177443890797324144
-0.184026250182407203
-0.188179678885797536
-0.189640103064437432
-0.188186001532794384
-0.183642771495316465
-0.175895504363632410
-0.164907897596510256
-0.150823172056013033
-0.133862992402525971
-0.114319642349151401
-0.092553251183236387
-0.068989485645200202
-0.044142457270459422
-0.018549883397280212
0.007242425447931488
0.032692561502307461
0.057275417977243982
0.080515665904624348
0.101994178634279745
0.121353454863735541
0.138301261222406352
0.152615350274053541
0.164188506107493193
0.172987501916956166
0.179043231925663182
0.182442381318367763
0.183321526795994616
0.181900651594459367
0.178429492567334647
0.173173651176947996
0.166404743614016692
0.158393939777887544
0.149433356842720300
0.139797560138365917
0.129736434604403289
0.119471881417329770
0.109197114289747974
0.099091018475927953
0.089300484868534910
0.079940729411074316
0.071097599170366441
0.062830886513775455
0.055183755619208727
0.048178004309506216
0.041817068867611502
0.036089459665464722
0.030972144759651214
0.026435624535817343
0.022443665877005223
0.018955500253932663
0.015927846573899476
0.013316618389947563
0.011078832426686161
0.009172813882975240
0.007558940022716050
0.006200194561873173
0.005062524866633901
0.004115138018976297
0.003330377493617767
0.002683666813681869
0.002153385485078330
0.001720690419058808
0.001369311482307295
0.001085301025035739
0.000856792744248227
0.000673763934985089
0.000527806877772949
0.000411910714472035
0.000320270410427431
0.000248108365332783
0.000191515174943012
0.000147309426865982
0.000112913229275000
0.000086251581374577
0.000065662774335292
0.000049822506955508
0.000037680273438353
0.000028405524181363
0.000021345666720224
0.000015990207958046
0.000011941487682105
0.000008890990944112
0.000006600014911307
0.000004884925777732
0.000003605009387708
0.000002652840038230
0.000001946699439308
0.000001424568838563
0.000001039627674137
0.000000756653827306
0.000000549238579121
0.000000397645035841
0.000000287152515220
0.000000206834791625
0.000000148607924955
0.000000106508874361
0.000000076151892364
0.000000054317159414
0.000000038651356316
0.000000027439476275
0.000000019435112653
0.000000013734832161
0.000000009684871401
0.000000006814079008
0.000000004783812505
0.000000003351277287
0.000000002342824372
0.000000001634445960
0.000000001137916908
0.000000000790622464
0.000000000548227563
0.000000000379409894
0.000000000262071632
0.000000000180676623
0.000000000124326477
0.000000000085392218
0.000000000058544358
0.000000000040065518
0.000000000027370875
0.000000000018665658
0.000000000012707274
0.000000000008635923
0.000000000005858974
0.000000000003969115
0.000000000002684105
0.000000000001811876
0.000000000001221721
0.000000000000822284
0.000000000000552475
0.000000000000370719
0.000000000000248028
0.000000000000166483
0.000000000000111316
0.000000000000073651
0.000000000000049057
0.000000000000033111
0.000000000000022249
0.000000000000013951
0.000000000000009547
0.000000000000006522
0.000000000000004162
0.000000000000002608
0.000000000000002074
0.000000000000000989
0.000000000000001081
0.000000000000000321
0.000000000000000145
0.000000000000000465
0.000000000000000470
-0.000000000000000267
-0.000000000000000347
0.000000000000000374
0.000000000000000344
-0.000000000000000245
-0.000000000000000404
0.000000000000000161
0.000000000000000553
-0.000000000000000220
-0.000000000000000418
0.000000000000000097
0.000000000000000256
-0.000000000000000154
-0.000000000000000051
-0.000000000000000075
0.000000000000000102
0.000000000000000028
0.000000000000000012
-0.000000000000000011
0.000000000000000084
0.000000000000000011
-0.000000000000000123
0.000000000000000135
-0.000000000000000065
0.000000000000000075
0.000000000000000176
-0.000000000000000119
-0.000000000000000150
0.000000000000000058
0.000000000000000246
0.000000000000000106
-0.000000000000000355
-0.000000000000000250
0.000000000000000419
0.000000000000000090
-0.000000000000000127
-0.000000000000000203
0.000000000000000205
-0.000000000000000001
0.000000000000000160
-0.000000000000000161
-0.000000000000000038
0.000000000000000102
-0.000000000000000233
0.000000000000000057
0.000000000000000153
0.000000000000000052
-0.000000000000000130
0.000000000000000138
0.000000000000000016
0.000000000000000242
-0.000000000000000269
0.000000000000000029
0.000000000000000375
-0.000000000000000403
0.000000000000000026
0.000000000000000103
0.000000000000000233
-0.000000000000000298
-0.000000000000000168
0.000000000000000245
0.000000000000000117
0.000000000000000002
-0.000000000000000111
0.000000000000000034
-0.000000000000000107
0.000000000000000108
-0.000000000000000165
0.000000000000000030
0.000000000000000306
-0.000000000000000202
-0.000000000000000022
-0.000000000000000273
0.000000000000000544
-0.000000000000000071
-0.000000000000000163
-0.000000000000000188
0.000000000000000110
0.000000000000000386
-0.000000000000000289
0.000000000000000067
-0.000000000000000252
0.000000000000000477
-0.000000000000000659
0.000000000000000512
-0.000000000000000158
-0.000000000000000197
0.000000000000000224
-0.000000000000000074
-0.000000000000000013
0.000000000000000001
0.000000000000000131
-0.000000000000000268
0.000000000000000231
-0.000000000000000158
0.000000000000000194
0.000000000000000251
-0.000000000000000444
0.000000000000000024
0.000000000000000045
0.000000000000000327
-0.000000000000000348
0.000000000000000118
-0.000000000000000362
0.000000000000000394
-0.000000000000000063
-0.000000000000000221
-0.000000000000000114
0.000000000000000263
0.000000000000000091
-0.000000000000000376
0.000000000000000445
-0.000000000000000149
-0.000000000000000289
0.000000000000000522
-0.000000000000000427
0.000000000000000165
0.000000000000000230
0.000000000000000038
-0.000000000000000387
0.000000000000000430
-0.000000000000000016
0.000000000000000094
-0.000000000000000362
0.000000000000000027
0.000000000000000359
-0.000000000000000141
-0.000000000000000155
0.000000000000000048
0.000000000000000163
0.000000000000000055
-0.000000000000000066
0.000000000000000008
-0.000000000000000056
0.000000000000000311
-0.000000000000000589
0.000000000000000196
0.000000000000000202
-0.000000000000000218
-0.000000000000000262
0.000000000000000382
0.000000000000000176
-0.000000000000000199
-0.000000000000000149
0.000000000000000098
0.000000000000000463
-0.000000000000000403
-0.000000000000000189
0.000000000000000618
-0.000000000000000302
0.000000000000000025
0.000000000000000182
-0.000000000000000106
-0.000000000000000065
0.000000000000000027
-0.000000000000000089
-0.000000000000000109
0.000000000000000369
-0.000000000000000157
-0.000000000000000428
0.000000000000000366
0.000000000000000353
-0.000000000000000680
0.000000000000000258
-0.000000000000000099
0.000000000000000232
0.000000000000000114
-0.000000000000000748
0.000000000000000359
0.000000000000000299
-0.000000000000000365
0.000000000000000066
-0.000000000000000313
0.000000000000000208
0.000000000000000081
-0.000000000000000053
-0.000000000000000113
-0.000000000000000263
0.000000000000000369
-0.000000000000000009
-0.000000000000000435
0.000000000000000133
0.000000000000000309
-0.000000000000000275
0.000000000000000411
-0.000000000000000232
-0.000000000000000229
0.000000000000000241
0.000000000000000160
-0.000000000000000384
