0.000000000000000000
0.000000000000000000
0.000000000000000000
0.000000000000000000
0.000000000000000000
0.000000000000000000
0.000000000000000000
0.000000000000000000
0.000000000000000000
0.000000000000000000
0.000000000000000000
0.000000000000000000
0.000000000000000000
0.000000000000000000
0.000000000000000000
-0.000000000000000000
-0.000000000000000000
-0.000000000000000000
-0.000000000000000000
0.000000000000000000
0.000000000000000000
0.000000000000000000
0.000000000000000000
-0.000000000000000000
-0.000000000000000000
-0.000000000000000000
-0.000000000000000000
-0.000000000000000000
0.000000000000000000
0.000000000000000000
0.000000000000000000
0.000000000000000000
0.000000000000000000
0.000000000000000000
0.000000000000000000
0.000000000000000000
0.000000000000000000
0.000000000000000000
0.000000000000000000
0.000000000000000000
0.000000000000000000
0.000000000000000000
0.000000000000000000
0.000000000000000000
0.000000000000000000
0.000000000000000000
0.000000000000000000
0.000000000000000000
0.000000000000000000
-0.000000000000000000
0.000000000000000000
0.000000000000000000
0.000000000000000000
-0.000000000000000000
-0.000000000000000000
0.000000000000000000
0.000000000000000000
-0.000000000000000000
-0.000000000000000000
-0.000000000000000000
-0.000000000000000000
0.000000000000000000
-0.000000000000000000
0.000000000000000001
-0.000000000000000001
-0.000000000000000000
-0.000000000000000002
-0.000000000000000003
-0.000000000000000009
-0.000000000000000015
-0.000000000000000020
-0.000000000000000014
-0.000000000000000000
0.000000000000000012
0.000000000000000026
0.000000000000000008
-0.000000000000000005
-0.000000000000000012
-0.000000000000000028
-0.000000000000000035
-0.000000000000000049
-0.000000000000000087
-0.000000000000000080
-0.000000000000000040
0.000000000000000019
0.000000000000000055
0.000000000000000108
0.000000000000000162
0.000000000000000173
0.000000000000000118
0.000000000000000088
0.000000000000000081
0.000000000000000017
-0.000000000000000054
-0.000000000000000146
-0.000000000000000191
-0.000000000000000068
0.000000000000000146
0.000000000000000344
0.000000000000000265
0.000000000000000116
0.000000000000000053
0.000000000000000041
0.000000000000000103
0.000000000000000076
0.000000000000000070
0.000000000000000066
0.000000000000000082
0.000000000000000049
0.000000000000000173
0.000000000000000987
0.000000000000003051
0.000000000000008794
0.000000000000023589
0.000000000000062376
0.000000000000161549
0.000000000000411522
0.000000000001027996
0.000000000002513535
0.000000000006017140
0.000000000014135863
0.000000000032594698
0.000000000073745425
0.000000000163657544
0.000000000356224012
0.000000000761890126
0.000000001601443435
0.000000003307262521
0.000000006708411588
0.000000013363318231
0.000000026186516487
0.000000050489266148
0.000000095759122159
0.000000178599183818
0.000000327513318224
0.000000591404171451
0.000001051848028733
0.000001842268271706
0.000003176490088114
0.000005390822486674
0.000009017008575072
0.000014869334907080
0.000024170035671958
0.000038715983714865
0.000061099539227273
0.000095112949125444
0.000146092137353324
0.000221386587075904
0.000330896416821361
0.000487694789477982
0.000709533208032326
0.001019298806341881
0.001445777056966165
0.002024231105099025
0.002796855174833478
0.003816976053912188
0.005146854206189613
0.006856709425699662
0.009022704591676622
0.011724389161155419
0.015055679351656720
0.019111304626166080
0.023979716415327021
0.029734503269346187
0.036426354356867974
0.044112996624582873
0.052821973344557308
0.062537063608040275
0.073185841993814643
0.084632659939473248
0.096749783244508225
0.109350474612583376
0.122178742346395613
0.134905906924423141
0.147138763027944930
0.158543071065589791
0.168751622975679888
0.177365896472120366
0.183967998089045598
0.188144795910238333
0.189631774586529966
0.188206822447260141
0.183694607439594537
0.175979366393642395
0.165023841346957384
0.150970289944865887
0.134039410389054342
0.114522547076599798
0.092778950109571448
0.069233506894662997
0.044399790062314155
0.018815143608657364
-0.006974826415596073
-0.032428244071052416
-0.057019857244244319
-0.080273929616461764
-0.101770786176714811
-0.121152268830575394
-0.138125406764867925
-0.152467159730850982
-0.164069449359106945
-0.172898206554408046
-0.178983532860188144
-0.182411391281818630
-0.183317722679499029
-0.181921971789386988
-0.178473453646063956
-0.173237464810679587
-0.166485428559978776
-0.158488426637780372
-0.149538599216777451
-0.139910619259128649
-0.129854546953984518
-0.119592510191141810
-0.109317986592128213
-0.099210164918515073
-0.089416248862568798
-0.080051763459211778
-0.071202851554476074
-0.062929581354234987
-0.055275377604324431
-0.048262268412192312
-0.041893887514184817
-0.036158909690538470
-0.031034435731509723
-0.026491073416162390
-0.022492668885118854
-0.018998507561232125
-0.015965340434495798
-0.013349094868057401
-0.011106787946370295
-0.009196733054188845
-0.007579286307949617
-0.006217403573207487
-0.005076999957407286
-0.004127248115653056
-0.003340456014321835
-0.002692011808556273
-0.002160260731217559
-0.001726327211313690
-0.001373910928765563
-0.001089036576103127
-0.000859812856690049
-0.000676194756726422
-0.000529754864116590
-0.000413465098525352
-0.000321505521172056
-0.000249085745836489
-0.000192285487866063
-0.000147914145418866
-0.000113386109559713
-0.000086619955691248
-0.000065948662837297
-0.000050043563879328
-0.000037850585604529
-0.000028536275212884
-0.000021445695672191
-0.000016066470617128
-0.000011999434714386
-0.000008934875882390
-0.000006633142099370
-0.000004909852075601
-0.000003623705705565
-0.000002666819940944
-0.000001957120992640
-0.000001432314483226
-0.000001045367460068
-0.000000760894798063
-0.000000552363136628
-0.000000399940626892
-0.000000288834405063
-0.000000208063676570
-0.000000149503395898
-0.000000107159662466
-0.000000076623631761
-0.000000054658236644
-0.000000038897337221
-0.000000027616431057
-0.000000019562099356
-0.000000013825742124
-0.000000009749799608
-0.000000006860342446
-0.000000004816699457
-0.000000003374602486
-0.000000002359331539
-0.000000001646102446
-0.000000001146129507
-0.000000000796396362
-0.000000000552278264
-0.000000000382246313
-0.000000000264053586
-0.000000000182058750
-0.000000000125287966
-0.000000000086059636
-0.000000000059007544
-0.000000000040386254
-0.000000000027591991
-0.000000000018817901
-0.000000000012812050
-0.000000000008708191
-0.000000000005908600
-0.000000000004002625
-0.000000000002707258
-0.000000000001827785
-0.000000000001232230
-0.000000000000829697
-0.000000000000557627
-0.000000000000373774
-0.000000000000250483
-0.000000000000168055
-0.000000000000112183
-0.000000000000074516
-0.000000000000049626
-0.000000000000033156
-0.000000000000022174
-0.000000000000014871
-0.000000000000009106
-0.000000000000006499
-0.000000000000004711
-0.000000000000002423
-0.000000000000001754
-0.000000000000001154
-0.000000000000001133
-0.000000000000000375
-0.000000000000000207
-0.000000000000000317
-0.000000000000000114
0.000000000000000101
-0.000000000000000161
-0.000000000000000256
0.000000000000000136
0.000000000000000180
-0.000000000000000179
-0.000000000000000246
0.000000000000000168
0.000000000000000107
0.000000000000000050
-0.000000000000000273
0.000000000000000047
0.000000000000000043
-0.000000000000000023
-0.000000000000000012
0.000000000000000116
-0.000000000000000025
0.000000000000000016
-0.000000000000000132
0.000000000000000063
0.000000000000000097
-0.000000000000000091
-0.000000000000000100
0.000000000000000135
0.000000000000000100
-0.000000000000000269
0.000000000000000070
0.000000000000000195
-0.000000000000000119
-0.000000000000000056
-0.000000000000000108
-0.000000000000000003
0.000000000000000204
-0.000000000000000022
-0.000000000000000266
-0.000000000000000008
0.000000000000000158
0.000000000000000082
-0.000000000000000159
0.000000000000000093
-0.000000000000000194
0.000000000000000210
0.000000000000000117
-0.000000000000000031
-0.000000000000000114
-0.000000000000000114
0.000000000000000137
0.000000000000000288
-0.000000000000000129
-0.000000000000000270
-0.000000000000000016
0.000000000000000420
-0.000000000000000078
-0.000000000000000164
-0.000000000000000043
0.000000000000000031
0.000000000000000319
-0.000000000000000016
-0.000000000000000276
0.000000000000000137
0.000000000000000046
-0.000000000000000090
0.000000000000000222
-0.000000000000000246
-0.000000000000000093
0.000000000000000250
0.000000000000000144
-0.000000000000000111
-0.000000000000000181
0.000000000000000159
0.000000000000000278
-0.000000000000000237
-0.000000000000000072
-0.000000000000000034
0.000000000000000210
-0.000000000000000034
-0.000000000000000098
-0.000000000000000035
0.000000000000000057
0.000000000000000094
-0.000000000000000315
0.000000000000000167
0.000000000000000181
-0.000000000000000032
-0.000000000000000186
0.000000000000000158
0.000000000000000011
-0.000000000000000065
-0.000000000000000017
0.000000000000000108
0.000000000000000100
-0.000000000000000225
-0.000000000000000048
0.000000000000000262
0.000000000000000069
-0.000000000000000164
-0.000000000000000260
0.000000000000000176
0.000000000000000335
-0.000000000000000011
-0.000000000000000360
0.000000000000000039
0.000000000000000414
-0.000000000000000179
-0.000000000000000241
0.000000000000000277
-0.000000000000000017
-0.000000000000000020
-0.000000000000000173
0.000000000000000249
0.000000000000000169
-0.000000000000000328
-0.000000000000000034
0.000000000000000304
0.000000000000000141
-0.000000000000000258
-0.000000000000000180
0.000000000000000216
0.000000000000000240
-0.000000000000000245
-0.000000000000000136
0.000000000000000250
0.000000000000000109
-0.000000000000000125
-0.000000000000000278
0.000000000000000286
0.000000000000000152
-0.000000000000000238
-0.000000000000000160
0.000000000000000137
0.000000000000000387
-0.000000000000000223
-0.000000000000000325
0.000000000000000271
0.000000000000000153
-0.000000000000000202
-0.000000000000000234
0.000000000000000257
0.000000000000000024
-0.000000000000000005
-0.000000000000000375
0.000000000000000228
0.000000000000000365
-0.000000000000000167
-0.000000000000000488
0.000000000000000234
0.000000000000000419
-0.000000000000000221
-0.000000000000000392
0.000000000000000071
0.000000000000000461
-0.000000000000000143
-0.000000000000000290
0.000000000000000073
0.000000000000000138
-0.000000000000000173
0.000000000000000099
-0.000000000000000153
-0.000000000000000111
0.000000000000000094
-0.000000000000000124
0.000000000000000107
0.000000000000000156
-0.000000000000000328
0.000000000000000175
0.000000000000000098
-0.000000000000000149
-0.000000000000000027
0.000000000000000043
0.000000000000000020
-0.000000000000000091
0.000000000000000005
-0.000000000000000198
0.000000000000000057
0.000000000000000259
0.000000000000000077
-0.000000000000000433
0.000000000000000075
0.000000000000000398
-0.000000000000000099
-0.000000000000000475
0.000000000000000061
0.000000000000000535
-0.000000000000000181
-0.000000000000000295
0.000000000000000036
0.000000000000000207
0.000000000000000265
-0.000000000000000134
-0.000000000000000382
