0.000000000000000
0.000000000000000
0.000000000000000
0.000000000000000
0.000000000000001
0.000000000000001
0.000000000000001
0.000000000000001
0.000000000000001
0.000000000000001
0.000000000000000
0.000000000000000
0.000000000000000
-0.000000000000000
-0.000000000000000
-0.000000000000000
-0.000000000000000
-0.000000000000000
-0.000000000000000
-0.000000000000001
-0.000000000000001
-0.000000000000000
-0.000000000000000
-0.000000000000000
-0.000000000000000
0.000000000000000
0.000000000000000
0.000000000000000
0.000000000000000
0.000000000000000
0.000000000000000
-0.000000000000000
-0.000000000000000
-0.000000000000000
0.000000000000000
0.000000000000000
0.000000000000000
0.000000000000000
0.000000000000000
-0.000000000000001
-0.000000000000001
-0.000000000000001
0.000000000000000
0.000000000000001
0.000000000000001
0.000000000000001
0.000000000000001
0.000000000000001
0.000000000000000
-0.000000000000000
-0.000000000000000
-0.000000000000001
-0.000000000000001
-0.000000000000002
-0.000000000000001
0.000000000000000
0.000000000000000
0.000000000000000
0.000000000000001
0.000000000000000
-0.000000000000000
-0.000000000000000
0.000000000000000
-0.000000000000000
-0.000000000000001
-0.000000000000001
-0.000000000000001
-0.000000000000001
-0.000000000000001
-0.000000000000001
-0.000000000000001
-0.000000000000001
-0.000000000000001
-0.000000000000000
0.000000000000000
0.000000000000000
0.000000000000000
0.000000000000000
0.000000000000001
0.000000000000001
0.000000000000001
0.000000000000001
0.000000000000000
0.000000000000000
0.000000000000000
-0.000000000000000
-0.000000000000001
-0.000000000000000
0.000000000000000
0.000000000000000
0.000000000000000
-0.000000000000000
0.000000000000000
0.000000000000000
0.000000000000001
0.000000000000001
0.000000000000000
-0.000000000000000
0.000000000000000
0.000000000000000
0.000000000000000
0.000000000000000
0.000000000000001
0.000000000000001
0.000000000000000
-0.000000000000000
-0.000000000000001
-0.000000000000000
-0.000000000000000
0.000000000000000
0.000000000000000
-0.000000000000000
-0.000000000000001
-0.000000000000001
-0.000000000000001
-0.000000000000000
0.000000000000000
0.000000000000001
0.000000000000000
0.000000000000000
0.000000000000000
0.000000000000000
0.000000000000001
0.000000000000001
0.000000000000000
0.000000000000000
-0.000000000000000
-0.000000000000001
-0.000000000000001
-0.000000000000000
0.000000000000000
0.000000000000000
-0.000000000000000
-0.000000000000001
-0.000000000000001
-0.000000000000000
0.000000000000001
0.000000000000001
0.000000000000001
0.000000000000001
0.000000000000000
0.000000000000001
0.000000000000001
0.000000000000001
0.000000000000001
0.000000000000001
0.000000000000001
0.000000000000001
0.000000000000001
0.000000000000001
0.000000000000001
0.000000000000001
0.000000000000001
0.000000000000001
0.000000000000001
0.000000000000001
0.000000000000001
0.000000000000000
0.000000000000000
-0.000000000000000
0.000000000000000
0.000000000000000
0.000000000000000
0.000000000000000
-0.000000000000000
-0.000000000000001
-0.000000000000000
-0.000000000000000
-0.000000000000001
-0.000000000000001
-0.000000000000002
-0.000000000000002
-0.000000000000003
-0.000000000000003
-0.000000000000002
-0.000000000000003
-0.000000000000002
-0.000000000000002
-0.000000000000002
-0.000000000000001
-0.000000000000001
-0.000000000000001
-0.000000000000000
0.000000000000000
0.000000000000001
0.000000000000001
0.000000000000001
0.000000000000001
0.000000000000001
0.000000000000001
0.000000000000000
-0.000000000000001
-0.000000000000001
-0.000000000000001
-0.000000000000002
-0.000000000000002
-0.000000000000002
-0.000000000000001
-0.000000000000001
-0.000000000000001
-0.000000000000002
-0.000000000000002
-0.000000000000001
-0.000000000000001
-0.000000000000001
-0.000000000000000
0.000000000000000
0.000000000000001
0.000000000000001
0.000000000000002
0.000000000000002
0.000000000000002
0.000000000000002
0.000000000000001
0.000000000000000
0.000000000000000
-0.000000000000000
-0.000000000000001
-0.000000000000001
-0.000000000000001
-0.000000000000001
-0.000000000000001
-0.000000000000001
-0.000000000000001
-0.000000000000002
-0.000000000000001
-0.000000000000001
-0.000000000000002
-0.000000000000003
-0.000000000000003
-0.000000000000003
-0.000000000000003
-0.000000000000003
-0.000000000000003
-0.000000000000003
-0.000000000000003
-0.000000000000002
-0.000000000000002
-0.000000000000001
-0.000000000000001
-0.000000000000001
-0.000000000000000
0.000000000000001
0.000000000000002
0.000000000000003
0.000000000000004
0.000000000000006
0.000000000000008
0.000000000000011
0.000000000000015
0.000000000000019
0.000000000000025
0.000000000000033
0.000000000000042
0.000000000000056
0.000000000000072
0.000000000000094
0.000000000000122
0.000000000000157
0.000000000000203
0.000000000000262
0.000000000000336
0.000000000000431
0.000000000000552
0.000000000000707
0.000000000000903
0.000000000001153
0.000000000001469
0.000000000001869
0.000000000002375
0.000000000003014
0.000000000003822
0.000000000004840
0.000000000006122
0.000000000007736
0.000000000009763
0.000000000012307
0.000000000015496
0.000000000019490
0.000000000024486
0.000000000030726
0.000000000038511
0.000000000048215
0.000000000060294
0.000000000075313
0.000000000093966
0.000000000117102
0.000000000145767
0.000000000181239
0.000000000225085
0.000000000279217
0.000000000345969
0.000000000428184
0.000000000529327
0.000000000653609
0.000000000806141
0.000000000993123
0.000000001222065
0.000000001502051
0.000000001844057
0.000000002261326
0.000000002769819
0.000000003388744
0.000000004141191
0.000000005054882
0.000000006163055
0.000000007505510
0.000000009129849
0.000000011092929
0.000000013462574
0.000000016319586
0.000000019760110
0.000000023898398
0.000000028870040
0.000000034835749
0.000000041985766
0.000000050544997
0.000000060778983
0.000000073000834
0.000000087579277
0.000000104947965
0.000000125616246
0.000000150181598
0.000000179343957
0.000000213922213
0.000000254873168
0.000000303313297
0.000000360543665
0.000000428078458
0.000000507677546
0.000000601383641
0.000000711564594
0.000000840961494
0.000000992743256
0.000001170568488
0.000001378655490
0.000001621861323
0.000001905770986
0.000002236797815
0.000002622296337
0.000003070688910
0.000003591607595
0.000004196052805
0.000004896570431
0.000005707449243
0.000006644940497
0.000007727501809
0.000008976067494
0.000010414347702
0.000012069158792
0.000013970787536
0.000016153391849
0.000018655440860
0.000021520197249
0.000024796244850
0.000028538064603
0.000032806662008
0.000037670249231
0.000043204985060
0.000049495775863
0.000056637140636
0.000064734143152
0.000073903394062
0.000084274125621
0.000095989341460
0.000109207043524
0.000124101537928
0.000140864821064
0.000159708046743
0.000180863074621
0.000204584099447
0.000231149359929
0.000260862925188
0.000294056555800
0.000331091635433
0.000372361167920
0.000418291833445
0.000469346096151
0.000526024354132
0.000588867121231
0.000658457228569
0.000735422032004
0.000820435610098
0.000914220935378
0.001017551999869
0.001131255874088
0.001256214676858
0.001393367431462
0.001543711781920
0.001708305541399
0.001888268043169
0.002084781262950
0.002299090680125
0.002532505844044
0.002786400610618
0.003062213013620
0.003361444734524
0.003685660134532
0.004036484812464
0.004415603652661
0.004824758327886
0.005265744223441
0.005740406750423
0.006250637018214
0.006798366838945
0.007385563039836
0.008014221062989
0.008686357836420
0.009404003904817
0.010169194813782
0.010983961747030
0.011850321422287
0.012770265258292
0.013745747832444
0.014778674656133
0.015870889302643
0.017024159930590
0.018240165254207
0.019520480020228
0.020866560059626
0.022279726990921
0.023761152660141
0.025311843410597
0.026932624283457
0.028624123257423
0.030386755642653
0.032220708750192
0.034125926963603
0.036102097343997
0.038148635903233
0.040264674682550
0.042449049775246
0.044700290432110
0.047016609387104
0.049395894538231
0.051835702114538
0.054333251454716
0.056885421515911
0.059488749222909
0.062139429758078
0.064833318881143
0.067565937355268
0.070332477541975
0.073127812212304
0.075946505605347
0.078782826748109
0.081630765032549
0.084484048026973
0.087336161479624
0.090180371452859
0.093009748506503
0.095817193829428
0.098595467199024
0.101337216629416
0.104035009551154
0.106681365347904
0.109268789059586
0.111789806046715
0.114236997397462
0.116603035847454
0.118880721972740
0.121063020408672
0.123143095842039
0.125114348520483
0.126970449022367
0.128705372031690
0.130313428866513
0.131789298515601
0.133128056946644
0.134325204460346
0.135376690877839
0.136278938364214
0.137028861708194
0.137623885897131
0.138061960847203
0.138341573170919
0.138461754887370
0.138422089005112
0.138222711932583
0.137864312696575
0.137348128975019
0.136675939976053
0.135850056220714
0.134873306311353
0.133749020791833
0.132481013228371
0.131073558661433
0.129531369599028
0.127859569740035
0.126063665632509
0.124149516486208
0.122123302370711
0.119991491040291
0.117760803634250
0.115438179506457
0.113030740440582
0.110545754507762
0.107990599821446
0.105372728439768
0.102699630659296
0.099978799935399
0.097217698653879
0.094423724966196
0.091604180886632
0.088766241834322
0.085916927786434
0.083063076191117
0.080211316770300
0.077368048323347
0.074539417623031
0.071731300475608
0.068949284997131
0.066198657138657
0.063484388474016
0.060811126245327
0.058183185643817
0.055604544286686
0.053078838835058
0.050609363683463
0.048199071638010
0.045850576488390
0.043566157368317
0.041347764789829
0.039197028229225
0.037115265136218
0.035103491233120
0.033162431967617
0.031292534980743
0.029493983451161
0.027766710177521
0.026110412262623
0.024524566266135
0.023008443696659
0.021561126718912
0.020181523957598
0.018868386285997
0.017620322494447
0.016435814741422
0.015313233697933
0.014250853304177
0.013246865065826
0.012299391825828
0.011406500956092
0.010566216921853
0.009776533179708
0.009035423378354
0.008340851838699
0.007690783297371
0.007083191904566
0.006516069473654
0.005987432985970
0.005495331359722
0.005037851496934
0.004613123626822
0.004219325967929
0.003854688734809
0.003517497517898
0.003206096067682
0.002918888516175
0.002654341070190
0.002410983211944
0.002187408443180
0.001982274609212
0.001794303839254
0.001622282138995
0.001465058670667
0.001321544755007
0.001190712628276
0.001071593986291
0.000963278345852
0.000864911252432
0.000775692361265
0.000694873417209
0.000621756156998
0.000555690155620
0.000496070636757
0.000442336265435
0.000393966939197
0.000350481592427
0.000311436026769
0.000276420778957
0.000245059035866
0.000217004605147
0.000191939948430
0.000169574282839
0.000149641755381
0.000131899693679
0.000116126935556
0.000102122239087
0.000089702773901
0.000078702693852
0.000068971790521
0.000060374226461
0.000052787346625
0.000046100566057
0.000040214331515
0.000035039154498
0.000030494712886
0.000026509018247
0.000023017645763
0.000019963023629
0.000017293778748
0.000014964135532
0.000012933364654
0.000011165278629
0.000009627771164
0.000008292397320
0.000007133991595
0.000006130321193
0.000005261771806
0.000004511063404
0.000003862993637
0.000003304206585
0.000002822984724
0.000002409062114
0.000002053456938
0.000001748321637
0.000001486809042
0.000001262952978
0.000001071561975
0.000000908124787
0.000000768726559
0.000000649974565
0.000000548932514
0.000000463062555
0.000000390174143
0.000000328379032
0.000000276051724
0.000000231794760
0.000000194408331
0.000000162863676
0.000000136279865
0.000000113903550
0.000000095091330
0.000000079294429
0.000000066045393
0.000000054946556
0.000000045660064
0.000000037899252
0.000000031421206
0.000000026020351
0.000000021522936
0.000000017782302
0.000000014674811
0.000000012096372
0.000000009959461
0.000000008190578
0.000000006728084
0.000000005520347
0.000000004524174
0.000000003703483
0.000000003028164
0.000000002473128
0.000000002017492
0.000000001643899
0.000000001337939
0.000000001087666
0.000000000883188
0.000000000716323
0.000000000580313
0.000000000469584
0.000000000379545
0.000000000306416
0.000000000247091
0.000000000199022
0.000000000160119
0.000000000128672
0.000000000103281
0.000000000082805
0.000000000066312
0.000000000053042
0.000000000042379
0.000000000033820
0.000000000026960
0.000000000021465
0.000000000017070
0.000000000013560
0.000000000010760
0.000000000008527
0.000000000006750
0.000000000005337
0.000000000004215
0.000000000003325
0.000000000002621
0.000000000002062
0.000000000001621
0.000000000001273
0.000000000000999
0.000000000000783
0.000000000000612
0.000000000000478
0.000000000000373
0.000000000000292
0.000000000000227
0.000000000000176
0.000000000000137
0.000000000000107
0.000000000000083
0.000000000000064
0.000000000000049
0.000000000000038
0.000000000000030
0.000000000000023
0.000000000000018
0.000000000000014
0.000000000000010
0.000000000000007
0.000000000000007
0.000000000000005
0.000000000000003
0.000000000000003
0.000000000000002
0.000000000000002
0.000000000000001
0.000000000000001
0.000000000000001
0.000000000000001
0.000000000000000
0.000000000000000
0.000000000000000
0.000000000000000
0.000000000000000
0.000000000000000
0.000000000000000
-0.000000000000000
0.000000000000000
0.000000000000000
-0.000000000000000
0.000000000000000
0.000000000000000
0.000000000000000
-0.000000000000000
0.000000000000000
0.000000000000000
0.000000000000000
-0.000000000000000
-0.000000000000000
0.000000000000000
0.000000000000000
-0.000000000000000
-0.000000000000000
0.000000000000000
0.000000000000000
-0.000000000000000
0.000000000000000
0.000000000000000
-0.000000000000000
-0.000000000000000
-0.000000000000000
0.000000000000000
0.000000000000000
-0.000000000000001
-0.000000000000000
0.000000000000000
0.000000000000001
-0.000000000000000
-0.000000000000000
-0.000000000000000
0.000000000000001
0.000000000000000
0.000000000000000
-0.000000000000000
-0.000000000000000
0.000000000000000
0.000000000000000
-0.000000000000000
-0.000000000000000
-0.000000000000000
0.000000000000000
0.000000000000000
0.000000000000000
-0.000000000000001
0.000000000000000
0.000000000000000
0.000000000000000
0.000000000000000
-0.000000000000001
0.000000000000000
0.000000000000000
0.000000000000000
-0.000000000000001
-0.000000000000000
0.000000000000000
0.000000000000001
-0.000000000000000
0.000000000000000
0.000000000000000
0.000000000000000
-0.000000000000000
0.000000000000000
0.000000000000000
-0.000000000000001
0.000000000000000
0.000000000000000
-0.000000000000000
0.000000000000000
-0.000000000000000
-0.000000000000000
0.000000000000000
-0.000000000000000
-0.000000000000000
0.000000000000000
-0.000000000000000
-0.000000000000000
0.000000000000000
0.000000000000000
-0.000000000000000
0.000000000000000
-0.000000000000000
0.000000000000000
-0.000000000000001
0.000000000000000
0.000000000000000
-0.000000000000001
-0.000000000000000
0.000000000000000
0.000000000000000
-0.000000000000000
-0.000000000000000
0.000000000000001
0.000000000000000
-0.000000000000000
-0.000000000000000
0.000000000000000
0.000000000000000
0.000000000000000
-0.000000000000000
0.000000000000000
0.000000000000000
-0.000000000000000
-0.000000000000000
0.000000000000000
-0.000000000000000
0.000000000000000
-0.000000000000000
-0.000000000000000
-0.000000000000000
-0.000000000000000
-0.000000000000000
0.000000000000000
-0.000000000000000
-0.000000000000000
0.000000000000000
0.000000000000000
-0.000000000000000
0.000000000000000
-0.000000000000000
-0.000000000000000
-0.000000000000000
0.000000000000000
-0.000000000000000
0.000000000000000
-0.000000000000000
0.000000000000000
-0.000000000000000
0.000000000000000
0.000000000000000
-0.000000000000000
0.000000000000000
0.000000000000000
0.000000000000000
-0.000000000000000
-0.000000000000000
0.000000000000000
-0.000000000000000
-0.000000000000000
-0.000000000000000
0.000000000000001
0.000000000000000
-0.000000000000000
-0.000000000000000
0.000000000000001
-0.000000000000000
0.000000000000000
-0.000000000000000
0.000000000000000
0.000000000000000
-0.000000000000001
-0.000000000000000
0.000000000000000
-0.000000000000000
-0.000000000000001
0.000000000000001
0.000000000000000
-0.000000000000000
-0.000000000000000
-0.000000000000000
0.000000000000000
-0.000000000000000
-0.000000000000000
0.000000000000000
0.000000000000000
-0.000000000000000
0.000000000000000
-0.000000000000000
0.000000000000000
-0.000000000000000
-0.000000000000000
0.000000000000000
0.000000000000000
-0.000000000000001
-0.000000000000000
-0.000000000000000
0.000000000000001
-0.000000000000000
-0.000000000000000
-0.000000000000000
0.000000000000000
0.000000000000000
-0.000000000000001
0.000000000000000
0.000000000000000
-0.000000000000001
0.000000000000000
0.000000000000000
-0.000000000000000
-0.000000000000000
0.000000000000000
0.000000000000001
-0.000000000000000
-0.000000000000000
0.000000000000000
0.000000000000000
0.000000000000000
-0.000000000000000
-0.000000000000000
-0.000000000000000
0.000000000000001
-0.000000000000000
0.000000000000000
-0.000000000000001
0.000000000000000
-0.000000000000000
-0.000000000000000
0.000000000000000
-0.000000000000000
-0.000000000000000
-0.000000000000000
0.000000000000001
-0.000000000000000
-0.000000000000000
0.000000000000000
0.000000000000001
-0.000000000000001
0.000000000000000
-0.000000000000000
0.000000000000000
-0.000000000000001
0.000000000000000
0.000000000000001
-0.000000000000000
-0.000000000000000
-0.000000000000000
0.000000000000001
-0.000000000000000
0.000000000000000
-0.000000000000001
-0.000000000000000
0.000000000000001
0.000000000000001
-0.000000000000000
-0.000000000000001
0.000000000000000
0.000000000000001
-0.000000000000000
-0.000000000000001
0.000000000000000
-0.000000000000000
0.000000000000000
0.000000000000000
-0.000000000000000
-0.000000000000001
0.000000000000000
0.000000000000000
0.000000000000000
-0.000000000000000
0.000000000000000
-0.000000000000000
0.000000000000000
-0.000000000000000
0.000000000000000
-0.000000000000001
-0.000000000000000
0.000000000000001
0.000000000000000
-0.000000000000000
-0.000000000000000
-0.000000000000000
-0.000000000000000
0.000000000000000
0.000000000000000
-0.000000000000001
0.000000000000000
0.000000000000000
-0.000000000000000
-0.000000000000000
0.000000000000000
-0.000000000000000
0.000000000000000
-0.000000000000000
-0.000000000000000
-0.000000000000000
0.000000000000000
0.000000000000000
0.000000000000001
-0.000000000000001
0.000000000000000
-0.000000000000000
0.000000000000000
0.000000000000000
-0.000000000000001
0.000000000000000
0.000000000000000
0.000000000000000
-0.000000000000000
-0.000000000000000
0.000000000000000
0.000000000000001
-0.000000000000001
0.000000000000000
-0.000000000000000
-0.000000000000000
-0.000000000000000
-0.000000000000000
0.000000000000000
0.000000000000000
-0.000000000000000
-0.000000000000001
0.000000000000001
0.000000000000000
-0.000000000000000
-0.000000000000001
0.000000000000001
-0.000000000000000
-0.000000000000000
0.000000000000000
0.000000000000000
-0.000000000000000
-0.000000000000000
0.000000000000001
-0.000000000000000
-0.000000000000000
-0.000000000000000
-0.000000000000000
0.000000000000001
0.000000000000000
-0.000000000000001
0.000000000000000
0.000000000000000
0.000000000000000
-0.000000000000000
-0.000000000000000
-0.000000000000000
0.000000000000000
0.000000000000000
0.000000000000000
-0.000000000000001
-0.000000000000000
0.000000000000001
