-0.000000000000000
-0.000000000000001
-0.000000000000000
0.000000000000000
0.000000000000000
0.000000000000000
-0.000000000000000
0.000000000000000
-0.000000000000000
-0.000000000000000
-0.000000000000000
-0.000000000000000
-0.000000000000001
-0.000000000000001
-0.000000000000001
-0.000000000000001
-0.000000000000000
-0.000000000000000
0.000000000000000
-0.000000000000000
-0.000000000000000
-0.000000000000001
-0.000000000000001
-0.000000000000000
-0.000000000000000
-0.000000000000000
-0.000000000000000
-0.000000000000000
-0.000000000000000
-0.000000000000000
-0.000000000000001
-0.000000000000001
-0.000000000000001
-0.000000000000001
-0.000000000000001
-0.000000000000001
-0.000000000000001
-0.000000000000001
-0.000000000000000
0.000000000000000
0.000000000000000
0.000000000000000
0.000000000000000
-0.000000000000000
-0.000000000000000
-0.000000000000000
-0.000000000000000
0.000000000000000
0.000000000000000
0.000000000000000
0.000000000000000
0.000000000000000
0.000000000000001
0.000000000000000
-0.000000000000000
-0.000000000000000
-0.000000000000000
-0.000000000000001
-0.000000000000001
-0.000000000000001
-0.000000000000001
-0.000000000000001
-0.000000000000001
-0.000000000000001
-0.000000000000000
0.000000000000000
-0.000000000000000
-0.000000000000000
-0.000000000000000
-0.000000000000000
-0.000000000000000
-0.000000000000000
-0.000000000000000
-0.000000000000000
-0.000000000000000
-0.000000000000001
-0.000000000000000
-0.000000000000001
-0.000000000000001
-0.000000000000001
-0.000000000000001
-0.000000000000001
-0.000000000000001
-0.000000000000001
-0.000000000000001
-0.000000000000001
-0.000000000000000
-0.000000000000000
-0.000000000000001
-0.000000000000001
-0.000000000000000
0.000000000000000
0.000000000000001
0.000000000000001
0.000000000000001
0.000000000000000
0.000000000000000
0.000000000000000
-0.000000000000000
-0.000000000000000
-0.000000000000000
-0.000000000000001
-0.000000000000001
-0.000000000000001
-0.000000000000001
-0.000000000000001
-0.000000000000001
-0.000000000000000
-0.000000000000001
-0.000000000000000
-0.000000000000000
-0.000000000000001
-0.000000000000001
-0.000000000000001
-0.000000000000000
-0.000000000000000
0.000000000000000
0.000000000000000
0.000000000000000
-0.000000000000000
0.000000000000000
0.000000000000000
0.000000000000000
0.000000000000001
0.000000000000001
0.000000000000002
0.000000000000002
0.000000000000002
0.000000000000002
0.000000000000002
0.000000000000001
0.000000000000001
0.000000000000001
0.000000000000001
0.000000000000000
-0.000000000000000
-0.000000000000001
-0.000000000000001
-0.000000000000001
-0.000000000000000
-0.000000000000000
-0.000000000000000
-0.000000000000001
-0.000000000000001
-0.000000000000001
-0.000000000000001
-0.000000000000000
-0.000000000000000
-0.000000000000000
0.000000000000000
0.000000000000000
-0.000000000000000
-0.000000000000000
-0.000000000000001
-0.000000000000001
-0.000000000000001
-0.000000000000000
0.000000000000000
0.000000000000000
0.000000000000000
0.000000000000000
0.000000000000000
0.000000000000000
0.000000000000000
0.000000000000001
0.000000000000000
-0.000000000000001
-0.000000000000001
-0.000000000000001
-0.000000000000001
-0.000000000000001
-0.000000000000001
-0.000000000000001
-0.000000000000001
-0.000000000000001
-0.000000000000000
-0.000000000000000
0.000000000000000
0.000000000000000
0.000000000000000
0.000000000000001
0.000000000000001
0.000000000000001
0.000000000000001
0.000000000000002
0.000000000000002
0.000000000000003
0.000000000000003
0.000000000000003
0.000000000000002
0.000000000000002
0.000000000000002
0.000000000000002
0.000000000000002
0.000000000000002
0.000000000000002
0.000000000000002
0.000000000000002
0.000000000000002
0.000000000000002
0.000000000000001
0.000000000000001
0.000000000000000
-0.000000000000000
-0.000000000000000
-0.000000000000001
-0.000000000000001
-0.000000000000001
-0.000000000000001
0.000000000000000
0.000000000000000
0.000000000000000
-0.000000000000000
-0.000000000000001
-0.000000000000001
-0.000000000000001
-0.000000000000001
-0.000000000000002
-0.000000000000002
-0.000000000000002
-0.000000000000002
-0.000000000000002
-0.000000000000002
-0.000000000000002
-0.000000000000003
-0.000000000000003
-0.000000000000003
-0.000000000000002
-0.000000000000002
-0.000000000000003
-0.000000000000003
-0.000000000000003
-0.000000000000003
-0.000000000000004
-0.000000000000005
-0.000000000000006
-0.000000000000008
-0.000000000000009
-0.000000000000011
-0.000000000000012
-0.000000000000016
-0.000000000000020
-0.000000000000027
-0.000000000000035
-0.000000000000046
-0.000000000000060
-0.000000000000079
-0.000000000000103
-0.000000000000134
-0.000000000000173
-0.000000000000224
-0.000000000000289
-0.000000000000373
-0.000000000000481
-0.000000000000619
-0.000000000000795
-0.000000000001021
-0.000000000001310
-0.000000000001679
-0.000000000002149
-0.000000000002747
-0.000000000003508
-0.000000000004473
-0.000000000005697
-0.000000000007248
-0.000000000009211
-0.000000000011690
-0.000000000014821
-0.000000000018768
-0.000000000023738
-0.000000000029989
-0.000000000037842
-0.000000000047695
-0.000000000060043
-0.000000000075499
-0.000000000094822
-0.000000000118951
-0.000000000149042
-0.000000000186528
-0.000000000233166
-0.000000000291122
-0.000000000363055
-0.000000000452229
-0.000000000562642
-0.000000000699187
-0.000000000867846
-0.000000001075919
-0.000000001332305
-0.000000001647841
-0.000000002035703
-0.000000002511891
-0.000000003095808
-0.000000003810957
-0.000000004685768
-0.000000005754586
-0.000000007058848
-0.000000008648480
-0.000000010583562
-0.000000012936295
-0.000000015793330
-0.000000019258533
-0.000000023456227
-0.000000028535037
-0.000000034672398
-0.000000042079861
-0.000000051009321
-0.000000061760304
-0.000000074688505
-0.000000090215757
-0.000000108841652
-0.000000131157086
-0.000000157860008
-0.000000189773693
-0.000000227867943
-0.000000273283610
-0.000000327360948
-0.000000391672317
-0.000000468059859
-0.000000558678830
-0.000000666047363
-0.000000793103506
-0.000000943270512
-0.000001120531442
-0.000001329514271
-0.000001575588804
-0.000001864976882
-0.000002204877443
-0.000002603608242
-0.000003070766152
-0.000003617408149
-0.000004256255325
-0.000005001922418
-0.000005871175597
-0.000006883221460
-0.000008060030406
-0.000009426697817
-0.000011011846686
-0.000012848075602
-0.000014972456222
-0.000017427084606
-0.000020259691028
-0.000023524313078
-0.000027282037092
-0.000031601813114
-0.000036561348753
-0.000042248087429
-0.000048760276549
-0.000056208131237
-0.000064715099142
-0.000074419231836
-0.000085474668071
-0.000098053233950
-0.000112346164694
-0.000128565952237
-0.000146948322278
-0.000167754343717
-0.000191272672549
-0.000217821931267
-0.000247753223648
-0.000281452783453
-0.000319344754008
-0.000361894093934
-0.000409609602335
-0.000463047054598
-0.000522812437650
-0.000589565270895
-0.000664021996335
-0.000746959418336
-0.000839218170386
-0.000941706182764
-0.001055402121543
-0.001181358765642
-0.001320706284832
-0.001474655377705
-0.001644500224623
-0.001831621206698
-0.002037487337880
-0.002263658353351
-0.002511786393688
-0.002783617220682
-0.003080990897467
-0.003405841862619
-0.003760198325409
-0.004146180907333
-0.004566000453624
-0.005021954937645
-0.005516425381058
-0.006051870713480
-0.006630821497052
-0.007255872444121
-0.007929673660071
-0.008654920548303
-0.009434342320624
-0.010270689063772
-0.011166717321640
-0.012125174162941
-0.013148779715596
-0.014240208162086
-0.015402067204226
-0.016636876021496
-0.017947041763858
-0.019334834638052
-0.020802361665462
-0.022351539209704
-0.023984064392920
-0.025701385541213
-0.027504671821536
-0.029394782254372
-0.031372234308555
-0.033437172306194
-0.035589335886702
-0.037828028799055
-0.040152088310190
-0.042559855534806
-0.045049147007152
-0.047617227828536
-0.050260786734845
-0.052975913436021
-0.055758078583905
-0.058602116725792
-0.061502212598257
-0.064451891108960
-0.067444011343170
-0.070470764916302
-0.073523678973958
-0.076593624116517
-0.079670827496366
-0.082744891302448
-0.085804816808884
-0.088839034122459
-0.091835437717680
-0.094781427798442
-0.097663957472424
-0.100469585668463
-0.103184535669081
-0.105794759070354
-0.108286004920246
-0.110643893724952
-0.112853995951330
-0.114901914593062
-0.116773371309403
-0.118454295589002
-0.119930916338225
-0.121189855244292
-0.122218221219249
-0.123003705191905
-0.123534674482260
-0.123800265967008
-0.123790477226246
-0.123496254850867
-0.122909579087744
-0.122023544006069
-0.120832432383247
-0.119331784532749
-0.117518460329228
-0.115390693727991
-0.112948139126221
-0.110191908971972
-0.107124602093330
-0.103750322293738
-0.100074686839626
-0.096104824552380
-0.091849363307457
-0.087318406838174
-0.082523500839291
-0.077477588464974
-0.072194955415846
-0.066691164909519
-0.060982982927109
-0.055088294223485
-0.049026009680437
-0.042815965668270
-0.036478816161630
-0.030035918428602
-0.023509213177354
-0.016921100101071
-0.010294309808943
-0.003651773167845
0.002983510894237
0.009588608056503
0.016140780674326
0.022617618184607
0.028997164800814
0.035258043479523
0.041379575179190
0.047341892480726
0.053126046697624
0.058714107670158
0.064089255512684
0.069235863664449
0.074139572681444
0.078787354298864
0.083167565389223
0.087269991539385
0.091085880069130
0.094607962413561
0.097830465890308
0.100749114969107
0.103361122254839
0.105665169484426
0.107661378922319
0.109351275617674
0.110737741058028
0.111824958818743
0.112618352863994
0.113124519203409
0.113351151648089
0.113306962440686
0.113001598556155
0.112445554483026
0.111650082299421
0.110627099854098
0.109389097850627
0.107949046613018
0.106320303284092
0.104516520174341
0.102551554939388
0.100439383219427
0.098194014324592
0.095829410497063
0.093359410224529
0.090797656021199
0.088157527032591
0.085452076759648
0.082693976137038
0.079895462140392
0.077068292038510
0.074223703349656
0.071372379506656
0.068524421183935
0.065689323191468
0.062875956796058
0.060092557289835
0.057346716589491
0.054645380617791
0.051994851191306
0.049400792115298
0.046868239168032
0.044401613642615
0.042004739104478
0.039680861016741
0.037432668883767
0.035262320564833
0.033171468414899
0.031161286917579
0.029232501486311
0.027385418123060
0.025619953639347
0.023935666161693
0.022331785662242
0.020807244275263
0.019360706180880
0.017990596858691
0.016695131535423
0.015472342672311
0.014320106359163
0.013236167502938
0.012218163718832
0.011263647851271
0.010370109070654
0.009534992508994
0.008755717413850
0.008029693814838
0.007354337710652
0.006727084796839
0.006145402765555
0.005606802218104
0.005108846239424
0.004649158690688
0.004225431281965
0.003835429491509
0.003476997401742
0.003148061524438
0.002846633689116
0.002570813069243
0.002318787420697
0.002088833605972
0.001879317476147
0.001688693180509
0.001515501971220
0.001358370567453
0.001216009140222
0.001087208975609
0.000970839870460
0.000865847310827
0.000771249479605
0.000686134135921
0.000609655405068
0.000541030513936
0.000479536503295
0.000424506944727
0.000375328686619
0.000331438650424
0.000292320695363
0.000257502566927
0.000226552941863
0.000199078579956
0.000174721590647
0.000153156820533
0.000134089365969
0.000117252213359
0.000102404008299
0.000089326953441
0.000077824833902
0.000067721168014
0.000058857480537
0.000051091694696
0.000044296638926
0.000038358663777
0.000033176364089
0.000028659401374
0.000024727421126
0.000021309059775
0.000018341035927
0.000015767320610
0.000013538381330
0.000011610494838
0.000009945123696
0.000008508351882
0.000007270374895
0.000006205040012
0.000005289432585
0.000004503504501
0.000003829741142
0.000003252863408
0.000002759561640
0.000002338258428
0.000001978897595
0.000001672756776
0.000001412281255
0.000001190936930
0.000001003080407
0.000000843844433
0.000000709037043
0.000000595052913
0.000000498795584
0.000000417609326
0.000000349219569
0.000000291680880
0.000000243331634
0.000000202754549
0.000000168742418
0.000000140268373
0.000000116460130
0.000000096577729
0.000000079994314
0.000000066179553
0.000000054685390
0.000000045133783
0.000000037206197
0.000000030634594
0.000000025193727
0.000000020694567
0.000000016978686
0.000000013913479
0.000000011388106
0.000000009310040
0.000000007602143
0.000000006200191
0.000000005050784
0.000000004109580
0.000000003339804
0.000000002711001
0.000000002197980
0.000000001779931
0.000000001439688
0.000000001163105
0.000000000938545
0.000000000756445
0.000000000608956
0.000000000489644
0.000000000393244
0.000000000315448
0.000000000252745
0.000000000202266
0.000000000161678
0.000000000129082
0.000000000102935
0.000000000081988
0.000000000065227
0.000000000051831
0.000000000041138
0.000000000032612
0.000000000025823
0.000000000020423
0.000000000016133
0.000000000012729
0.000000000010031
0.000000000007896
0.000000000006209
0.000000000004875
0.000000000003824
0.000000000002996
0.000000000002344
0.000000000001832
0.000000000001431
0.000000000001115
0.000000000000869
0.000000000000676
0.000000000000525
0.000000000000408
0.000000000000316
0.000000000000245
0.000000000000189
0.000000000000146
0.000000000000113
0.000000000000087
0.000000000000067
0.000000000000051
0.000000000000040
0.000000000000030
0.000000000000023
0.000000000000018
0.000000000000014
0.000000000000011
0.000000000000008
0.000000000000006
0.000000000000005
0.000000000000003
0.000000000000002
0.000000000000002
0.000000000000001
0.000000000000001
0.000000000000001
0.000000000000000
0.000000000000001
0.000000000000000
0.000000000000000
0.000000000000000
-0.000000000000000
-0.000000000000000
0.000000000000000
0.000000000000000
0.000000000000000
-0.000000000000000
-0.000000000000000
0.000000000000000
0.000000000000000
-0.000000000000000
-0.000000000000000
-0.000000000000000
0.000000000000000
0.000000000000000
-0.000000000000000
-0.000000000000000
0.000000000000000
0.000000000000000
0.000000000000000
-0.000000000000000
-0.000000000000000
0.000000000000000
0.000000000000000
-0.000000000000000
-0.000000000000000
0.000000000000000
0.000000000000000
0.000000000000000
0.000000000000000
-0.000000000000001
0.000000000000000
0.000000000000000
-0.000000000000000
-0.000000000000000
-0.000000000000000
0.000000000000001
0.000000000000000
-0.000000000000000
0.000000000000000
0.000000000000000
0.000000000000000
-0.000000000000000
0.000000000000000
0.000000000000000
-0.000000000000000
0.000000000000000
-0.000000000000000
0.000000000000000
0.000000000000000
-0.000000000000001
0.000000000000000
-0.000000000000000
0.000000000000000
-0.000000000000000
-0.000000000000000
0.000000000000000
0.000000000000000
-0.000000000000000
-0.000000000000000
-0.000000000000000
0.000000000000000
0.000000000000000
-0.000000000000000
-0.000000000000001
0.000000000000000
0.000000000000001
-0.000000000000000
-0.000000000000001
0.000000000000000
0.000000000000000
-0.000000000000000
-0.000000000000000
0.000000000000000
0.000000000000000
0.000000000000000
0.000000000000000
-0.000000000000000
-0.000000000000000
0.000000000000000
-0.000000000000000
-0.000000000000000
-0.000000000000000
0.000000000000000
0.000000000000000
-0.000000000000000
-0.000000000000000
0.000000000000000
-0.000000000000000
0.000000000000000
-0.000000000000000
0.000000000000000
-0.000000000000000
0.000000000000000
-0.000000000000000
0.000000000000000
-0.000000000000000
-0.000000000000000
-0.000000000000000
0.000000000000000
-0.000000000000000
-0.000000000000000
0.000000000000000
-0.000000000000000
0.000000000000000
-0.000000000000000
-0.000000000000000
0.000000000000000
0.000000000000000
-0.000000000000000
0.000000000000000
0.000000000000000
-0.000000000000000
-0.000000000000000
0.000000000000000
0.000000000000000
0.000000000000000
-0.000000000000001
0.000000000000000
0.000000000000001
-0.000000000000000
-0.000000000000000
0.000000000000000
0.000000000000000
0.000000000000000
-0.000000000000001
0.000000000000000
-0.000000000000000
0.000000000000000
-0.000000000000000
0.000000000000000
0.000000000000000
0.000000000000000
-0.000000000000000
-0.000000000000000
0.000000000000000
0.000000000000000
0.000000000000000
-0.000000000000000
0.000000000000000
0.000000000000000
-0.000000000000000
0.000000000000000
0.000000000000000
-0.000000000000000
-0.000000000000000
0.000000000000000
-0.000000000000000
0.000000000000000
-0.000000000000000
-0.000000000000000
-0.000000000000000
0.000000000000000
0.000000000000000
-0.000000000000001
-0.000000000000000
0.000000000000000
0.000000000000000
-0.000000000000001
-0.000000000000000
0.000000000000000
0.000000000000000
-0.000000000000000
-0.000000000000000
0.000000000000000
-0.000000000000000
-0.000000000000000
0.000000000000000
0.000000000000000
-0.000000000000000
-0.000000000000000
-0.000000000000000
0.000000000000001
-0.000000000000000
-0.000000000000000
0.000000000000000
-0.000000000000000
0.000000000000000
0.000000000000000
-0.000000000000000
-0.000000000000000
0.000000000000000
0.000000000000000
-0.000000000000001
0.000000000000000
-0.000000000000000
0.000000000000000
-0.000000000000000
0.000000000000000
0.000000000000000
0.000000000000000
-0.000000000000000
-0.000000000000000
0.000000000000001
-0.000000000000000
-0.000000000000000
-0.000000000000000
0.000000000000000
-0.000000000000000
0.000000000000000
-0.000000000000000
0.000000000000000
-0.000000000000000
0.000000000000000
0.000000000000000
-0.000000000000000
-0.000000000000001
0.000000000000000
0.000000000000001
-0.000000000000000
-0.000000000000000
0.000000000000000
-0.000000000000000
0.000000000000000
0.000000000000000
-0.000000000000000
0.000000000000000
-0.000000000000000
-0.000000000000000
-0.000000000000000
0.000000000000001
-0.000000000000000
-0.000000000000000
0.000000000000000
0.000000000000000
0.000000000000000
-0.000000000000000
-0.000000000000001
-0.000000000000000
0.000000000000000
0.000000000000000
-0.000000000000001
-0.000000000000000
-0.000000000000000
0.000000000000000
0.000000000000000
-0.000000000000001
0.000000000000000
-0.000000000000000
0.000000000000000
0.000000000000000
-0.000000000000000
-0.000000000000000
0.000000000000000
0.000000000000000
-0.000000000000001
0.000000000000000
0.000000000000000
-0.000000000000001
0.000000000000000
0.000000000000000
0.000000000000000
-0.000000000000000
0.000000000000000
-0.000000000000000
0.000000000000000
0.000000000000000
-0.000000000000000
-0.000000000000000
0.000000000000000
0.000000000000000
-0.000000000000000
0.000000000000000
-0.000000000000000
0.000000000000000
0.000000000000000
-0.000000000000000
-0.000000000000000
0.000000000000001
0.000000000000000
-0.000000000000001
-0.000000000000000
0.000000000000001
-0.000000000000001
0.000000000000000
-0.000000000000000
0.000000000000000
-0.000000000000000
0.000000000000001
0.000000000000000
-0.000000000000001
0.000000000000000
0.000000000000001
0.000000000000000
-0.000000000000000
-0.000000000000000
-0.000000000000000
0.000000000000000
0.000000000000000
-0.000000000000000
0.000000000000000
-0.000000000000000
0.000000000000000
-0.000000000000000
0.000000000000001
-0.000000000000001
-0.000000000000000
0.000000000000000
0.000000000000000
0.000000000000000
-0.000000000000000
-0.000000000000001
0.000000000000000
0.000000000000000
0.000000000000000
-0.000000000000001
0.000000000000000
0.000000000000001
-0.000000000000001
0.000000000000000
0.000000000000001
-0.000000000000001
0.000000000000000
-0.000000000000000
-0.000000000000000
-0.000000000000000
0.000000000000000
0.000000000000000
-0.000000000000000
0.000000000000001
0.000000000000000
-0.000000000000000
0.000000000000000
-0.000000000000000
0.000000000000000
-0.000000000000000
-0.000000000000000
-0.000000000000000
0.000000000000000
0.000000000000000
-0.000000000000000
