13.526320367617152840
11.657709011765728491
10.038697474844905599
8.636565928022882588
7.422844010884456445
6.372761528570759282
5.464769983026080524
4.680125815414085899
4.002527410985328160
3.417798940813177033
2.913615006301991439
2.479260829146265444
2.105423406239665507
1.784009638758417449
1.507987958478816948
1.271250422097809807
1.068492634416214004
0.895109201129391630
0.747102708109799285
0.621004482088296283
0.513805612450950910
0.422896909738948668
0.346016647094762708
0.281205079582793338
0.226764865854419850
0.181226629489390501
0.143318995674293459
0.111942524544873592
0.086147037151948949
0.065111895030718223
0.048128850997641005
0.034587138145971599
0.023960506999843902
0.015795958236048010
0.009703951005513972
0.005349895304435397
0.002446761599376655
0.000748662473371731
0.000045279841989552
0.000157027647753040
0.000930854190203888
0.002236600659180247
0.003963843247402626
0.006019155631631658
0.008323736809287012
0.010811356416164144
0.013426575867249617
0.016123209075533135
0.018862991216749187
0.021614428111413383
0.024351802367983098
0.027054315540975621
0.029705348265097877
0.032291822682871778
0.034803653534170531
0.037233276060966554
0.039575240433801236
0.041825863757959360
0.043982931893142847
0.046045444343308643
0.048013396363046267
0.049887593200656312
0.051669492070962726
0.053361068035918738
0.054964700479637155
0.056483077306501032
0.057919114375128859
0.059275888014694633
0.060556578759986240
0.061764424693325534
0.062902683000032031
0.063974598533813598
0.064983378353069790
0.065932171331873055
0.066824052073201107
0.067662008459307921
0.068448932267103899
0.069187612356943595
0.069880730012927952
0.070530856073139747
0.071140449540383496
0.071711857409068713
0.072247315482797045
0.072748949990802267
0.073218779840353090
0.073658719367181907
0.074070581467478427
0.074456081013452746
0.074816838470331298
0.075154383646251391
0.075470159518170543
0.075765526086870497
0.076041764222641944
0.076300079470482909
0.076541605789805900
0.076767409208875301
0.076978491378615871
0.077175793014160624
0.077360197215637305
0.077532532662312012
0.077693576676389084
0.077844058154573459
0.077984660366985079
0.078116023624227690
0.078238747814391982
