0.000000000000000000
0.000000000000000000
0.000000000000000000
0.000000000000000000
-0.000000000000000000
-0.000000000000000000
-0.000000000000000000
-0.000000000000000000
-0.000000000000000000
0.000000000000000000
0.000000000000000000
0.000000000000000000
0.000000000000000000
0.000000000000000000
0.000000000000000000
-0.000000000000000000
-0.000000000000000000
-0.000000000000000000
-0.000000000000000000
0.000000000000000000
0.000000000000000000
-0.000000000000000000
-0.000000000000000000
-0.000000000000000000
-0.000000000000000000
0.000000000000000000
0.000000000000000000
0.000000000000000000
0.000000000000000000
0.000000000000000000
0.000000000000000000
0.000000000000000000
0.000000000000000000
-0.000000000000000000
-0.000000000000000000
-0.000000000000000000
-0.000000000000000000
-0.000000000000000000
-0.000000000000000000
0.000000000000000000
0.000000000000000000
0.000000000000000000
0.000000000000000000
0.000000000000000000
0.000000000000000000
0.000000000000000000
0.000000000000000000
0.000000000000000000
0.000000000000000000
0.000000000000000000
0.000000000000000000
0.000000000000000000
0.000000000000000000
0.000000000000000000
0.000000000000000000
0.000000000000000000
-0.000000000000000000
0.000000000000000000
0.000000000000000000
0.000000000000000000
-0.000000000000000000
-0.000000000000000001
-0.000000000000000001
-0.000000000000000003
-0.000000000000000005
0.000000000000000001
0.000000000000000025
0.000000000000000040
0.000000000000000089
0.000000000000000095
0.000000000000000144
0.000000000000000088
0.000000000000000043
0.000000000000000008
-0.000000000000000043
-0.000000000000000022
-0.000000000000000081
-0.000000000000000194
-0.000000000000000084
0.000000000000000176
0.000000000000000371
0.000000000000000248
0.000000000000000027
0.000000000000000068
0.000000000000000139
-0.000000000000000016
-0.000000000000000117
-0.000000000000000042
0.000000000000000127
-0.000000000000000059
-0.000000000000000156
-0.000000000000000156
0.000000000000000006
0.000000000000000519
0.000000000000000604
0.000000000000000014
-0.000000000000000136
0.000000000000000031
0.000000000000000346
0.000000000000001566
0.000000000000004843
0.000000000000014505
0.000000000000044520
0.000000000000131855
0.000000000000380026
0.000000000001071274
0.000000000002945733
0.000000000007894910
0.000000000020617026
0.000000000052467241
0.000000000130471157
0.000000000317052496
0.000000000752587176
0.000000001744171832
0.000000003946316646
0.000000008739265789
0.000000018945606100
0.000000040190313340
0.000000083387832777
0.000000169190131510
0.000000336480712407
0.000000656095567059
0.000001253848082823
0.000002347372712275
0.000004303973289040
0.000007745287321096
0.000013684593167209
0.000023731658836900
0.000040375725651500
0.000067371372043643
0.000110465969329397
0.000178056449583883
0.000282078010856186
0.000439004527876124
0.000670974532219494
0.001008832193812956
0.001492830239800189
0.002173802309190577
0.003113659920524438
0.004385324550337062
0.006082102370121115
0.008310850043472783
0.011187935933112871
0.014832463950203590
0.019358394081063345
0.024903819599054612
0.031595641271011880
0.039532775412881187
0.048767329219406692
0.059289715860634230
0.071116047812919733
0.084200327305150438
0.098412201743936403
0.113520557252948975
0.129192715404320979
0.145183633348789837
0.161183866864183512
0.176807818625303564
0.191596469261119062
0.205042339098774701
0.216858590262215212
0.226765642322758254
0.234482848563325991
0.239736936828807562
0.242288773128632479
0.242188041352385808
0.239531610769078612
0.234442880891814392
0.227067669539307349
0.217582914509486636
0.206367969686365699
0.193800864782550486
0.180235721559479839
0.165995588453733772
0.151374612873777015
0.136731015511870307
0.122367304392858325
0.108523194362918143
0.095378782573826371
0.083062558781851245
0.071698172464233226
0.061357505326172124
0.052066056521903659
0.043811962143350487
0.036555603596160204
0.030250915311102744
0.024833441608149188
0.020226200810875981
0.016345621061580360
0.013106532386514482
0.010429276138610300
0.008237137834405356
0.006458228922423347
0.005026903218587561
0.003884559563505912
0.002980594475582926
0.002271157221351564
0.001718809151459277
0.001292056799587141
0.000964773170253761
0.000715669405516122
0.000527468109086935
0.000386298895530386
0.000281146276734695
0.000203352046448801
0.000146189741345155
0.000104467590663595
0.000074213687445063
0.000052415771956133
0.000036808544069620
0.000025702866519059
0.000017848335386339
0.000012326320890446
0.000008466921875246
0.000005785123671112
0.000003932118781174
0.000002658878445842
0.000001788792793675
0.000001197419949843
0.000000797628190697
0.000000528748751698
0.000000348834241474
0.000000229053834240
0.000000149705617892
0.000000097401584880
0.000000063087737317
0.000000040681487382
0.000000026118360961
0.000000016696430398
0.000000010628619519
0.000000006737925620
0.000000004253928977
0.000000002674792338
0.000000001675155686
0.000000001045040271
0.000000000649444331
0.000000000402065899
0.000000000247980953
0.000000000152381287
0.000000000093300472
0.000000000056923901
0.000000000034607732
0.000000000020967170
0.000000000012659218
0.000000000007618339
0.000000000004569418
0.000000000002731682
0.000000000001627944
0.000000000000966991
0.000000000000572881
0.000000000000337941
0.000000000000199113
0.000000000000116831
0.000000000000068340
0.000000000000039893
0.000000000000023050
0.000000000000013525
0.000000000000007881
0.000000000000004474
0.000000000000002388
0.000000000000001749
0.000000000000000824
0.000000000000000319
0.000000000000000306
0.000000000000000166
0.000000000000000241
-0.000000000000000190
-0.000000000000000046
0.000000000000000285
-0.000000000000000056
-0.000000000000000162
0.000000000000000040
0.000000000000000182
-0.000000000000000209
0.000000000000000057
-0.000000000000000056
0.000000000000000036
0.000000000000000095
-0.000000000000000221
0.000000000000000245
0.000000000000000050
0.000000000000000003
-0.000000000000000227
0.000000000000000207
0.000000000000000050
-0.000000000000000233
0.000000000000000014
0.000000000000000098
-0.000000000000000107
-0.000000000000000067
0.000000000000000306
-0.000000000000000218
-0.000000000000000056
0.000000000000000184
-0.000000000000000124
0.000000000000000133
-0.000000000000000132
-0.000000000000000013
0.000000000000000131
-0.000000000000000154
0.000000000000000289
-0.000000000000000204
0.000000000000000110
0.000000000000000212
-0.000000000000000317
0.000000000000000097
0.000000000000000030
-0.000000000000000060
0.000000000000000139
-0.000000000000000267
0.000000000000000044
0.000000000000000110
-0.000000000000000042
-0.000000000000000067
0.000000000000000046
0.000000000000000167
-0.000000000000000093
-0.000000000000000270
0.000000000000000293
0.000000000000000249
-0.000000000000000519
0.000000000000000347
-0.000000000000000056
0.000000000000000009
-0.000000000000000194
0.000000000000000103
0.000000000000000264
-0.000000000000000183
-0.000000000000000114
0.000000000000000260
0.000000000000000093
-0.000000000000000294
0.000000000000000104
0.000000000000000172
0.000000000000000008
-0.000000000000000166
-0.000000000000000116
0.000000000000000319
-0.000000000000000143
-0.000000000000000136
0.000000000000000129
-0.000000000000000038
0.000000000000000085
-0.000000000000000144
-0.000000000000000003
0.000000000000000178
-0.000000000000000011
-0.000000000000000222
0.000000000000000126
0.000000000000000238
-0.000000000000000229
-0.000000000000000075
0.000000000000000201
-0.000000000000000075
-0.000000000000000019
-0.000000000000000029
0.000000000000000224
-0.000000000000000162
-0.000000000000000100
0.000000000000000272
-0.000000000000000282
0.000000000000000062
0.000000000000000146
-0.000000000000000009
-0.000000000000000255
0.000000000000000363
-0.000000000000000164
-0.000000000000000077
0.000000000000000131
0.000000000000000015
-0.000000000000000226
0.000000000000000012
0.000000000000000098
-0.000000000000000193
0.000000000000000214
-0.000000000000000159
0.000000000000000225
-0.000000000000000180
0.000000000000000129
-0.000000000000000207
0.000000000000000052
-0.000000000000000051
0.000000000000000042
-0.000000000000000026
0.000000000000000005
0.000000000000000006
0.000000000000000051
0.000000000000000055
-0.000000000000000112
0.000000000000000121
-0.000000000000000163
0.000000000000000120
-0.000000000000000159
-0.000000000000000075
0.000000000000000219
-0.000000000000000438
0.000000000000000030
0.000000000000000174
-0.000000000000000203
-0.000000000000000028
0.000000000000000120
0.000000000000000063
-0.000000000000000419
0.000000000000000236
0.000000000000000080
-0.000000000000000276
0.000000000000000374
-0.000000000000000140
0.000000000000000094
0.000000000000000013
-0.000000000000000135
-0.000000000000000000
-0.000000000000000002
0.000000000000000038
-0.000000000000000120
0.000000000000000170
-0.000000000000000130
-0.000000000000000160
0.000000000000000253
-0.000000000000000130
-0.000000000000000191
0.000000000000000158
-0.000000000000000184
0.000000000000000013
0.000000000000000175
0.000000000000000001
-0.000000000000000177
0.000000000000000309
0.000000000000000019
-0.000000000000000288
0.000000000000000704
-0.000000000000000566
0.000000000000000250
0.000000000000000032
-0.000000000000000050
0.000000000000000025
0.000000000000000111
0.000000000000000148
-0.000000000000000205
0.000000000000000154
-0.000000000000000070
-0.000000000000000138
0.000000000000000126
0.000000000000000011
-0.000000000000000117
0.000000000000000089
-0.000000000000000001
-0.000000000000000092
-0.000000000000000065
0.000000000000000055
-0.000000000000000090
0.000000000000000015
0.000000000000000111
0.000000000000000016
-0.000000000000000178
0.000000000000000079
0.000000000000000093
-0.000000000000000515
0.000000000000000486
-0.000000000000000165
-0.000000000000000221
0.000000000000000291
0.000000000000000016
-0.000000000000000315
0.000000000000000489
-0.000000000000000313
0.000000000000000030
0.000000000000000286
-0.000000000000000392
0.000000000000000539
-0.000000000000000414
0.000000000000000097
0.000000000000000274
-0.000000000000000391
0.000000000000000210
0.000000000000000034
-0.000000000000000032
0.000000000000000041
0.000000000000000154
-0.000000000000000276
0.000000000000000339
-0.000000000000000075
0.000000000000000309
-0.000000000000000208
-0.000000000000000024
0.000000000000000319
-0.000000000000000390
0.000000000000000394
-0.000000000000000389
-0.000000000000000005
0.000000000000000026
0.000000000000000100
-0.000000000000000248
0.000000000000000158
-0.000000000000000119
0.000000000000000054
-0.000000000000000050
0.000000000000000093
0.000000000000000043
-0.000000000000000201
0.000000000000000284
-0.000000000000000178
-0.000000000000000067
0.000000000000000126
-0.000000000000000002
-0.000000000000000167
0.000000000000000337
-0.000000000000000348
0.000000000000000198
-0.000000000000000073
0.000000000000000114
-0.000000000000000241
0.000000000000000065
-0.000000000000000171
-0.000000000000000147
0.000000000000000175
-0.000000000000000211
