-0.000000000000000000
0.000000000000000000
0.000000000000000000
0.000000000000000000
0.000000000000000000
0.000000000000000000
0.000000000000000000
0.000000000000000000
-0.000000000000000000
-0.000000000000000000
-0.000000000000000000
-0.000000000000000000
-0.000000000000000000
-0.000000000000000000
-0.000000000000000000
0.000000000000000000
0.000000000000000000
0.000000000000000000
0.000000000000000000
0.000000000000000000
-0.000000000000000000
0.000000000000000000
-0.000000000000000000
-0.000000000000000000
-0.000000000000000000
0.000000000000000000
-0.000000000000000000
-0.000000000000000000
0.000000000000000000
-0.000000000000000000
-0.000000000000000000
-0.000000000000000000
-0.000000000000000000
-0.000000000000000000
0.000000000000000000
-0.000000000000000000
0.000000000000000000
0.000000000000000000
0.000000000000000000
0.000000000000000000
0.000000000000000000
0.000000000000000000
0.000000000000000000
0.000000000000000000
0.000000000000000000
0.000000000000000000
0.000000000000000000
0.000000000000000000
0.000000000000000000
0.000000000000000000
-0.000000000000000000
-0.000000000000000000
-0.000000000000000000
-0.000000000000000000
-0.000000000000000000
-0.000000000000000000
-0.000000000000000000
-0.000000000000000000
-0.000000000000000000
-0.000000000000000000
0.000000000000000000
0.000000000000000001
0.000000000000000001
0.000000000000000001
0.000000000000000001
0.000000000000000002
0.000000000000000003
0.000000000000000003
-0.000000000000000002
-0.000000000000000011
-0.000000000000000030
-0.000000000000000027
-0.000000000000000006
0.000000000000000066
0.000000000000000144
0.000000000000000266
0.000000000000000212
0.000000000000000136
-0.000000000000000007
-0.000000000000000140
-0.000000000000000052
0.000000000000000021
0.000000000000000090
0.000000000000000161
-0.000000000000000004
0.000000000000000017
-0.000000000000000043
-0.000000000000000122
-0.000000000000000139
-0.000000000000000204
0.000000000000000135
0.000000000000000234
0.000000000000000121
0.000000000000000208
0.000000000000000340
0.000000000000000381
0.000000000000000099
0.000000000000000445
0.000000000000002773
0.000000000000009226
0.000000000000029020
0.000000000000089923
0.000000000000272214
0.000000000000800490
0.000000000002290021
0.000000000006388582
0.000000000017375106
0.000000000046052067
0.000000000118907544
0.000000000299098941
0.000000000734960429
0.000000001764359183
0.000000004136109719
0.000000009463794790
0.000000021132802130
0.000000046172153579
0.000000098719515487
0.000000206464479985
0.000000422165305685
0.000000843763721572
0.000001652276232345
0.000003170844474465
0.000005961230232051
0.000010973292681773
0.000019771888787096
0.000034945899047696
0.000060607112348196
0.000103107958470528
0.000171978595530950
0.000281131161336929
0.000451254130155126
0.000711511314866733
0.001101739478537563
0.001674515448547754
0.002497024358821114
0.003659290221517644
0.005272281211144199
0.007466897643852132
0.010389700203326597
0.014196064872407592
0.019073690895155294
0.025210861000951310
0.032775765875067739
0.041889829656857287
0.052601368243497967
0.064965357302588789
0.078942317554305516
0.094360459551968465
0.110883416810847721
0.127998319964829271
0.145236685443005081
0.161997291068708527
0.177537798104239503
0.190991305566645286
0.201419019418118600
0.208164670801483320
0.210621184040682391
0.208252597279335094
0.200638815043594099
0.187538674702831420
0.169164596040912746
0.145928012164140530
0.118421498739335967
0.087411264971300306
0.053826341645711186
0.018785011046451958
-0.016568645056362574
-0.051111201487113234
-0.083776149219774290
-0.113592491184436470
-0.139807262508901353
-0.161856663900260073
-0.179362926971956937
-0.192126552423039693
-0.200121069004707469
-0.203602392833245827
-0.202957811567015450
-0.198661322731984114
-0.191239155977602965
-0.181245368167112092
-0.169324951437458265
-0.156087107140182396
-0.142079186590538920
-0.127774471780660370
-0.113569344299210284
-0.099824724241196913
-0.086814823484842277
-0.074730892800782406
-0.063691114128830537
-0.053752954613515209
-0.044939351032778671
-0.037229903739060224
-0.030571118391385595
-0.024886726246877475
-0.020086759598534610
-0.016078484377121095
-0.012766537488002185
-0.010057234082410967
-0.007861888776473411
-0.006099030508930649
-0.004696340340409152
-0.003590034390888682
-0.002724865210478443
-0.002053785313762782
-0.001537345415182080
-0.001143024101689427
-0.000844239969009779
-0.000619523839643970
-0.000451733180841166
-0.000327327585149918
-0.000235726538187421
-0.000168735650588076
-0.000120067011963753
-0.000084938541343864
-0.000059744396109050
-0.000041786924715606
-0.000029065167690964
-0.000020106354450468
-0.000013834514242103
-0.000009469203770855
-0.000006447848311136
-0.000004368168567977
-0.000002944423970046
-0.000001974951055093
-0.000001318309834432
-0.000000875813193006
-0.000000579114298741
-0.000000381157365585
-0.000000249727963605
-0.000000162893436506
-0.000000105788189415
-0.000000068405274474
-0.000000044043847894
-0.000000028239497347
-0.000000018032478632
-0.000000011468353244
-0.000000007264604818
-0.000000004583626776
-0.000000002880866806
-0.000000001803864664
-0.000000001125301995
-0.000000000699412920
-0.000000000433128989
-0.000000000267268136
-0.000000000164350194
-0.000000000100717372
-0.000000000061512336
-0.000000000037442208
-0.000000000022715993
-0.000000000013737300
-0.000000000008280997
-0.000000000004976791
-0.000000000002981873
-0.000000000001780722
-0.000000000001060142
-0.000000000000629621
-0.000000000000373210
-0.000000000000220252
-0.000000000000128934
-0.000000000000076299
-0.000000000000044893
-0.000000000000025832
-0.000000000000014914
-0.000000000000009207
-0.000000000000004958
-0.000000000000002921
-0.000000000000001799
-0.000000000000000909
-0.000000000000000535
-0.000000000000000316
-0.000000000000000213
-0.000000000000000101
-0.000000000000000192
0.000000000000000231
0.000000000000000002
-0.000000000000000273
0.000000000000000135
0.000000000000000012
-0.000000000000000030
-0.000000000000000244
0.000000000000000069
0.000000000000000280
-0.000000000000000074
-0.000000000000000160
0.000000000000000152
0.000000000000000070
-0.000000000000000292
0.000000000000000200
0.000000000000000089
-0.000000000000000197
0.000000000000000129
-0.000000000000000018
-0.000000000000000121
0.000000000000000104
0.000000000000000094
-0.000000000000000278
0.000000000000000098
-0.000000000000000004
0.000000000000000152
-0.000000000000000163
-0.000000000000000014
0.000000000000000145
0.000000000000000199
-0.000000000000000275
0.000000000000000060
0.000000000000000119
0.000000000000000143
-0.000000000000000162
-0.000000000000000111
0.000000000000000117
0.000000000000000192
-0.000000000000000356
-0.000000000000000096
0.000000000000000442
-0.000000000000000231
-0.000000000000000192
0.000000000000000238
-0.000000000000000044
-0.000000000000000101
-0.000000000000000038
0.000000000000000165
-0.000000000000000046
-0.000000000000000052
0.000000000000000040
0.000000000000000013
0.000000000000000087
-0.000000000000000224
0.000000000000000050
0.000000000000000081
-0.000000000000000056
-0.000000000000000199
0.000000000000000039
0.000000000000000153
0.000000000000000003
-0.000000000000000175
-0.000000000000000176
0.000000000000000375
-0.000000000000000221
-0.000000000000000222
0.000000000000000288
-0.000000000000000099
-0.000000000000000086
0.000000000000000026
0.000000000000000043
-0.000000000000000235
0.000000000000000316
-0.000000000000000331
-0.000000000000000032
0.000000000000000291
-0.000000000000000135
0.000000000000000031
0.000000000000000132
-0.000000000000000254
0.000000000000000213
-0.000000000000000120
-0.000000000000000161
0.000000000000000082
-0.000000000000000059
-0.000000000000000044
0.000000000000000031
-0.000000000000000045
-0.000000000000000010
0.000000000000000258
-0.000000000000000214
0.000000000000000076
0.000000000000000222
-0.000000000000000457
0.000000000000000398
0.000000000000000143
-0.000000000000000548
0.000000000000000217
0.000000000000000472
-0.000000000000000579
0.000000000000000073
0.000000000000000470
-0.000000000000000339
-0.000000000000000114
0.000000000000000255
-0.000000000000000287
0.000000000000000285
-0.000000000000000212
-0.000000000000000186
0.000000000000000376
-0.000000000000000095
-0.000000000000000068
0.000000000000000014
0.000000000000000295
-0.000000000000000134
-0.000000000000000028
0.000000000000000063
0.000000000000000019
0.000000000000000155
-0.000000000000000100
-0.000000000000000040
0.000000000000000197
0.000000000000000022
-0.000000000000000223
0.000000000000000122
0.000000000000000107
-0.000000000000000254
0.000000000000000127
0.000000000000000019
-0.000000000000000174
0.000000000000000137
0.000000000000000007
-0.000000000000000039
-0.000000000000000023
0.000000000000000112
-0.000000000000000186
0.000000000000000135
-0.000000000000000175
0.000000000000000106
0.000000000000000116
-0.000000000000000182
0.000000000000000260
0.000000000000000100
-0.000000000000000141
-0.000000000000000096
0.000000000000000137
0.000000000000000062
-0.000000000000000033
-0.000000000000000035
0.000000000000000166
-0.000000000000000239
0.000000000000000227
-0.000000000000000124
-0.000000000000000024
0.000000000000000106
0.000000000000000148
-0.000000000000000289
0.000000000000000196
0.000000000000000112
-0.000000000000000211
0.000000000000000053
-0.000000000000000025
0.000000000000000331
-0.000000000000000376
-0.000000000000000047
0.000000000000000465
-0.000000000000000474
0.000000000000000156
0.000000000000000206
-0.000000000000000218
-0.000000000000000002
0.000000000000000093
-0.000000000000000233
0.000000000000000051
0.000000000000000000
0.000000000000000113
-0.000000000000000315
0.000000000000000136
0.000000000000000053
-0.000000000000000105
-0.000000000000000020
-0.000000000000000017
-0.000000000000000158
0.000000000000000026
0.000000000000000004
0.000000000000000099
-0.000000000000000069
0.000000000000000249
-0.000000000000000183
0.000000000000000135
-0.000000000000000012
0.000000000000000061
-0.000000000000000096
-0.000000000000000105
0.000000000000000027
0.000000000000000062
-0.000000000000000391
0.000000000000000437
0.000000000000000034
-0.000000000000000229
0.000000000000000173
0.000000000000000026
-0.000000000000000092
0.000000000000000134
0.000000000000000074
-0.000000000000000366
0.000000000000000337
-0.000000000000000075
0.000000000000000063
-0.000000000000000017
0.000000000000000463
-0.000000000000000497
0.000000000000000300
-0.000000000000000059
-0.000000000000000284
0.000000000000000361
-0.000000000000000357
-0.000000000000000026
0.000000000000000145
-0.000000000000000249
0.000000000000000189
-0.000000000000000145
0.000000000000000005
0.000000000000000027
0.000000000000000012
0.000000000000000093
-0.000000000000000156
0.000000000000000238
-0.000000000000000348
0.000000000000000347
-0.000000000000000311
0.000000000000000183
-0.000000000000000236
0.000000000000000201
-0.000000000000000305
-0.000000000000000040
0.000000000000000210
-0.000000000000000414
0.000000000000000627
-0.000000000000000436
0.000000000000000288
-0.000000000000000150
-0.000000000000000024
0.000000000000000024
