1.003
1.007
1.011
1.015
1.019
1.023
1.027
1.031
1.035
1.039
1.043
1.047
1.051
1.055
1.059
1.063
1.067
1.071
1.075
1.079
1.083
1.087
1.091
1.095
1.099
1.103
1.107
1.111
1.115
1.119
1.123
1.127
1.131
1.135
1.139
1.143
1.147
1.151
1.155
1.159
1.163
1.167
1.171
1.175
1.179
1.183
1.187
1.191
1.195
1.199
1.203
1.207
1.211
1.215
1.219
1.223
1.227
1.231
1.235
1.239
1.243
1.247
1.251
1.255
1.259
1.263
1.267
1.271
1.275
1.279
1.283
1.287
1.291
1.295
1.299
1.303
1.307
1.311
1.315
1.319
1.323
1.327
1.331
1.335
1.339
1.343
1.347
1.351
1.355
1.359
1.363
1.367
1.371
1.375
1.379
1.383
1.387
1.391
1.395
1.399
1.403
1.407
1.411
1.415
1.419
1.423
1.427
1.431
1.435
1.439
1.443
1.447
1.451
1.455
1.459
1.463
1.467
1.471
1.475
1.479
1.483
1.487
1.491
1.495
1.499
1.503
1.507
1.511
1.515
1.519
1.523
1.527
1.531
1.535
1.539
1.543
1.547
1.551
1.555
1.559
1.563
1.567
1.571
1.575
1.579
1.583
1.587
1.591
1.595
1.599
1.603
1.607
1.611
1.615
1.619
1.623
1.627
1.631
1.635
1.639
1.643
1.647
1.651
1.655
1.659
1.663
1.667
1.671
1.675
1.679
1.683
1.687
1.691
1.695
1.699
1.703
1.707
1.711
1.715
1.719
1.723
1.727
1.731
1.735
1.739
1.743
1.747
1.751
1.755
1.759
1.763
1.767
1.771
1.775
1.779
1.783
1.787
1.791
1.795
1.799
1.803
1.807
1.811
1.815
1.819
1.823
1.827
1.831
1.835
1.839
1.843
1.847
1.851
1.855
1.859
1.863
1.867
1.871
1.875
1.879
1.883
1.887
1.891
1.895
1.899
1.903
1.907
1.911
1.915
1.919
1.923
1.927
1.931
1.935
1.939
1.943
1.947
1.951
1.955
1.959
1.963
1.967
1.971
1.975
1.979
1.983
1.987
1.991
1.995
1.999
2.003
2.007
2.011
2.015
2.019
2.023
2.027
2.031
2.035
2.039
2.043
2.047
2.051
2.055
2.059
2.063
2.067
2.071
2.075
2.079
2.083
2.087
2.091
2.095
2.099
2.103
2.107
2.111
2.115
2.119
2.123
2.127
2.131
2.135
2.139
2.143
2.147
2.151
2.155
2.159
2.163
2.167
2.171
2.175
2.179
2.183
2.187
2.191
2.195
2.199
2.203
2.207
2.211
2.215
2.219
2.223
2.227
2.231
2.235
2.239
2.243
2.247
2.251
2.255
2.259
2.263
2.267
2.271
2.275
2.279
2.283
2.287
2.291
2.295
2.299
2.303
2.307
2.311
2.315
2.319
2.323
2.327
2.331
2.335
2.339
2.343
2.347
2.351
2.355
2.359
2.363
2.367
2.371
2.375
2.379
2.383
2.387
2.391
2.395
2.399
2.403
2.407
2.411
2.415
2.419
2.423
2.427
2.431
2.435
2.439
2.443
2.447
2.451
2.455
2.459
2.463
2.467
2.471
2.475
2.479
2.483
2.487
2.491
2.495
2.499
2.503
2.507
2.511
2.515
2.519
2.523
2.527
2.531
2.535
2.539
2.543
2.547
2.551
2.555
2.559
2.563
2.567
2.571
2.575
2.579
2.583
2.587
2.591
2.595
2.599
2.603
2.607
2.611
2.615
2.619
2.623
2.627
2.631
2.635
2.639
2.643
2.647
2.651
2.655
2.659
2.663
2.667
2.671
2.675
2.679
2.683
2.687
2.691
2.695
2.699
2.703
2.707
2.711
2.715
2.719
2.723
2.727
2.731
2.735
2.739
2.743
2.747
2.751
2.755
2.759
2.763
2.767
2.771
2.775
2.779
2.783
2.787
2.791
2.795
2.799
2.803
2.807
2.811
2.815
2.819
2.823
2.827
2.831
2.835
2.839
2.843
2.847
2.851
2.855
2.859
2.863
2.867
2.871
2.875
2.879
2.883
2.887
2.891
2.895
2.899
2.903
2.907
2.911
2.915
2.919
2.923
2.927
2.931
2.935
2.939
2.943
2.947
2.951
2.955
2.959
2.963
2.967
2.971
2.975
2.979
2.983
2.987
2.991
2.995
2.999
3.003
3.007
3.011
3.015
3.019
3.023
3.027
3.031
3.035
3.039
3.043
3.047
3.051
3.055
3.059
3.063
3.067
3.071
3.075
3.079
3.083
3.087
3.091
3.095
3.099
3.103
3.107
3.111
3.115
3.119
3.123
3.127
3.131
3.135
3.139
3.143
3.147
3.151
3.155
3.159
3.163
3.167
3.171
3.175
3.179
3.183
3.187
3.191
3.195
3.199
3.203
3.207
3.211
3.215
3.219
3.223
3.227
3.231
3.235
3.239
3.243
3.247
3.251
3.255
3.259
3.263
3.267
3.271
3.275
3.279
3.283
3.287
3.291
3.295
3.299
3.303
3.307
3.311
3.315
3.319
3.323
3.327
3.331
3.335
3.339
3.343
3.347
3.351
3.355
3.359
3.363
3.367
3.371
3.375
3.379
3.383
3.387
3.391
3.395
3.399
3.403
3.407
3.411
3.415
3.419
3.423
3.427
3.431
3.435
3.439
3.443
3.447
3.451
3.455
3.459
3.463
3.467
3.471
3.475
3.479
3.483
3.487
3.491
3.495
3.499
3.503
3.507
3.511
3.515
3.519
3.523
3.527
3.531
3.535
3.539
3.543
3.547
3.551
3.555
3.559
3.563
3.567
3.571
3.575
3.579
3.583
3.587
3.591
3.595
3.599
3.603
3.607
3.611
3.615
3.619
3.623
3.627
3.631
3.635
3.639
3.643
3.647
3.651
3.655
3.659
3.663
3.667
3.671
3.675
3.679
3.683
3.687
3.691
3.695
3.699
3.703
3.707
3.711
3.715
3.719
3.723
3.727
3.731
3.735
3.739
3.743
3.747
3.751
3.755
3.759
3.763
3.767
3.771
3.775
3.779
3.783
3.787
3.791
3.795
3.799
3.803
3.807
3.811
3.815
3.819
3.823
3.827
3.831
3.835
3.839
3.843
3.847
3.851
3.855
3.859
3.863
3.867
3.871
3.875
3.879
3.883
3.887
3.891
3.895
3.899
3.903
3.907
3.911
3.915
3.919
3.923
3.927
3.931
3.935
3.939
3.943
3.947
3.951
3.955
3.959
3.963
3.967
3.971
3.975
3.979
3.983
3.987
3.991
3.995
3.999
4.003
4.007
4.011
4.015
4.019
4.023
4.027
4.031
4.035
4.039
4.043
4.047
4.051
4.055
4.059
4.063
4.067
4.071
4.075
4.079
4.083
4.087
4.091
