0.000000000000000000
-0.000000000000000000
-0.000000000000000000
-0.000000000000000000
-0.000000000000000000
0.000000000000000000
0.000000000000000000
0.000000000000000000
0.000000000000000000
0.000000000000000000
0.000000000000000000
0.000000000000000000
0.000000000000000000
0.000000000000000000
0.000000000000000000
-0.000000000000000000
-0.000000000000000000
-0.000000000000000000
-0.000000000000000000
0.000000000000000000
0.000000000000000000
0.000000000000000000
0.000000000000000000
0.000000000000000000
-0.000000000000000000
-0.000000000000000000
-0.000000000000000000
-0.000000000000000000
-0.000000000000000000
-0.000000000000000000
-0.000000000000000000
-0.000000000000000000
-0.000000000000000000
-0.000000000000000000
0.000000000000000000
0.000000000000000000
0.000000000000000000
0.000000000000000000
0.000000000000000000
0.000000000000000000
0.000000000000000000
0.000000000000000000
0.000000000000000000
0.000000000000000000
-0.000000000000000000
-0.000000000000000000
-0.000000000000000000
-0.000000000000000000
-0.000000000000000000
-0.000000000000000000
0.000000000000000000
0.000000000000000000
0.000000000000000000
0.000000000000000000
0.000000000000000000
-0.000000000000000000
-0.000000000000000000
-0.000000000000000000
-0.000000000000000000
0.000000000000000000
-0.000000000000000000
-0.000000000000000000
0.000000000000000001
0.000000000000000006
0.000000000000000008
0.000000000000000027
0.000000000000000029
0.000000000000000057
0.000000000000000054
0.000000000000000075
0.000000000000000026
-0.000000000000000025
0.000000000000000012
-0.000000000000000016
-0.000000000000000026
-0.000000000000000060
-0.000000000000000113
-0.000000000000000011
-0.000000000000000053
-0.000000000000000116
-0.000000000000000063
-0.000000000000000057
-0.000000000000000041
-0.000000000000000075
-0.000000000000000003
-0.000000000000000038
-0.000000000000000119
-0.000000000000000123
0.000000000000000102
0.000000000000000280
0.000000000000000125
0.000000000000000030
-0.000000000000000032
-0.000000000000000230
-0.000000000000000342
-0.000000000000000018
0.000000000000000082
0.000000000000000012
-0.000000000000000210
-0.000000000000001465
-0.000000000000004935
-0.000000000000014730
-0.000000000000044586
-0.000000000000132154
-0.000000000000381221
-0.000000000001073976
-0.000000000002952370
-0.000000000007912230
-0.000000000020662223
-0.000000000052580922
-0.000000000130747512
-0.000000000317710417
-0.000000000754119268
-0.000000001747654743
-0.000000003954045565
-0.000000008756045311
-0.000000018981249879
-0.000000040264379125
-0.000000083538299276
-0.000000169488910505
-0.000000337061977376
-0.000000657203775121
-0.000001255917889857
-0.000002351157728635
-0.000004310748146288
-0.000007757182096008
-0.000013705085017927
-0.000023766287537740
-0.000040433096380346
-0.000067464520866509
-0.000110614468326045
-0.000178288991940341
-0.000282435613344428
-0.000439544277182026
-0.000671773779347794
-0.001009995204990214
-0.001494493994238695
-0.002176141730355163
-0.003116891527360605
-0.004389707768639133
-0.006087947959758967
-0.008318518496307296
-0.011197829536769833
-0.014845010962938750
-0.019374025426272801
-0.024922969963559891
-0.031618720553132897
-0.039560130071911059
-0.048799195644746406
-0.059326171997321119
-0.071157029608039796
-0.084245595315710908
-0.098461306966662651
-0.113572813290974003
-0.129247186679757181
-0.145239220470697789
-0.161239327441784541
-0.176861793854932864
-0.191647522085505589
-0.205089007932608397
-0.216899509965931575
-0.226799597086306953
-0.234508818181556195
-0.239754139036359587
-0.242296700726665731
-0.242186498114475873
-0.239520708880825661
-0.234423026526014433
-0.227039539395117285
-0.217547422748154029
-0.206326199282510808
-0.193754013655892759
-0.180185051913003602
-0.165942380082487961
-0.151320119435997436
-0.136676392235187905
-0.122313578752355975
-0.108471249171893977
-0.095329348263383962
-0.083016211901126957
-0.071655317723586825
-0.061318389894922845
-0.052030790115499527
-0.043780539268108411
-0.036527925595238271
-0.030226801435005925
-0.024812651897191475
-0.020208457260471411
-0.016330625703871098
-0.013093981849949329
-0.010418869600819995
-0.008228586712250437
-0.006451263903820138
-0.005021278729557507
-0.003880056056793385
-0.002977018210417243
-0.002268340026708317
-0.001716607265490644
-0.001290349037236160
-0.000963458685087121
-0.000714665120137112
-0.000526706370743724
-0.000385725218235081
-0.000280717236549899
-0.000203033378336750
-0.000145954642917335
-0.000104295288960368
-0.000074088225377734
-0.000052324996593509
-0.000036743276045888
-0.000025656226588295
-0.000017815208009199
-0.000012302930718472
-0.000008450503040919
-0.000005773664309060
-0.000003924165853250
-0.000002653389611570
-0.000001785025250350
-0.000001194847759279
-0.000000795881309829
-0.000000527568508910
-0.000000348040902171
-0.000000228523244909
-0.000000149352509493
-0.000000097167723172
-0.000000062933589197
-0.000000040580360088
-0.000000026052324587
-0.000000016653504623
-0.000000010600840826
-0.000000006720027329
-0.000000004242447271
-0.000000002667458440
-0.000000001670490342
-0.000000001042085113
-0.000000000647580076
-0.000000000400894360
-0.000000000247247626
-0.000000000151923495
-0.000000000093017171
-0.000000000056747966
-0.000000000034499271
-0.000000000020900575
-0.000000000012618764
-0.000000000007593513
-0.000000000004553849
-0.000000000002722652
-0.000000000001622858
-0.000000000000963444
-0.000000000000570775
-0.000000000000336807
-0.000000000000198504
-0.000000000000116440
-0.000000000000067778
-0.000000000000039893
-0.000000000000023203
-0.000000000000013338
-0.000000000000007737
-0.000000000000004379
-0.000000000000002818
-0.000000000000001480
-0.000000000000000666
-0.000000000000000673
-0.000000000000000168
0.000000000000000108
-0.000000000000000393
0.000000000000000077
0.000000000000000163
-0.000000000000000202
-0.000000000000000160
0.000000000000000213
0.000000000000000065
-0.000000000000000016
-0.000000000000000195
0.000000000000000120
0.000000000000000060
0.000000000000000089
-0.000000000000000195
0.000000000000000108
0.000000000000000161
0.000000000000000065
-0.000000000000000175
0.000000000000000067
0.000000000000000081
0.000000000000000014
-0.000000000000000120
0.000000000000000179
-0.000000000000000073
-0.000000000000000090
0.000000000000000225
-0.000000000000000116
-0.000000000000000115
-0.000000000000000193
0.000000000000000269
0.000000000000000071
-0.000000000000000380
0.000000000000000149
0.000000000000000104
-0.000000000000000077
0.000000000000000117
-0.000000000000000120
-0.000000000000000008
0.000000000000000190
-0.000000000000000121
-0.000000000000000032
0.000000000000000176
-0.000000000000000172
0.000000000000000101
-0.000000000000000049
0.000000000000000112
-0.000000000000000039
-0.000000000000000030
0.000000000000000222
-0.000000000000000183
-0.000000000000000173
0.000000000000000465
-0.000000000000000552
0.000000000000000117
0.000000000000000443
-0.000000000000000455
0.000000000000000188
0.000000000000000192
0.000000000000000009
-0.000000000000000324
0.000000000000000394
-0.000000000000000118
0.000000000000000160
-0.000000000000000014
-0.000000000000000038
0.000000000000000116
-0.000000000000000103
0.000000000000000069
0.000000000000000265
-0.000000000000000338
0.000000000000000275
-0.000000000000000008
0.000000000000000064
-0.000000000000000139
0.000000000000000315
-0.000000000000000197
0.000000000000000264
-0.000000000000000257
0.000000000000000388
-0.000000000000000472
0.000000000000000051
0.000000000000000330
-0.000000000000000349
0.000000000000000071
0.000000000000000102
0.000000000000000069
-0.000000000000000061
-0.000000000000000216
0.000000000000000379
-0.000000000000000046
-0.000000000000000195
0.000000000000000020
0.000000000000000101
-0.000000000000000210
0.000000000000000117
-0.000000000000000129
0.000000000000000029
0.000000000000000219
-0.000000000000000113
-0.000000000000000172
0.000000000000000306
0.000000000000000031
-0.000000000000000171
0.000000000000000047
0.000000000000000110
-0.000000000000000118
-0.000000000000000094
-0.000000000000000028
0.000000000000000329
-0.000000000000000168
-0.000000000000000016
0.000000000000000027
0.000000000000000361
-0.000000000000000341
-0.000000000000000208
0.000000000000000503
-0.000000000000000176
-0.000000000000000177
0.000000000000000072
0.000000000000000311
-0.000000000000000435
0.000000000000000191
-0.000000000000000101
-0.000000000000000031
-0.000000000000000148
0.000000000000000113
-0.000000000000000040
0.000000000000000192
0.000000000000000145
-0.000000000000000343
0.000000000000000184
0.000000000000000108
-0.000000000000000228
-0.000000000000000228
0.000000000000000602
-0.000000000000000547
0.000000000000000106
0.000000000000000186
0.000000000000000054
-0.000000000000000118
0.000000000000000059
0.000000000000000161
-0.000000000000000377
0.000000000000000140
0.000000000000000068
-0.000000000000000261
0.000000000000000263
-0.000000000000000379
0.000000000000000396
-0.000000000000000234
0.000000000000000047
-0.000000000000000057
0.000000000000000028
0.000000000000000004
-0.000000000000000127
0.000000000000000059
0.000000000000000085
-0.000000000000000329
0.000000000000000337
-0.000000000000000189
0.000000000000000070
-0.000000000000000218
0.000000000000000309
-0.000000000000000270
0.000000000000000042
0.000000000000000439
-0.000000000000000301
0.000000000000000013
0.000000000000000283
-0.000000000000000154
-0.000000000000000004
-0.000000000000000164
0.000000000000000250
-0.000000000000000273
0.000000000000000073
0.000000000000000139
-0.000000000000000208
0.000000000000000251
-0.000000000000000364
0.000000000000000281
-0.000000000000000113
-0.000000000000000003
-0.000000000000000078
0.000000000000000030
0.000000000000000136
-0.000000000000000433
0.000000000000000416
-0.000000000000000387
0.000000000000000098
0.000000000000000009
-0.000000000000000064
0.000000000000000035
-0.000000000000000087
-0.000000000000000069
0.000000000000000188
-0.000000000000000112
0.000000000000000133
-0.000000000000000144
0.000000000000000450
-0.000000000000000366
-0.000000000000000060
0.000000000000000206
-0.000000000000000237
0.000000000000000062
-0.000000000000000007
0.000000000000000202
-0.000000000000000348
0.000000000000000349
0.000000000000000056
-0.000000000000000158
0.000000000000000079
-0.000000000000000066
-0.000000000000000102
-0.000000000000000068
0.000000000000000203
-0.000000000000000016
-0.000000000000000185
0.000000000000000256
-0.000000000000000027
-0.000000000000000314
0.000000000000000227
0.000000000000000084
-0.000000000000000305
0.000000000000000223
0.000000000000000195
-0.000000000000000520
0.000000000000000798
-0.000000000000000590
0.000000000000000677
-0.000000000000000770
0.000000000000000654
-0.000000000000000346
0.000000000000000014
0.000000000000000518
-0.000000000000000552
0.000000000000000356
0.000000000000000084
-0.000000000000000176
0.000000000000000321
-0.000000000000000210
0.000000000000000210
-0.000000000000000314
0.000000000000000349
-0.000000000000000614
0.000000000000000627
-0.000000000000000368
0.000000000000000197
-0.000000000000000021
-0.000000000000000222
0.000000000000000265
-0.000000000000000086
-0.000000000000000131
0.000000000000000160
