0.000000000000000
-0.000000000000000
-0.000000000000001
-0.000000000000001
-0.000000000000001
-0.000000000000000
-0.000000000000001
-0.000000000000001
-0.000000000000001
-0.000000000000001
-0.000000000000001
-0.000000000000000
-0.000000000000000
-0.000000000000000
-0.000000000000000
-0.000000000000001
-0.000000000000001
-0.000000000000000
0.000000000000000
0.000000000000001
0.000000000000001
0.000000000000000
0.000000000000000
0.000000000000001
0.000000000000000
0.000000000000000
0.000000000000001
0.000000000000001
0.000000000000000
0.000000000000000
0.000000000000000
0.000000000000000
0.000000000000000
-0.000000000000000
-0.000000000000000
-0.000000000000000
0.000000000000000
0.000000000000000
0.000000000000000
0.000000000000001
0.000000000000001
0.000000000000000
0.000000000000000
0.000000000000000
0.000000000000000
0.000000000000000
0.000000000000000
0.000000000000000
0.000000000000000
-0.000000000000000
-0.000000000000000
0.000000000000000
0.000000000000000
0.000000000000000
0.000000000000001
0.000000000000000
0.000000000000000
0.000000000000001
0.000000000000001
0.000000000000000
0.000000000000000
0.000000000000001
0.000000000000000
0.000000000000000
0.000000000000000
0.000000000000000
-0.000000000000000
-0.000000000000000
-0.000000000000000
-0.000000000000000
-0.000000000000000
-0.000000000000001
-0.000000000000001
-0.000000000000001
-0.000000000000000
-0.000000000000000
-0.000000000000000
-0.000000000000000
-0.000000000000000
-0.000000000000000
-0.000000000000000
-0.000000000000000
-0.000000000000000
-0.000000000000001
-0.000000000000001
-0.000000000000001
-0.000000000000002
-0.000000000000003
-0.000000000000005
-0.000000000000007
-0.000000000000011
-0.000000000000015
-0.000000000000021
-0.000000000000031
-0.000000000000044
-0.000000000000064
-0.000000000000092
-0.000000000000132
-0.000000000000189
-0.000000000000269
-0.000000000000382
-0.000000000000541
-0.000000000000764
-0.000000000001078
-0.000000000001516
-0.000000000002129
-0.000000000002983
-0.000000000004171
-0.000000000005819
-0.000000000008102
-0.000000000011258
-0.000000000015610
-0.000000000021598
-0.000000000029821
-0.000000000041088
-0.000000000056493
-0.000000000077508
-0.000000000106113
-0.000000000144964
-0.000000000197619
-0.000000000268825
-0.000000000364906
-0.000000000494271
-0.000000000668068
-0.000000000901043
-0.000000001212664
-0.000000001628563
-0.000000002182411
-0.000000002918340
-0.000000003894051
-0.000000005184812
-0.000000006888571
-0.000000009132489
-0.000000012081259
-0.000000015947674
-0.000000021006016
-0.000000027608973
-0.000000036208962
-0.000000047384926
-0.000000061875914
-0.000000080623064
-0.000000104821940
-0.000000135987573
-0.000000176035111
-0.000000227379491
-0.000000293058317
-0.000000376882872
-0.000000483623208
-0.000000619234309
-0.000000791131660
-0.000001008525997
-0.000001282828727
-0.000001628141465
-0.000002061845298
-0.000002605307916
-0.000003284729487
-0.000004132151281
-0.000005186654464
-0.000006495780218
-0.000008117206443
-0.000010120720668
-0.000012590533456
-0.000015627981530
-0.000019354674893
-0.000023916147407
-0.000029486075467
-0.000036271134386
-0.000044516566795
-0.000054512541503
-0.000066601384608
-0.000081185766961
-0.000098737932956
-0.000119810054721
-0.000145045792756
-0.000175193138262
-0.000211118603558
-0.000253822814397
-0.000304457541157
-0.000364344184285
-0.000434993702342
-0.000518127938116
-0.000615702258898
-0.000729929380841
-0.000863304193928
-0.001018629343266
-0.001199041254151
-0.001408036212773
-0.001649496031889
-0.001927712742056
-0.002247411654905
-0.002613772046971
-0.003032444612350
-0.003509564732191
-0.004051760511218
-0.004666154439229
-0.005360357452292
-0.006142454097927
-0.007020977455392
-0.008004872430716
-0.009103446041286
-0.010326303331615
-0.011683267625386
-0.013184283923969
-0.014839304412915
-0.016658155239663
-0.018650383981262
-0.020825087532889
-0.023190720517692
-0.025754884746079
-0.028524100736285
-0.031503562844574
-0.034696880137148
-0.038105805759144
-0.041729958209108
-0.045566538597501
-0.049610048640707
-0.053852014800576
-0.058280724604788
-0.062880981754519
-0.067633887120656
-0.072516653125046
-0.077502459275249
-0.082560356746583
-0.087655229861582
-0.092747822083564
-0.097794833699887
-0.102749097707186
-0.107559839515181
-0.112173024952824
-0.116531799691563
-0.120577021603263
-0.124247885759850
-0.127482639780716
-0.130219385072817
-0.132396957225397
-0.133955876462142
-0.134839356670687
-0.134994359181485
-0.134372675218430
-0.132932018859198
-0.130637110492926
-0.127460729215035
-0.123384711420578
-0.118400872110574
-0.112511825166396
-0.105731679122439
-0.098086585813424
-0.089615120713161
-0.080368475825570
-0.070410448629157
-0.059817213789168
-0.048676868096053
-0.037088743305739
-0.025162486170923
-0.013016909871401
-0.000778626169552
0.011419527183271
0.023440244109759
0.035143668284114
0.046389442308161
0.057038854458106
0.066957045839255
0.076015237848474
0.084092937709719
0.091080078605785
0.096879050647930
0.101406579649569
0.104595412420311
0.106395770064750
0.106776534521203
0.105726138245674
0.103253132445565
0.099386415480870
0.094175109839963
0.087688083306123
0.080013117387829
0.071255733608816
0.061537695655770
0.050995212475304
0.039776874016037
0.028041357255527
0.015954945280685
0.003688906369879
-0.008583216854421
-0.020688356153824
-0.032456651446959
-0.043724117215566
-0.054335190755769
-0.064145114264514
-0.073022106607869
-0.080849285449743
-0.087526306097660
-0.092970689796497
-0.097118821104912
-0.099926601244194
-0.101369751730673
-0.101443770004843
-0.100163545971490
-0.097562655193011
-0.093692350774793
-0.088620281606648
-0.082428969459641
-0.075214081388963
-0.067082536892954
-0.058150491285461
-0.048541237740360
-0.038383070477134
-0.027807150614182
-0.016945414384692
-0.005928560771619
0.005115847725800
0.016065141417252
0.026803131464595
0.037221509009749
0.047221039699388
0.056712542938991
0.065617650179281
0.073869341342045
0.081412263024809
0.088202836292940
0.094209165597132
0.099410763583658
0.103798109250887
0.107372059022195
0.110143131842582
0.112130690369843
0.113362040741011
0.113871473283727
0.113699265953519
0.112890671263957
0.111494906095996
0.109564162088725
0.107152652391762
0.104315708465550
0.101108938414198
0.097587456087639
0.093805187952478
0.089814262555292
0.085664485332984
0.081402899599883
0.077073432790840
0.072716625486644
0.068369439408075
0.064065139446603
0.059833243905193
0.055699536448282
0.051686132796954
0.047811594940742
0.044091085554664
0.040536555390146
0.037156956630370
0.033958475542431
0.030944778198186
0.028117263550997
0.025475318725417
0.023016571981654
0.020737139438087
0.018631862257087
0.016694531607769
0.014918099302180
0.013294872549169
0.011816691775216
0.010475090918412
0.009261440007106
0.008167070186617
0.007183381655754
0.006301935220631
0.005514528368852
0.004813256915432
0.004190563376790
0.003639273294897
0.003152620764852
0.002724264420312
0.002348295107162
0.002019236430894
0.001732039301838
0.001482071528589
0.001265103427297
0.001077290326274
0.000915152754456
0.000775555010954
0.000655682723484
0.000553019917280
0.000465326034648
0.000390613269439
0.000327124511021
0.000273312129444
0.000227817777160
0.000189453333294
0.000157183073607
0.000130107112686
0.000107446134298
0.000088527400562
0.000072772010392
0.000059683361763
0.000048836760514
0.000039870109836
0.000032475609031
0.000026392387038
0.000021399995080
0.000017312683419
0.000013974389038
0.000011254363992
0.000009043377739
0.000007250430941
0.000005799922613
0.000004629217142
0.000003686562313
0.000002929314014
0.000002322427737
0.000001837181162
0.000001450096063
0.000001142031442
0.000000897423194
0.000000703648661
0.000000550497258
0.000000429730826
0.000000334719652
0.000000260142039
0.000000201737081
0.000000156101831
0.000000120525380
0.000000092853532
0.000000071378738
0.000000054750858
0.000000041904984
0.000000032003257
0.000000024388069
0.000000018544556
0.000000014070585
0.000000010652845
0.000000008047809
0.000000006066654
0.000000004563323
0.000000003425110
0.000000002565252
0.000000001917116
0.000000001429653
0.000000001063843
0.000000000789932
0.000000000585286
0.000000000432726
0.000000000319246
0.000000000235021
0.000000000172646
0.000000000126555
0.000000000092569
0.000000000067566
0.000000000049211
0.000000000035766
0.000000000025938
0.000000000018772
0.000000000013556
0.000000000009768
0.000000000007024
0.000000000005040
0.000000000003609
0.000000000002579
0.000000000001838
0.000000000001308
0.000000000000929
0.000000000000658
0.000000000000465
0.000000000000328
0.000000000000231
0.000000000000162
0.000000000000114
0.000000000000080
0.000000000000055
0.000000000000039
0.000000000000027
0.000000000000019
0.000000000000013
0.000000000000009
0.000000000000006
0.000000000000004
0.000000000000003
0.000000000000002
0.000000000000001
0.000000000000001
0.000000000000001
0.000000000000001
0.000000000000000
0.000000000000000
0.000000000000000
0.000000000000000
0.000000000000000
-0.000000000000000
0.000000000000000
0.000000000000000
-0.000000000000000
0.000000000000000
0.000000000000000
-0.000000000000000
-0.000000000000000
0.000000000000000
-0.000000000000000
-0.000000000000000
0.000000000000000
-0.000000000000000
-0.000000000000000
0.000000000000000
0.000000000000000
-0.000000000000000
0.000000000000000
0.000000000000000
-0.000000000000000
0.000000000000000
0.000000000000000
-0.000000000000000
0.000000000000000
-0.000000000000000
0.000000000000000
0.000000000000000
-0.000000000000000
0.000000000000000
-0.000000000000000
-0.000000000000000
0.000000000000000
-0.000000000000000
-0.000000000000000
0.000000000000000
0.000000000000000
-0.000000000000000
-0.000000000000000
0.000000000000000
0.000000000000000
-0.000000000000000
0.000000000000000
0.000000000000000
-0.000000000000000
0.000000000000000
0.000000000000000
0.000000000000000
0.000000000000000
-0.000000000000000
0.000000000000000
0.000000000000000
-0.000000000000000
0.000000000000000
0.000000000000000
-0.000000000000000
0.000000000000000
0.000000000000000
-0.000000000000000
0.000000000000000
0.000000000000000
-0.000000000000000
-0.000000000000000
0.000000000000000
-0.000000000000000
0.000000000000000
0.000000000000000
-0.000000000000000
0.000000000000000
0.000000000000000
-0.000000000000000
-0.000000000000000
0.000000000000000
0.000000000000000
-0.000000000000000
0.000000000000000
0.000000000000000
-0.000000000000000
-0.000000000000000
0.000000000000000
0.000000000000000
0.000000000000000
-0.000000000000000
0.000000000000000
-0.000000000000000
-0.000000000000000
0.000000000000000
-0.000000000000000
-0.000000000000000
-0.000000000000000
0.000000000000000
-0.000000000000000
-0.000000000000000
0.000000000000000
-0.000000000000000
-0.000000000000000
0.000000000000000
-0.000000000000000
0.000000000000000
-0.000000000000000
0.000000000000000
-0.000000000000000
-0.000000000000000
0.000000000000000
0.000000000000000
-0.000000000000000
0.000000000000000
0.000000000000000
-0.000000000000000
-0.000000000000000
-0.000000000000000
0.000000000000000
-0.000000000000000
-0.000000000000000
0.000000000000000
0.000000000000000
-0.000000000000000
-0.000000000000000
0.000000000000000
-0.000000000000000
-0.000000000000000
0.000000000000000
-0.000000000000000
-0.000000000000000
-0.000000000000000
0.000000000000000
-0.000000000000000
-0.000000000000000
0.000000000000000
0.000000000000000
-0.000000000000000
0.000000000000000
0.000000000000000
-0.000000000000000
0.000000000000000
0.000000000000000
-0.000000000000000
-0.000000000000000
0.000000000000000
0.000000000000000
-0.000000000000000
0.000000000000000
0.000000000000000
-0.000000000000000
-0.000000000000000
0.000000000000000
-0.000000000000000
-0.000000000000000
0.000000000000000
0.000000000000000
-0.000000000000000
0.000000000000000
0.000000000000000
-0.000000000000000
-0.000000000000000
0.000000000000000
-0.000000000000000
-0.000000000000000
0.000000000000000
-0.000000000000000
-0.000000000000000
0.000000000000000
-0.000000000000000
-0.000000000000000
0.000000000000000
-0.000000000000000
-0.000000000000000
0.000000000000000
-0.000000000000000
-0.000000000000000
0.000000000000000
0.000000000000000
-0.000000000000000
0.000000000000000
0.000000000000000
-0.000000000000000
0.000000000000000
0.000000000000000
-0.000000000000000
-0.000000000000000
-0.000000000000000
0.000000000000000
-0.000000000000000
-0.000000000000000
0.000000000000000
-0.000000000000000
-0.000000000000000
0.000000000000000
0.000000000000000
-0.000000000000000
-0.000000000000000
0.000000000000000
-0.000000000000000
-0.000000000000000
0.000000000000000
0.000000000000000
-0.000000000000000
-0.000000000000000
0.000000000000000
-0.000000000000000
0.000000000000000
0.000000000000000
0.000000000000000
-0.000000000000000
0.000000000000000
0.000000000000000
-0.000000000000000
0.000000000000000
0.000000000000000
-0.000000000000000
0.000000000000000
0.000000000000000
-0.000000000000000
0.000000000000000
0.000000000000000
-0.000000000000000
-0.000000000000000
0.000000000000000
-0.000000000000000
-0.000000000000000
0.000000000000000
0.000000000000000
-0.000000000000000
0.000000000000000
-0.000000000000000
0.000000000000000
-0.000000000000000
0.000000000000000
-0.000000000000000
0.000000000000000
0.000000000000000
0.000000000000000
-0.000000000000000
0.000000000000000
0.000000000000000
0.000000000000000
-0.000000000000000
0.000000000000000
-0.000000000000000
-0.000000000000000
0.000000000000000
0.000000000000000
-0.000000000000000
-0.000000000000000
0.000000000000000
0.000000000000000
-0.000000000000000
-0.000000000000000
0.000000000000000
0.000000000000000
-0.000000000000000
-0.000000000000000
-0.000000000000000
0.000000000000000
-0.000000000000000
-0.000000000000000
0.000000000000000
-0.000000000000000
-0.000000000000000
-0.000000000000000
0.000000000000000
-0.000000000000000
0.000000000000000
-0.000000000000000
-0.000000000000000
0.000000000000000
-0.000000000000000
-0.000000000000000
-0.000000000000000
0.000000000000000
0.000000000000000
-0.000000000000000
0.000000000000000
0.000000000000000
-0.000000000000001
0.000000000000000
0.000000000000000
-0.000000000000000
-0.000000000000000
0.000000000000000
-0.000000000000000
-0.000000000000000
0.000000000000000
0.000000000000000
-0.000000000000000
-0.000000000000000
0.000000000000001
