0.000000000007226909
0.000000000018167142
0.000000000037001931
0.000000000071223554
0.000000000133770068
0.000000000247409757
0.000000000451656136
0.000000000814211122
0.000000001449412875
0.000000002547767390
0.000000004427112100
0.000000007606405632
0.000000012921236548
0.000000021698049605
0.000000036015690499
0.000000059146543988
0.000000096125499198
0.000000154595851311
0.000000246004010701
0.000000387286315557
0.000000603704421720
0.000000932015322708
0.000001425006064935
0.000002157492287436
0.000003234304010959
0.000004804174872196
0.000007072363467400
0.000010318466088833
0.000014918419439678
0.000021372168752253
0.000030356819638155
0.000042760497735006
0.000059732675514973
0.000082741615785046
0.000113642685490686
0.000154842410883304
0.000209343950131538
0.000280842090662183
0.000373819836016242
0.000493657363822165
0.000647059062494588
0.000841979607167791
0.001087706024919821
0.001394912310948602
0.001775721061702160
0.002244695779749065
0.002818200625421506
0.003514253892197487
0.004352303384683370
0.005353023478721174
0.006540479441894316
0.007939973111113842
0.009577302530295175
0.011477931172461143
0.013666300102475559
0.016170317032849286
0.019016298172132746
0.022227357097020655
0.025821851473467824
0.029812316543348979
0.034214080567071155
0.039035917323931579
0.044277738752627804
0.049928751821274743
0.055966696131451769
0.062372559133292649
0.069116197532747697
0.076154049998250983
0.083427923627836992
0.090865536642228031
0.098402247913190410
0.105961966044789080
0.113455681169882416
0.120781653653247265
0.127827805350382712
0.134498981377844440
0.140694510856132105
0.146307747865806609
0.151227570428198732
0.155342064606374120
0.158567196322005832
0.160823156304056997
0.162034271418353165
0.162130798791726261
0.161052447815553168
0.158773162262658168
0.155278835017544137
0.150566674534967471
0.144646109690153596
0.137540772861854177
0.129305297513422207
0.120007042372609271
0.109724543702602775
0.098547074530488624
0.086574706539535057
0.073925926655827132
0.060725444682436160
0.047102225645479230
0.033188226108064121
0.019117250409850496
0.005025068077813247
-0.008955877427290709
-0.022697924375449510
-0.036079298672882801
-0.048985321793149246
-0.061312644850440350
-0.072968407187618642
-0.083870523863965138
-0.093947938866791453
-0.103141119432696493
-0.111407675929511049
-0.118717415047549721
-0.125051472227689531
-0.130401669679608839
-0.134770210410195712
-0.138174836683469970
-0.140642233860387322
-0.142206556292327785
-0.142908343369084506
-0.142793815228113907
-0.141918886646612424
-0.140342949698053721
-0.138127455593514414
-0.135334932581229417
-0.132028362447082159
-0.128274080374126964
-0.124137066633863757
-0.119680009535516232
-0.114962748519915961
-0.110041999744220367
-0.104973411055154259
-0.099808609077712301
-0.094594829398424757
-0.089374816250018266
-0.084186904462148132
-0.079066472546423391
-0.074044426840229507
-0.069147248726141808
-0.064397195975668370
-0.059812594883397963
-0.055408845778599669
-0.051197830491468782
-0.047188154921129079
-0.043385457491588647
-0.039792744842143853
-0.036411047477891562
-0.033239294509459574
-0.030274576161231765
-0.027512420138190469
-0.024947062139090939
-0.022571831942473267
-0.020379197088702655
-0.018360955995323579
-0.016508422644739552
-0.014812594892985002
-0.013264348647387172
-0.011854502365221129
-0.010573922571579686
-0.009413616554470055
-0.008364810233122315
-0.007419021442502673
-0.006568095951165858
-0.005804244736242534
-0.005120071650466778
-0.004508591779686297
-0.003963240046890169
-0.003477877183603933
-0.003046787570453300
-0.002664672085092781
-0.002326636746389501
-0.002028174369927327
-0.001765153396617232
-0.001533799660411754
-0.001330676593004447
-0.001152664479423914
-0.000996936288546576
-0.000860941281997063
-0.000742384595163529
-0.000639207069459457
-0.000549565663861274
-0.000471812783107890
-0.000404481426635527
-0.000346268611232992
-0.000296019679233051
-0.000252713613516121
-0.000215448374115114
-0.000183429967493939
-0.000155961024875832
-0.000132430277050962
-0.000112302940146793
-0.000095111469592786
-0.000080448495028095
-0.000067959769191122
-0.000057337796871088
-0.000048316119378076
-0.000040663969966128
-0.000034182120503205
-0.000028698876752301
-0.000024066516060473
-0.000020158137578551
-0.000016864781412746
-0.000014093164029290
-0.000011763553126640
-0.000009807901789052
-0.000008168218727882
-0.000006795104464469
-0.000005646591733581
-0.000004687081074611
-0.000003886416748009
-0.000003219088078403
-0.000002663522983514
-0.000002201525512963
-0.000001817769000095
-0.000001499360377446
-0.000001235467138949
-0.000001016991666703
-0.000000836311155112
-0.000000687046901796
-0.000000563867747908
-0.000000462323194275
-0.000000378699372510
-0.000000309903840056
-0.000000253364766570
-0.000000206945730756
-0.000000168873939738
-0.000000137678898751
-0.000000112143332474
-0.000000091260748568
-0.000000074199834000
-0.000000060274673072
-0.000000048919528662
-0.000000039668671219
-0.000000032139119041
-0.000000026016257506
-0.000000021041886326
-0.000000017004182578
-0.000000013729679626
-0.000000011076469092
-0.000000008928571598
-0.000000007191285063
-0.000000005787314031
-0.000000004653671458
-0.000000003739082499
-0.000000003001844665
-0.000000002408071564
-0.000000001930235656
-0.000000001546012551
-0.000000001237313316
-0.000000000989495365
-0.000000000790712622
-0.000000000631388634
-0.000000000503789410
-0.000000000401678249
-0.000000000320027196
-0.000000000254787618
-0.000000000202700735
-0.000000000161146123
-0.000000000128018420
-0.000000000101628786
-0.000000000080622304
-0.000000000063912636
-0.000000000050631318
-0.000000000040082443
-0.000000000031709638
-0.000000000025069055
-0.000000000019805467
-0.000000000015635845
-0.000000000012336345
-0.000000000009727157
-0.000000000007664639
-0.000000000006035246
-0.000000000004749192
-0.000000000003734662
-0.000000000002935537
-0.000000000002305140
-0.000000000001809336
-0.000000000001419684
-0.000000000001112803
-0.000000000000871760
-0.000000000000682540
-0.000000000000534175
-0.000000000000417855
-0.000000000000326397
-0.000000000000254643
-0.000000000000199263
-0.000000000000155555
-0.000000000000121330
-0.000000000000094496
-0.000000000000073068
-0.000000000000056720
-0.000000000000044644
-0.000000000000035165
-0.000000000000027009
-0.000000000000020735
-0.000000000000015901
-0.000000000000012500
-0.000000000000009509
-0.000000000000007680
-0.000000000000006299
-0.000000000000004837
-0.000000000000003033
-0.000000000000002349
-0.000000000000002208
-0.000000000000001720
-0.000000000000001307
-0.000000000000001243
-0.000000000000000804
-0.000000000000000038
-0.000000000000000530
-0.000000000000000760
-0.000000000000000217
-0.000000000000000078
-0.000000000000000359
-0.000000000000000343
0.000000000000000039
0.000000000000000149
0.000000000000000027
-0.000000000000000267
-0.000000000000000173
-0.000000000000000014
0.000000000000000032
0.000000000000000012
0.000000000000000374
-0.000000000000000145
-0.000000000000000298
0.000000000000000039
-0.000000000000000006
0.000000000000000251
-0.000000000000000182
0.000000000000000117
0.000000000000000283
-0.000000000000000257
-0.000000000000000164
-0.000000000000000015
-0.000000000000000064
0.000000000000000339
0.000000000000000024
0.000000000000000144
-0.000000000000000152
-0.000000000000000566
0.000000000000000150
0.000000000000000366
0.000000000000000248
-0.000000000000000306
0.000000000000000026
-0.000000000000000122
-0.000000000000000279
0.000000000000000267
0.000000000000000731
-0.000000000000000299
-0.000000000000000420
0.000000000000000111
0.000000000000000047
-0.000000000000000018
0.000000000000000129
-0.000000000000000145
0.000000000000000084
0.000000000000000086
-0.000000000000000413
0.000000000000000001
0.000000000000000307
0.000000000000000119
-0.000000000000000023
-0.000000000000000294
-0.000000000000000110
0.000000000000000227
0.000000000000000252
0.000000000000000030
-0.000000000000000462
-0.000000000000000334
0.000000000000000377
-0.000000000000000052
0.000000000000000268
-0.000000000000000289
-0.000000000000000302
0.000000000000000435
-0.000000000000000072
-0.000000000000000212
0.000000000000000057
-0.000000000000000015
0.000000000000000264
-0.000000000000000048
-0.000000000000000167
-0.000000000000000091
-0.000000000000000028
0.000000000000000435
0.000000000000000002
-0.000000000000000280
-0.000000000000000074
0.000000000000000116
0.000000000000000287
-0.000000000000000149
-0.000000000000000291
0.000000000000000177
0.000000000000000248
0.000000000000000062
-0.000000000000000191
-0.000000000000000115
0.000000000000000016
-0.000000000000000019
0.000000000000000321
-0.000000000000000107
-0.000000000000000191
0.000000000000000041
0.000000000000000198
0.000000000000000014
-0.000000000000000034
0.000000000000000002
-0.000000000000000211
0.000000000000000366
-0.000000000000000131
-0.000000000000000045
0.000000000000000254
-0.000000000000000541
0.000000000000000113
0.000000000000000427
-0.000000000000000262
0.000000000000000255
-0.000000000000000257
-0.000000000000000246
0.000000000000000022
0.000000000000000223
0.000000000000000070
-0.000000000000000055
-0.000000000000000104
-0.000000000000000228
0.000000000000000139
-0.000000000000000041
0.000000000000000130
0.000000000000000213
-0.000000000000000314
0.000000000000000139
-0.000000000000000242
0.000000000000000009
0.000000000000000039
0.000000000000000187
0.000000000000000318
-0.000000000000000323
-0.000000000000000239
-0.000000000000000202
0.000000000000000239
0.000000000000000345
0.000000000000000094
-0.000000000000000761
-0.000000000000000025
0.000000000000000539
-0.000000000000000211
-0.000000000000000027
-0.000000000000000216
-0.000000000000000010
0.000000000000000566
-0.000000000000000371
-0.000000000000000229
0.000000000000000550
-0.000000000000000351
0.000000000000000423
-0.000000000000000528
-0.000000000000000336
0.000000000000000789
0.000000000000000029
-0.000000000000000537
0.000000000000000351
-0.000000000000000084
0.000000000000000066
0.000000000000000227
-0.000000000000000486
0.000000000000000550
-0.000000000000000113
-0.000000000000000302
0.000000000000000498
-0.000000000000000426
-0.000000000000000302
0.000000000000000613
-0.000000000000000388
0.000000000000000096
-0.000000000000000182
0.000000000000000050
0.000000000000000183
-0.000000000000000160
-0.000000000000000002
0.000000000000000079
-0.000000000000000300
-0.000000000000000019
0.000000000000000147
0.000000000000000107
-0.000000000000000172
-0.000000000000000055
0.000000000000000116
0.000000000000000043
0.000000000000000037
0.000000000000000033
-0.000000000000000129
-0.000000000000000220
0.000000000000000509
-0.000000000000000248
-0.000000000000000025
-0.000000000000000090
0.000000000000000017
0.000000000000000291
-0.000000000000000520
0.000000000000000109
0.000000000000000105
-0.000000000000000051
-0.000000000000000056
-0.000000000000000363
0.000000000000000469
-0.000000000000000182
0.000000000000000220
-0.000000000000000159
-0.000000000000000258
0.000000000000000359
-0.000000000000000012
-0.000000000000000242
-0.000000000000000187
0.000000000000000277
0.000000000000000101
-0.000000000000000325
