-0.000000000001636208
-0.000000000004124464
-0.000000000008432659
-0.000000000016303644
-0.000000000030765670
-0.000000000057180876
-0.000000000104912184
-0.000000000190101546
-0.000000000340187549
-0.000000000601191250
-0.000000001050383899
-0.000000001814801437
-0.000000003100447529
-0.000000005236760230
-0.000000008743983128
-0.000000014446969034
-0.000000023624898665
-0.000000038235659773
-0.000000061236482080
-0.000000097041748449
-0.000000152289921261
-0.000000236729443621
-0.000000364495213328
-0.000000555822840980
-0.000000839362801497
-0.000001256147087769
-0.000001863419397944
-0.000002740051273725
-0.000003993373859737
-0.000005767923358671
-0.000008261577697450
-0.000011737303904410
-0.000016540225957580
-0.000023117755768169
-0.000032044113231834
-0.000044073489593777
-0.000060162502035124
-0.000081508953670633
-0.000109593975591266
-0.000146231191948097
-0.000193713969531358
-0.000254821577506065
-0.000332875622034320
-0.000431793497530623
-0.000556149831890745
-0.000711535406984536
-0.000904420971748330
-0.001142177545084517
-0.001433076390264584
-0.001786300645309107
-0.002212750086905180
-0.002724436435796005
-0.003334334979195200
-0.004056197913075050
-0.004904409212221614
-0.005895684289364695
-0.007047403723192106
-0.008377117471267778
-0.009902029671625727
-0.011638627385187060
-0.013606040969536680
-0.015822513390025352
-0.018304447606576645
-0.021065543938025753
-0.024116300463080595
-0.027470090033998144
-0.031136957384231407
-0.035122289637191793
-0.039425807131589448
-0.044041249193225475
-0.048966213114439577
-0.054192731804257793
-0.059705828953781188
-0.065482715757364071
-0.071493051571995189
-0.077713038343736898
-0.084112692372985465
-0.090654556893789706
-0.097293383501840205
-0.103977168480806556
-0.110664964028927337
-0.117311294422296722
-0.123865114269564827
-0.130269978521490470
-0.136465694228790763
-0.142408231703977872
-0.148052238797515667
-0.153350109795847456
-0.158252377464692562
-0.162709538288251992
-0.166691866105794173
-0.170171354911094669
-0.173120691875157245
-0.175513539123384132
-0.177326077252892234
-0.178554707883441022
-0.179198901103657354
-0.179259991036372163
-0.178741173261767361
-0.177648539282603407
-0.176005431013674357
-0.173837501421423707
-0.171171448264181153
-0.168034783637500851
-0.164456411812082565
-0.160477332037265330
-0.156138757917517357
-0.151481014221928750
-0.146543269333411302
-0.141363865099551150
-0.135987766941995825
-0.130457975807617116
-0.124814772132612481
-0.119095583432141147
-0.113335263928280708
-0.107571013315935965
-0.101836761734588596
-0.096162810114472377
-0.090575893892948636
-0.085099504492420111
-0.079757009727672787
-0.074568353171468205
-0.069550010599128562
-0.064715202562472540
-0.060074247119935011
-0.055636472057346668
-0.051408484224681576
-0.047394301344394894
-0.043595617897541260
-0.040012132098216163
-0.036642670988708721
-0.033484388711504429
-0.030532944777960449
-0.027782739732343169
-0.025227167026243044
-0.022859236670877688
-0.020671248995649302
-0.018654940584706015
-0.016801647268337171
-0.015102463530773188
-0.013548557185052833
-0.012131049289829703
-0.010841100684289281
-0.009669999008255076
-0.008609237210249305
-0.007650648723663335
-0.006786359950382633
-0.006008823762649778
-0.005310849448632957
-0.004685625840024774
-0.004126761709457272
-0.003628257608706828
-0.003184505563088710
-0.002790286079969507
-0.002440761600505270
-0.002131474012977119
-0.001858320885663932
-0.001617539828292056
-0.001405691962745405
-0.001219644414404335
-0.001056553544923416
-0.000913844279547851
-0.000789191402800365
-0.000680501205944349
-0.000585893547121974
-0.000503684272849019
-0.000432368912042200
-0.000370606862369081
-0.000317206428823316
-0.000271110745798541
-0.000231384185001668
-0.000197200832074280
-0.000167833247529373
-0.000142642092769362
-0.000121066609135274
-0.000102615609248091
-0.000086860087426277
-0.000073426105050840
-0.000061988347107786
-0.000052264318368422
-0.000044008959019070
-0.000037010283303857
-0.000031085254989517
-0.000026076109649362
-0.000021847091896658
-0.000018281482188252
-0.000015279199940693
-0.000012754578020004
-0.000010634404483357
-0.000008856207415289
-0.000007366716771849
-0.000006120626563286
-0.000005079465236714
-0.000004210613168646
-0.000003486451690299
-0.000002883610696468
-0.000002382363650251
-0.000001966084125714
-0.000001620777969998
-0.000001334682108723
-0.000001097914286810
-0.000000902191618967
-0.000000740581344788
-0.000000607288259718
-0.000000497474044343
-0.000000407101318478
-0.000000332808431085
-0.000000271800008049
-0.000000221754379958
-0.000000180745553043
-0.000000147176534324
-0.000000119725867482
-0.000000097301433350
-0.000000079001682359
-0.000000064083195529
-0.000000051933231270
-0.000000042047733782
-0.000000034012537299
-0.000000027487703743
-0.000000022194509213
-0.000000017904521906
-0.000000014430869893
-0.000000011620847348
-0.000000009349796877
-0.000000007516057557
-0.000000006036759182
-0.000000004844463349
-0.000000003884351121
-0.000000003111898654
-0.000000002490983236
-0.000000001992309994
-0.000000001592155947
-0.000000001271334069
-0.000000001014336969
-0.000000000808643799
-0.000000000644150038
-0.000000000512711277
-0.000000000407772399
-0.000000000324059041
-0.000000000257333680
-0.000000000204191568
-0.000000000161900029
-0.000000000128270591
-0.000000000101550926
-0.000000000080337503
-0.000000000063508281
-0.000000000050167857
-0.000000000039600809
-0.000000000031237014
-0.000000000024622469
-0.000000000019394383
-0.000000000015265378
-0.000000000012007045
-0.000000000009437969
-0.000000000007413561
-0.000000000005819279
-0.000000000004564619
-0.000000000003577938
-0.000000000002802642
-0.000000000002193803
-0.000000000001716318
-0.000000000001342263
-0.000000000001048779
-0.000000000000818410
-0.000000000000638616
-0.000000000000497671
-0.000000000000388523
-0.000000000000302318
-0.000000000000235330
-0.000000000000182913
-0.000000000000142163
-0.000000000000110422
-0.000000000000085921
-0.000000000000066716
-0.000000000000051503
-0.000000000000039818
-0.000000000000031020
-0.000000000000024270
-0.000000000000018727
-0.000000000000014245
-0.000000000000010931
-0.000000000000008440
-0.000000000000006821
-0.000000000000005416
-0.000000000000003782
-0.000000000000002694
-0.000000000000002415
-0.000000000000002026
-0.000000000000001293
-0.000000000000001046
-0.000000000000000836
-0.000000000000000774
-0.000000000000000452
-0.000000000000000077
-0.000000000000000438
-0.000000000000000316
-0.000000000000000306
0.000000000000000003
-0.000000000000000184
0.000000000000000112
0.000000000000000054
-0.000000000000000246
-0.000000000000000150
0.000000000000000181
-0.000000000000000035
-0.000000000000000303
0.000000000000000125
-0.000000000000000211
0.000000000000000187
0.000000000000000092
0.000000000000000086
-0.000000000000000380
-0.000000000000000423
0.000000000000000919
0.000000000000000417
-0.000000000000000386
-0.000000000000000576
-0.000000000000000143
0.000000000000000491
0.000000000000000468
-0.000000000000000230
-0.000000000000000041
-0.000000000000000422
0.000000000000000122
0.000000000000000565
-0.000000000000000154
-0.000000000000000088
-0.000000000000000142
-0.000000000000000136
-0.000000000000000118
0.000000000000000204
0.000000000000000137
-0.000000000000000291
0.000000000000000215
0.000000000000000114
-0.000000000000000308
-0.000000000000000149
0.000000000000000157
0.000000000000000430
-0.000000000000000045
-0.000000000000000209
-0.000000000000000480
0.000000000000000447
0.000000000000000245
-0.000000000000000038
-0.000000000000000303
-0.000000000000000005
-0.000000000000000236
0.000000000000000032
0.000000000000000345
-0.000000000000000130
-0.000000000000000094
-0.000000000000000097
-0.000000000000000166
0.000000000000000200
0.000000000000000107
0.000000000000000149
-0.000000000000000344
0.000000000000000206
-0.000000000000000100
-0.000000000000000252
0.000000000000000119
0.000000000000000374
0.000000000000000127
-0.000000000000000506
-0.000000000000000129
0.000000000000000369
0.000000000000000440
-0.000000000000000456
0.000000000000000066
-0.000000000000000151
0.000000000000000330
-0.000000000000000271
0.000000000000000237
0.000000000000000065
-0.000000000000000131
-0.000000000000000169
0.000000000000000112
0.000000000000000437
-0.000000000000000136
-0.000000000000000117
-0.000000000000000142
0.000000000000000185
0.000000000000000150
0.000000000000000046
-0.000000000000000157
-0.000000000000000058
-0.000000000000000061
-0.000000000000000005
-0.000000000000000075
0.000000000000000250
-0.000000000000000077
-0.000000000000000030
-0.000000000000000223
-0.000000000000000254
0.000000000000000375
0.000000000000000363
-0.000000000000000187
-0.000000000000000602
0.000000000000000001
0.000000000000000667
0.000000000000000016
-0.000000000000000228
-0.000000000000000047
-0.000000000000000390
0.000000000000000256
-0.000000000000000066
0.000000000000000269
-0.000000000000000280
-0.000000000000000021
-0.000000000000000102
-0.000000000000000093
0.000000000000000278
0.000000000000000214
-0.000000000000000410
-0.000000000000000358
0.000000000000000399
-0.000000000000000282
0.000000000000000403
-0.000000000000000116
-0.000000000000000108
-0.000000000000000049
0.000000000000000134
-0.000000000000000181
0.000000000000000398
0.000000000000000061
-0.000000000000000070
-0.000000000000000475
0.000000000000000309
0.000000000000000183
0.000000000000000029
-0.000000000000000153
-0.000000000000000075
-0.000000000000000021
0.000000000000000203
0.000000000000000236
-0.000000000000000047
-0.000000000000000185
-0.000000000000000036
0.000000000000000279
-0.000000000000000248
0.000000000000000398
-0.000000000000000617
0.000000000000000421
0.000000000000000092
-0.000000000000000349
0.000000000000000310
0.000000000000000007
-0.000000000000000375
0.000000000000000082
0.000000000000000389
-0.000000000000000495
0.000000000000000321
0.000000000000000013
0.000000000000000075
-0.000000000000000298
0.000000000000000426
-0.000000000000000491
0.000000000000000455
-0.000000000000000189
-0.000000000000000124
-0.000000000000000061
0.000000000000000495
0.000000000000000043
-0.000000000000000490
0.000000000000000383
-0.000000000000000139
-0.000000000000000181
0.000000000000000411
-0.000000000000000548
0.000000000000000016
0.000000000000000489
-0.000000000000000305
-0.000000000000000010
0.000000000000000104
0.000000000000000231
-0.000000000000000472
0.000000000000000426
-0.000000000000000047
-0.000000000000000465
0.000000000000000300
0.000000000000000098
-0.000000000000000305
0.000000000000000438
-0.000000000000000359
-0.000000000000000421
0.000000000000000595
-0.000000000000000211
0.000000000000000015
-0.000000000000000392
-0.000000000000000061
0.000000000000000450
-0.000000000000000098
-0.000000000000000236
0.000000000000000271
-0.000000000000000207
0.000000000000000189
-0.000000000000000239
-0.000000000000000217
0.000000000000000303
-0.000000000000000034
-0.000000000000000519
0.000000000000000072
0.000000000000000498
-0.000000000000000024
-0.000000000000000311
-0.000000000000000355
0.000000000000000302
0.000000000000000547
-0.000000000000000156
-0.000000000000000666
0.000000000000000053
0.000000000000000518
-0.000000000000000138
-0.000000000000000257
0.000000000000000446
-0.000000000000000160
