-0.000000000001706079
-0.000000000004297545
-0.000000000008781741
-0.000000000016968606
-0.000000000032001449
-0.000000000059444298
-0.000000000109004216
-0.000000000197407085
-0.000000000353067462
-0.000000000623614573
-0.000000001088974230
-0.000000001880472960
-0.000000003210948176
-0.000000005420567098
-0.000000009046205769
-0.000000014938639885
-0.000000024416506681
-0.000000039496940951
-0.000000063224921661
-0.000000100143225138
-0.000000157079943738
-0.000000244056426748
-0.000000375595130002
-0.000000572474719857
-0.000000864097861510
-0.000001292553364176
-0.000001916526886532
-0.000002816831323802
-0.000004103376944787
-0.000005924088290687
-0.000008481387891651
-0.000012044132402137
-0.000016964973625212
-0.000023700814698545
-0.000032837710527012
-0.000045145055938102
-0.000061598192780002
-0.000083417641301766
-0.000112111691545151
-0.000149526066526075
-0.000197993758054441
-0.000260340339350705
-0.000339940581613706
-0.000440771882306981
-0.000567475710820922
-0.000725722452712193
-0.000922070579159992
-0.001163985544239805
-0.001459837914092185
-0.001818913344124881
-0.002252230192457088
-0.002771921106714448
-0.003391079887225894
-0.004123569749845141
-0.004983874176656636
-0.005988822898721818
-0.007155895962817105
-0.008502719098111705
-0.010046540445902660
-0.011803854351344636
-0.013793810823519858
-0.016034633454755740
-0.018542655723987181
-0.021331450394947639
-0.024411328153054523
-0.027795494789174247
-0.031493773409787491
-0.035511265562142402
-0.039847338774063684
-0.044495318183175495
-0.049452437319289194
-0.054710320857969771
-0.060253535116856279
-0.066058788543745958
-0.072095206572606679
-0.078338557067551440
-0.084758415296582762
-0.091316875776258397
-0.097968242076677162
-0.104660080886352078
-0.111351160168927307
-0.117995757900054773
-0.124542619436462762
-0.130935134737299036
-0.137113003925635440
-0.143032246958578940
-0.148647622668237722
-0.153911692961810564
-0.158775216335894337
-0.163188978095692633
-0.167123659975168232
-0.170551711866176320
-0.173446316451218913
-0.175781666721618907
-0.177534506395781971
-0.178701847009299197
-0.179283776092688502
-0.179282244407928476
-0.178701057358985893
-0.177546903192276090
-0.175843693130138840
-0.173617614889149452
-0.170895862383220243
-0.167706401938853750
-0.164078545740146825
-0.160053627118534297
-0.155673137807047307
-0.150977626639368617
-0.146006433193584362
-0.140798017245297530
-0.135397380256453925
-0.129847508641671827
-0.124188623946384011
-0.118458054925499406
-0.112690519758122942
-0.106923021061780782
-0.101189264207050877
-0.095519304978272102
-0.089939618404798180
-0.084473423437607248
-0.079143785691790605
-0.073970344428555559
-0.068969274675942160
-0.064153503374387619
-0.059533064056568809
-0.055116996481332468
-0.050911634817003622
-0.046920742355107153
-0.043145778678859444
-0.039586226782651994
-0.036240709291230959
-0.033106197418622356
-0.030178189715397513
-0.027450947191847309
-0.024917744014731225
-0.022571484995654884
-0.020404384242699344
-0.018408110188887224
-0.016573947172615386
-0.014892953182965971
-0.013356270445972629
-0.011955006961604861
-0.010680321745708994
-0.009523510392077812
-0.008476082096700576
-0.007529892343171251
-0.006677095584235475
-0.005910177672681266
-0.005221984737995252
-0.004605745310802677
-0.004055109389652855
-0.003564120088492260
-0.003127212684206738
-0.002739211032537134
-0.002395320503435710
-0.002091124920495730
-0.001822562637404185
-0.001585910628018463
-0.001377767735730612
-0.001195036996966837
-0.001034908726793589
-0.000894839813816308
-0.000772534981763514
-0.000665928432023895
-0.000573165925716197
-0.000492587253899253
-0.000422709985864531
-0.000362213730135278
-0.000309925258475973
-0.000264804521461246
-0.000225931165078864
-0.000192493092491868
-0.000163775325357918
-0.000139149730304137
-0.000118065596853241
-0.000100040732577416
-0.000084654153115930
-0.000071539054126296
-0.000060376450253530
-0.000050889448943665
-0.000042837943271623
-0.000036014310276933
-0.000030239347863877
-0.000025358653880841
-0.000021239415401261
-0.000017767485417807
-0.000014845024963196
-0.000012388316132597
-0.000010325838708196
-0.000008596586334274
-0.000007148557583240
-0.000005937541193122
-0.000004926008521060
-0.000004082150671856
-0.000003379044903329
-0.000002793918086517
-0.000002307554301363
-0.000001903763120925
-0.000001568922087968
-0.000001291584520632
-0.000001062137324084
-0.000000872525972104
-0.000000716011146121
-0.000000586961260457
-0.000000480676195535
-0.000000393235239209
-0.000000321374984682
-0.000000262382663968
-0.000000214005974419
-0.000000174377089309
-0.000000141947771493
-0.000000115437335935
-0.000000093787709694
-0.000000076125737099
-0.000000061731653333
-0.000000050012406395
-0.000000040480302098
-0.000000032734749143
-0.000000026447058588
-0.000000021347817565
-0.000000017216297808
-0.000000013871988653
-0.000000011167430746
-0.000000008982288899
-0.000000007218457602
-0.000000005795990611
-0.000000004649851896
-0.000000003727190427
-0.000000002985095998
-0.000000002388765753
-0.000000001909983382
-0.000000001525908300
-0.000000001218070722
-0.000000000971550001
-0.000000000774302088
-0.000000000616609872
-0.000000000490644629
-0.000000000390105821
-0.000000000309926956
-0.000000000246038233
-0.000000000195169985
-0.000000000154701545
-0.000000000122531145
-0.000000000096977964
-0.000000000076696819
-0.000000000060611947
-0.000000000047866364
-0.000000000037772887
-0.000000000029786705
-0.000000000023471511
-0.000000000018482241
-0.000000000014543359
-0.000000000011436199
-0.000000000008986867
-0.000000000007056562
-0.000000000005537148
-0.000000000004341852
-0.000000000003402820
-0.000000000002664865
-0.000000000002085734
-0.000000000001630762
-0.000000000001274544
-0.000000000000995769
-0.000000000000777025
-0.000000000000605969
-0.000000000000472629
-0.000000000000368620
-0.000000000000286719
-0.000000000000222456
-0.000000000000173415
-0.000000000000134888
-0.000000000000104751
-0.000000000000081214
-0.000000000000063051
-0.000000000000048678
-0.000000000000038040
-0.000000000000029103
-0.000000000000022634
-0.000000000000017803
-0.000000000000013878
-0.000000000000010199
-0.000000000000008005
-0.000000000000006022
-0.000000000000005189
-0.000000000000003857
-0.000000000000002819
-0.000000000000001888
-0.000000000000001933
-0.000000000000001521
-0.000000000000000749
-0.000000000000000466
-0.000000000000000864
-0.000000000000000694
-0.000000000000000338
0.000000000000000177
-0.000000000000000327
-0.000000000000000384
-0.000000000000000144
0.000000000000000132
-0.000000000000000272
-0.000000000000000042
0.000000000000000297
-0.000000000000000160
-0.000000000000000324
-0.000000000000000245
0.000000000000000498
0.000000000000000197
-0.000000000000000478
-0.000000000000000199
0.000000000000000250
0.000000000000000343
-0.000000000000000534
0.000000000000000048
0.000000000000000254
-0.000000000000000089
-0.000000000000000043
0.000000000000000432
-0.000000000000000076
-0.000000000000000357
-0.000000000000000216
0.000000000000000367
-0.000000000000000101
0.000000000000000134
0.000000000000000036
-0.000000000000000159
-0.000000000000000645
0.000000000000000299
0.000000000000000524
0.000000000000000097
-0.000000000000000370
-0.000000000000000421
0.000000000000000628
-0.000000000000000623
0.000000000000000116
0.000000000000000412
0.000000000000000111
-0.000000000000000781
0.000000000000000172
0.000000000000000261
-0.000000000000000082
-0.000000000000000126
0.000000000000000500
-0.000000000000000518
-0.000000000000000011
-0.000000000000000145
0.000000000000000439
0.000000000000000054
-0.000000000000000379
0.000000000000000227
-0.000000000000000012
-0.000000000000000024
-0.000000000000000072
0.000000000000000019
0.000000000000000026
0.000000000000000259
0.000000000000000004
-0.000000000000000142
-0.000000000000000210
-0.000000000000000162
0.000000000000000821
0.000000000000000021
-0.000000000000000457
-0.000000000000000192
0.000000000000000122
0.000000000000000144
-0.000000000000000041
0.000000000000000055
-0.000000000000000099
-0.000000000000000265
0.000000000000000244
0.000000000000000086
0.000000000000000010
-0.000000000000000395
0.000000000000000509
-0.000000000000000331
-0.000000000000000059
0.000000000000000036
0.000000000000000482
-0.000000000000000560
-0.000000000000000014
0.000000000000000565
-0.000000000000000286
0.000000000000000031
0.000000000000000108
-0.000000000000000095
-0.000000000000000317
0.000000000000000103
0.000000000000000515
0.000000000000000081
-0.000000000000000427
-0.000000000000000101
0.000000000000000222
-0.000000000000000030
0.000000000000000291
-0.000000000000000276
-0.000000000000000060
0.000000000000000024
-0.000000000000000123
0.000000000000000194
-0.000000000000000112
0.000000000000000343
-0.000000000000000363
-0.000000000000000066
0.000000000000000074
0.000000000000000095
-0.000000000000000073
0.000000000000000183
-0.000000000000000150
0.000000000000000146
-0.000000000000000072
-0.000000000000000136
0.000000000000000145
0.000000000000000202
-0.000000000000000308
-0.000000000000000318
0.000000000000001044
-0.000000000000000219
-0.000000000000000509
-0.000000000000000107
0.000000000000000606
0.000000000000000085
-0.000000000000000078
-0.000000000000000452
-0.000000000000000015
0.000000000000000545
-0.000000000000000166
-0.000000000000000118
0.000000000000000029
0.000000000000000142
-0.000000000000000273
0.000000000000000130
0.000000000000000089
0.000000000000000124
-0.000000000000000133
-0.000000000000000166
0.000000000000000184
0.000000000000000001
-0.000000000000000059
-0.000000000000000407
0.000000000000000607
-0.000000000000000275
-0.000000000000000357
0.000000000000000284
-0.000000000000000153
0.000000000000000441
-0.000000000000000199
-0.000000000000000316
0.000000000000000241
0.000000000000000048
0.000000000000000186
-0.000000000000000388
0.000000000000000038
0.000000000000000153
0.000000000000000190
-0.000000000000000450
0.000000000000000486
-0.000000000000000275
0.000000000000000255
-0.000000000000000445
0.000000000000000363
0.000000000000000053
0.000000000000000397
-0.000000000000000581
0.000000000000000126
0.000000000000000436
-0.000000000000000178
-0.000000000000000121
0.000000000000000235
0.000000000000000109
-0.000000000000000099
0.000000000000000206
-0.000000000000000324
0.000000000000000284
0.000000000000000209
-0.000000000000000617
0.000000000000000710
-0.000000000000000294
-0.000000000000000086
0.000000000000000230
0.000000000000000124
0.000000000000000049
-0.000000000000000190
-0.000000000000000289
0.000000000000000511
-0.000000000000000005
0.000000000000000256
-0.000000000000000509
0.000000000000000109
0.000000000000000236
0.000000000000000062
-0.000000000000000191
-0.000000000000000466
0.000000000000000491
-0.000000000000000084
-0.000000000000000232
0.000000000000000230
0.000000000000000191
-0.000000000000000502
-0.000000000000000005
0.000000000000000030
0.000000000000000506
-0.000000000000000037
-0.000000000000000897
0.000000000000000454
0.000000000000000270
-0.000000000000000401
-0.000000000000000050
0.000000000000000206
-0.000000000000000194
0.000000000000000159
-0.000000000000000190
0.000000000000000040
0.000000000000000194
-0.000000000000000242
0.000000000000000342
-0.000000000000000003
-0.000000000000000051
