-0.000000000001681989
-0.000000000004238692
-0.000000000008662914
-0.000000000016743474
-0.000000000031584633
-0.000000000058680831
-0.000000000107623717
-0.000000000194942276
-0.000000000348722057
-0.000000000616049689
-0.000000001075957893
-0.000000001858326689
-0.000000003173690753
-0.000000005358604188
-0.000000008944342158
-0.000000014772952422
-0.000000024149789942
-0.000000039072050279
-0.000000062555185706
-0.000000099098780320
-0.000000155467142561
-0.000000241589845740
-0.000000371859038462
-0.000000566870836205
-0.000000855775102754
-0.000001280305525682
-0.000001898663317350
-0.000002791009282426
-0.000004066387557439
-0.000005871585037148
-0.000008407498637588
-0.000011941008287267
-0.000016822239780639
-0.000023504912124473
-0.000032571110700782
-0.000044785131788068
-0.000061116039283494
-0.000082776738706873
-0.000111266418764542
-0.000148420048492950
-0.000196557346239814
-0.000258488378403299
-0.000337570116678854
-0.000437759875858288
-0.000563676761195242
-0.000720964527523298
-0.000916152308897877
-0.001156673989354572
-0.001450866952607044
-0.001807982614968002
-0.002238999733132317
-0.002756010591423776
-0.003372069460574527
-0.004101002562172975
-0.004957260264641787
-0.005957634247647094
-0.007119571503156151
-0.008460672661073622
-0.009998171416367004
-0.011748559971486732
-0.013730982061396320
-0.015963668068640750
-0.018462975026402477
-0.021242518670661174
-0.024312672654782107
-0.027686698911247275
-0.031374494902707994
-0.035381257871790611
-0.039706473464709575
-0.044343605388088826
-0.049290008820763731
-0.054537444873229715
-0.060070632632612454
-0.065866448380600268
-0.071894195697935689
-0.078129787162009912
-0.084542944978317949
-0.091095913066671988
-0.097743144067051035
-0.104432347485089325
-0.111122385520387390
-0.117767617648228171
-0.124316858290207666
-0.130713551637758496
-0.136897432622337556
-0.142824503788877122
-0.148449486084305887
-0.153724884635707243
-0.158601381787971007
-0.163029665681298536
-0.166980281284615006
-0.170425525781600806
-0.173338416008067264
-0.175692967400073036
-0.177465735459208129
-0.178653528073450696
-0.179256226724312073
-0.179275576496454842
-0.178715179492076381
-0.177581525121997652
-0.175898335080976215
-0.173691619170794231
-0.170988406336058080
-0.167816511979884925
-0.164205112865955488
-0.160195431609163469
-0.155828867912081781
-0.151145896618894909
-0.146185800949327871
-0.140987002074899725
-0.135594490157463499
-0.130051257141215043
-0.124397544849450079
-0.118670715559947890
-0.112905533352193777
-0.107139067038630159
-0.101405097352902332
-0.095733762170496617
-0.090151623634939976
-0.084681991768922479
-0.079348033102471890
-0.074169488454275123
-0.069162633164607065
-0.064340492055027135
-0.059713193462861920
-0.055289873068581193
-0.051076955809013572
-0.047078289628984069
-0.043295412228141719
-0.039727878137161804
-0.036374377893865675
-0.033231943451776484
-0.030296126773066524
-0.027561235136256315
-0.025020582228884654
-0.022667107688666924
-0.020493054132305080
-0.018490112489355105
-0.016649584054825146
-0.014962538789790673
-0.013420127268354412
-0.012013461678669700
-0.010733701496365815
-0.009572139532569508
-0.008520279452317295
-0.007569969288016583
-0.006713354056219550
-0.005942908544769642
-0.005251466544780184
-0.004632243308351399
-0.004078875057045986
-0.003585390692719284
-0.003146211059608944
-0.002756145556683288
-0.002410385244036746
-0.002104499972334157
-0.001834414510776384
-0.001596392726767699
-0.001387020908238640
-0.001203190142342132
-0.001042079449379439
-0.000901135087986517
-0.000778051827566042
-0.000670754592007172
-0.000577380534056032
-0.000496261488969109
-0.000425907704430122
-0.000364992076445835
-0.000312335244700678
-0.000266891576833223
-0.000227735648737544
-0.000194050777846065
-0.000165117850954102
-0.000140305017191951
-0.000119058233005502
-0.000100892322747705
-0.000085383642173656
-0.000072163021566368
-0.000060909377293870
-0.000051343959800629
-0.000043225020779942
-0.000036343491659499
-0.000030518900085996
-0.000025595730138537
-0.000021440194323956
-0.000017937293714533
-0.000014988447110477
-0.000012509291279251
-0.000010427745999524
-0.000008682319844666
-0.000007220591559728
-0.000005997987646514
-0.000004976667501372
-0.000004124554038598
-0.000003414494330173
-0.000002823517816219
-0.000002332239725790
-0.000001924325475976
-0.000001586029732195
-0.000001305801227345
-0.000001073937905065
-0.000000882309774843
-0.000000724113599489
-0.000000593663735576
-0.000000486214410158
-0.000000397806373189
-0.000000325143772148
-0.000000265486560329
-0.000000216559531039
-0.000000176475653018
-0.000000143670595352
-0.000000116850215560
-0.000000094945203515
-0.000000077073034147
-0.000000062506138413
-0.000000050644967665
-0.000000040996430793
-0.000000033155459798
-0.000000026789654524
-0.000000021626532419
-0.000000017442824115
-0.000000014055923014
-0.000000011316640024
-0.000000009103215716
-0.000000007316371199
-0.000000005875197202
-0.000000004713867816
-0.000000003778881665
-0.000000003026797991
-0.000000002422379250
-0.000000001937053320
-0.000000001547688459
-0.000000001235579705
-0.000000000985614343
-0.000000000785589668
-0.000000000625660810
-0.000000000497895813
-0.000000000395910043
-0.000000000314569728
-0.000000000249748913
-0.000000000198133611
-0.000000000157065917
-0.000000000124415935
-0.000000000098479205
-0.000000000077891836
-0.000000000061563291
-0.000000000048622088
-0.000000000038372866
-0.000000000030262258
-0.000000000023849134
-0.000000000018781536
-0.000000000014780671
-0.000000000011623192
-0.000000000009134632
-0.000000000007173652
-0.000000000005629631
-0.000000000004414948
-0.000000000003460011
-0.000000000002710205
-0.000000000002121022
-0.000000000001658847
-0.000000000001296835
-0.000000000001013028
-0.000000000000790785
-0.000000000000616706
-0.000000000000480729
-0.000000000000374674
-0.000000000000291990
-0.000000000000227232
-0.000000000000176403
-0.000000000000136866
-0.000000000000106703
-0.000000000000082842
-0.000000000000064115
-0.000000000000049373
-0.000000000000038842
-0.000000000000030134
-0.000000000000023052
-0.000000000000017774
-0.000000000000013665
-0.000000000000010609
-0.000000000000008702
-0.000000000000006317
-0.000000000000004756
-0.000000000000003696
-0.000000000000002750
-0.000000000000002334
-0.000000000000001692
-0.000000000000001449
-0.000000000000001359
-0.000000000000000648
-0.000000000000000226
-0.000000000000000458
-0.000000000000000314
-0.000000000000000614
-0.000000000000000226
-0.000000000000000242
0.000000000000000110
0.000000000000000191
-0.000000000000000300
-0.000000000000000260
0.000000000000000235
-0.000000000000000138
-0.000000000000000034
0.000000000000000244
0.000000000000000340
-0.000000000000000291
-0.000000000000000165
-0.000000000000000050
0.000000000000000045
0.000000000000000441
0.000000000000000060
-0.000000000000000064
-0.000000000000000085
-0.000000000000000803
0.000000000000000696
0.000000000000000391
0.000000000000000085
-0.000000000000000446
-0.000000000000000473
0.000000000000000176
0.000000000000000495
0.000000000000000065
0.000000000000000172
-0.000000000000000696
0.000000000000000180
-0.000000000000000218
0.000000000000000527
0.000000000000000089
-0.000000000000000217
-0.000000000000000235
-0.000000000000000186
0.000000000000000058
0.000000000000000254
0.000000000000000144
-0.000000000000000271
-0.000000000000000074
0.000000000000000184
0.000000000000000107
-0.000000000000000041
-0.000000000000000212
-0.000000000000000064
0.000000000000000518
0.000000000000000158
-0.000000000000000660
-0.000000000000000169
0.000000000000000450
0.000000000000000119
0.000000000000000223
-0.000000000000000343
-0.000000000000000313
0.000000000000000352
0.000000000000000045
0.000000000000000004
0.000000000000000029
-0.000000000000000218
0.000000000000000116
-0.000000000000000148
0.000000000000000044
0.000000000000000192
-0.000000000000000030
-0.000000000000000064
-0.000000000000000023
-0.000000000000000025
-0.000000000000000147
0.000000000000000111
0.000000000000000161
0.000000000000000080
-0.000000000000000344
-0.000000000000000146
0.000000000000000106
0.000000000000000414
-0.000000000000000086
-0.000000000000000190
-0.000000000000000149
-0.000000000000000175
0.000000000000000521
-0.000000000000000045
-0.000000000000000078
-0.000000000000000467
0.000000000000000197
-0.000000000000000088
0.000000000000000334
-0.000000000000000033
-0.000000000000000273
-0.000000000000000054
0.000000000000000015
0.000000000000000321
-0.000000000000000228
-0.000000000000000176
-0.000000000000000295
0.000000000000000539
0.000000000000000188
-0.000000000000000157
-0.000000000000000309
-0.000000000000000234
0.000000000000000540
-0.000000000000000169
0.000000000000000257
-0.000000000000000495
0.000000000000000330
-0.000000000000000358
0.000000000000000000
0.000000000000000176
0.000000000000000166
-0.000000000000000294
-0.000000000000000239
-0.000000000000000153
0.000000000000000413
0.000000000000000319
-0.000000000000000248
-0.000000000000000690
0.000000000000000240
0.000000000000000690
-0.000000000000000404
0.000000000000000093
-0.000000000000000247
0.000000000000000102
0.000000000000000025
0.000000000000000185
-0.000000000000000485
0.000000000000000405
0.000000000000000317
-0.000000000000000558
-0.000000000000000074
-0.000000000000000179
0.000000000000000608
-0.000000000000000266
-0.000000000000000054
-0.000000000000000420
0.000000000000000159
0.000000000000000101
0.000000000000000320
-0.000000000000000328
0.000000000000000113
-0.000000000000000379
0.000000000000000331
-0.000000000000000166
0.000000000000000219
-0.000000000000000336
0.000000000000000143
-0.000000000000000043
0.000000000000000147
-0.000000000000000463
0.000000000000000467
0.000000000000000454
-0.000000000000000343
-0.000000000000000782
0.000000000000000151
0.000000000000000936
0.000000000000000067
-0.000000000000000837
-0.000000000000000231
-0.000000000000000056
0.000000000000000649
0.000000000000000246
-0.000000000000000172
-0.000000000000000694
0.000000000000000617
-0.000000000000000263
0.000000000000000379
0.000000000000000251
-0.000000000000000361
-0.000000000000000436
0.000000000000000251
0.000000000000000003
0.000000000000000252
-0.000000000000000252
0.000000000000000037
-0.000000000000000531
0.000000000000000093
0.000000000000000260
0.000000000000000185
0.000000000000000298
-0.000000000000000575
-0.000000000000000494
0.000000000000000299
0.000000000000000966
-0.000000000000000183
-0.000000000000000910
0.000000000000000395
0.000000000000000017
0.000000000000000422
-0.000000000000000383
-0.000000000000000039
-0.000000000000000077
-0.000000000000000238
0.000000000000000376
0.000000000000000134
-0.000000000000000394
0.000000000000000013
0.000000000000000092
0.000000000000000113
0.000000000000000133
-0.000000000000000588
0.000000000000000469
0.000000000000000013
-0.000000000000000164
-0.000000000000000490
0.000000000000000151
0.000000000000000250
0.000000000000000039
-0.000000000000000597
0.000000000000000396
0.000000000000000423
-0.000000000000000545
0.000000000000000199
0.000000000000000180
-0.000000000000000219
-0.000000000000000279
0.000000000000000403
-0.000000000000000121
-0.000000000000000285
0.000000000000000034
-0.000000000000000198
0.000000000000000388
-0.000000000000000157
