1.44170271
1.17785461
0.95886426
0.77724150
0.62678449
0.50234909
0.39966129
0.31516423
0.24589336
0.18937409
0.14353801
0.10665390
0.07727099
0.05417214
0.03633516
0.02290075
0.01314592
0.00646194
0.00233592
0.00033555
0.00009627
0.00131061
0.00371921
0.00710332
0.01127852
0.01608939
0.02140506
0.02711543
0.03312803
0.03936531
0.04576237
0.05226505
0.05882831
0.06541480
0.07199375
0.07853993
0.08503283
0.09145591
0.09779599
0.10404276
0.11018829
0.11622668
0.12215370
0.12796657
0.13366366
0.13924433
0.14470875
0.15005774
0.15529264
0.16041524
0.16542765
0.17033223
0.17513156
0.17982831
0.18442528
0.18892528
0.19333116
0.19764574
0.20187181
0.20601210
0.21006924
0.21404581
0.21794427
0.22176695
0.22551611
0.22919386
0.23280219
0.23634297
0.23981793
0.24322869
0.24657674
0.24986343
0.25309001
0.25625759
0.25936716
0.26241963
0.26541577
0.26835625
0.27124165
0.27407246
0.27684908
0.27957181
0.28224091
0.28485654
0.28741881
0.28992778
0.29238345
0.29478580
0.29713475
0.29943021
0.30167207
0.30386019
0.30599445
0.30807471
0.31010085
0.31207275
0.31399033
0.31585353
0.31766230
0.31941666
0.32111666
0.32276237
0.32435396
0.32589161
0.32737558
