-0.000000000001570391
-0.000000000003959264
-0.000000000008097942
-0.000000000015664934
-0.000000000029577002
-0.000000000055002053
-0.000000000100971424
-0.000000000183063078
-0.000000000327771994
-0.000000000579564967
-0.000000001013143488
-0.000000001751390758
-0.000000002993691536
-0.000000005059084115
-0.000000008451683395
-0.000000013971188848
-0.000000022858471931
-0.000000037013863384
-0.000000059309294109
-0.000000094034262596
-0.000000147642687722
-0.000000229617269518
-0.000000353715292643
-0.000000539642924261
-0.000000815316852124
-0.000001220737579493
-0.000001811740555752
-0.000002665300190970
-0.000003886225663534
-0.000005615737819803
-0.000008047265658548
-0.000011438006979997
-0.000016125707046226
-0.000022548468286848
-0.000031268894268103
-0.000043026246434406
-0.000058758742148666
-0.000079641845594224
-0.000107129960938537
-0.000143005099474683
-0.000189521585370999
-0.000249413029301317
-0.000325948569372765
-0.000422986328905685
-0.000545034844836863
-0.000697606158471619
-0.000887084162615198
-0.001120746266024974
-0.001406765164440910
-0.001754222082472082
-0.002173898888591170
-0.002677686872848499
-0.003278443046337330
-0.003989808486977811
-0.004826067179476050
-0.005803819742012039
-0.006940346393030343
-0.008253119918515985
-0.009759298484215291
-0.011475359323889323
-0.013420410679248377
-0.015612711918969416
-0.018068731961504037
-0.020802294617344563
-0.023824080845795539
-0.027147626483024854
-0.030783193573571180
-0.034736450290975072
-0.039007465150096989
-0.043590387099924785
-0.048483173625557562
-0.053678262632599408
-0.059161132350871046
-0.064909494419316802
-0.070893540522788803
-0.077089906468540789
-0.083469050197675448
-0.089993965129871623
-0.096619853276638412
-0.103295143889365171
-0.109979177926597893
-0.116626731317298879
-0.123186974045014566
-0.129603632891851894
-0.135816629305122533
-0.141781891701672186
-0.147453964953258215
-0.152785083874003164
-0.157725563669888824
-0.162225620033857432
-0.166255126132269643
-0.169785626769235531
-0.172789319726839086
-0.175239341708075702
-0.177111314826500860
-0.178401033924162677
-0.179107353823706739
-0.179230993249808263
-0.178774538266912919
-0.177743482986600504
-0.176160597903018051
-0.174050998273190843
-0.171440882010558682
-0.168357302645963491
-0.164828751622974390
-0.160895888346413274
-0.156599642208390177
-0.151980107645755508
-0.147076275499431364
-0.141926363348054696
-0.136575294150850401
-0.131066077209015308
-0.125439046006778548
-0.119731721375163358
-0.113979088580932475
-0.108218539845493816
-0.102484226084693458
-0.096806689958506387
-0.091212924474037893
-0.085726691258762575
-0.080371658655968167
-0.075168073432376969
-0.070132711508908749
-0.065279086921375851
-0.060617802560255937
-0.056158474997845410
-0.051907984870235062
-0.047870605723045391
-0.044048268563055736
-0.040440888641991822
-0.037047499443008627
-0.033865440158264135
-0.030890533431991715
-0.028117321527006283
-0.025539319346282171
-0.023149644265752500
-0.020940684925637481
-0.018904248050489098
-0.017031722834728105
-0.015314242002357228
-0.013743000589832521
-0.012309134205523707
-0.011003806852950659
-0.009818299409234328
-0.008744089620817304
-0.007772989790132822
-0.006897099050250448
-0.006108837944261009
-0.005400979448477458
-0.004766673113143041
-0.004199486807127538
-0.003693378748789243
-0.003242697856797325
-0.002842181361164576
-0.002486948781165375
-0.002172500024232416
-0.001894691780824951
-0.001649722165130514
-0.001434114414555246
-0.001244699555702387
-0.001078599790996377
-0.000933207863109734
-0.000806168389488567
-0.000695359518890543
-0.000598874973144930
-0.000515006422825650
-0.000442227129642556
-0.000379176060162317
-0.000324642840544256
-0.000277553586331610
-0.000236957202304840
-0.000202013774880986
-0.000171983233028826
-0.000146214873949471
-0.000124137743186252
-0.000105251521754202
-0.000089119056910128
-0.000075359160541337
-0.000063640082790328
-0.000053673630071497
-0.000045209702800006
-0.000038031873948840
-0.000031953202483043
-0.000026812498269625
-0.000022471006679760
-0.000018809384868385
-0.000015725265459398
-0.000013130991985956
-0.000010951625277398
-0.000009123196497728
-0.000007591139315336
-0.000006309028692428
-0.000005237428841090
-0.000004342890751533
-0.000003597083535933
-0.000002976025898715
-0.000002459468332659
-0.000002030337691520
-0.000001674258849956
-0.000001379144315857
-0.000001134835746797
-0.000000932815930948
-0.000000765953545116
-0.000000628285370357
-0.000000514831120397
-0.000000421433522444
-0.000000344629934959
-0.000000281540032009
-0.000000229770789480
-0.000000187336351635
-0.000000152589532384
-0.000000124166889232
-0.000000100941230474
-0.000000081981744198
-0.000000066520628555
-0.000000053924832090
-0.000000043673423493
-0.000000035338228702
-0.000000028567695977
-0.000000023073487016
-0.000000018619210379
-0.000000015011420003
-0.000000012091988132
-0.000000009731788607
-0.000000007825482647
-0.000000006287171147
-0.000000005046932459
-0.000000004047906091
-0.000000003243900584
-0.000000002597425717
-0.000000002078064701
-0.000000001661184465
-0.000000001326849394
-0.000000001058946571
-0.000000000844459517
-0.000000000672880063
-0.000000000535739353
-0.000000000426213779
-0.000000000338816023
-0.000000000269132590
-0.000000000213616352
-0.000000000169423659
-0.000000000134271316
-0.000000000106333030
-0.000000000084145448
-0.000000000066538747
-0.000000000052577580
-0.000000000041514564
-0.000000000032756753
-0.000000000025827652
-0.000000000020349431
-0.000000000016022527
-0.000000000012606465
-0.000000000009911784
-0.000000000007787418
-0.000000000006115022
-0.000000000004797942
-0.000000000003761845
-0.000000000002947525
-0.000000000002308513
-0.000000000001806573
-0.000000000001412490
-0.000000000001103801
-0.000000000000862201
-0.000000000000672938
-0.000000000000524830
-0.000000000000409265
-0.000000000000318746
-0.000000000000247958
-0.000000000000193426
-0.000000000000150229
-0.000000000000116416
-0.000000000000090480
-0.000000000000070307
-0.000000000000054865
-0.000000000000042334
-0.000000000000032332
-0.000000000000025307
-0.000000000000020007
-0.000000000000015195
-0.000000000000011520
-0.000000000000009121
-0.000000000000007225
-0.000000000000005411
-0.000000000000004086
-0.000000000000003264
-0.000000000000002541
-0.000000000000001992
-0.000000000000001397
-0.000000000000001224
-0.000000000000001058
-0.000000000000000592
-0.000000000000000323
-0.000000000000000458
-0.000000000000000420
-0.000000000000000280
-0.000000000000000425
0.000000000000000197
-0.000000000000000102
-0.000000000000000161
-0.000000000000000037
-0.000000000000000082
-0.000000000000000483
0.000000000000000083
0.000000000000000244
-0.000000000000000060
0.000000000000000114
-0.000000000000000039
-0.000000000000000332
-0.000000000000000150
0.000000000000000184
0.000000000000000186
-0.000000000000000299
0.000000000000000078
0.000000000000000353
-0.000000000000000177
-0.000000000000000546
-0.000000000000000098
0.000000000000000591
0.000000000000000055
-0.000000000000000164
-0.000000000000000171
-0.000000000000000228
-0.000000000000000234
0.000000000000000490
0.000000000000000547
-0.000000000000000493
-0.000000000000000450
0.000000000000000339
-0.000000000000000073
-0.000000000000000210
0.000000000000000200
0.000000000000000327
-0.000000000000000035
-0.000000000000000401
-0.000000000000000181
0.000000000000000075
0.000000000000000472
-0.000000000000000240
-0.000000000000000119
0.000000000000000473
-0.000000000000000578
-0.000000000000000165
0.000000000000000510
-0.000000000000000236
0.000000000000000301
-0.000000000000000171
-0.000000000000000252
0.000000000000000078
0.000000000000000021
0.000000000000000380
0.000000000000000099
-0.000000000000000599
-0.000000000000000103
0.000000000000000425
0.000000000000000147
-0.000000000000000176
-0.000000000000000203
0.000000000000000200
-0.000000000000000070
-0.000000000000000326
0.000000000000000429
0.000000000000000435
-0.000000000000000644
0.000000000000000059
0.000000000000000160
-0.000000000000000162
-0.000000000000000085
0.000000000000000230
0.000000000000000248
-0.000000000000000437
-0.000000000000000170
0.000000000000000136
0.000000000000000210
0.000000000000000204
-0.000000000000000376
0.000000000000000207
-0.000000000000000377
0.000000000000000140
0.000000000000000247
0.000000000000000096
-0.000000000000000083
-0.000000000000000249
0.000000000000000343
0.000000000000000144
0.000000000000000357
-0.000000000000000570
-0.000000000000000112
0.000000000000000438
0.000000000000000365
-0.000000000000000233
-0.000000000000000011
-0.000000000000000590
0.000000000000000031
0.000000000000000502
0.000000000000000124
-0.000000000000000060
-0.000000000000000363
-0.000000000000000222
0.000000000000000073
0.000000000000000447
0.000000000000000022
-0.000000000000000364
0.000000000000000262
-0.000000000000000401
0.000000000000000392
0.000000000000000037
0.000000000000000005
-0.000000000000000432
0.000000000000000598
0.000000000000000181
-0.000000000000000545
0.000000000000000473
-0.000000000000000204
0.000000000000000151
0.000000000000000450
-0.000000000000000653
0.000000000000000241
0.000000000000000036
0.000000000000000136
-0.000000000000000021
-0.000000000000000137
0.000000000000000238
-0.000000000000000427
0.000000000000000125
0.000000000000000448
-0.000000000000000288
-0.000000000000000204
-0.000000000000000130
0.000000000000000574
-0.000000000000000387
-0.000000000000000076
0.000000000000000174
-0.000000000000000320
0.000000000000000322
0.000000000000000190
-0.000000000000000183
-0.000000000000000108
0.000000000000000147
-0.000000000000000308
0.000000000000000209
0.000000000000000089
0.000000000000000147
-0.000000000000000048
-0.000000000000000383
0.000000000000000304
0.000000000000000044
0.000000000000000414
-0.000000000000000557
0.000000000000000248
-0.000000000000000025
0.000000000000000099
-0.000000000000000042
0.000000000000000424
-0.000000000000000660
0.000000000000000095
0.000000000000000277
0.000000000000000134
-0.000000000000000196
0.000000000000000288
-0.000000000000000477
0.000000000000000376
0.000000000000000081
0.000000000000000203
-0.000000000000000128
0.000000000000000012
-0.000000000000000310
0.000000000000000414
0.000000000000000217
-0.000000000000000367
0.000000000000000107
-0.000000000000000219
-0.000000000000000146
0.000000000000000286
-0.000000000000000225
0.000000000000000288
0.000000000000000041
-0.000000000000000552
0.000000000000000399
-0.000000000000000031
-0.000000000000000147
0.000000000000000182
0.000000000000000156
-0.000000000000000242
-0.000000000000000679
0.000000000000000468
0.000000000000000352
-0.000000000000000277
0.000000000000000095
-0.000000000000000811
0.000000000000000611
0.000000000000000619
-0.000000000000000364
-0.000000000000000400
0.000000000000000081
-0.000000000000000009
0.000000000000000048
0.000000000000000172
-0.000000000000000104
-0.000000000000000623
0.000000000000000263
0.000000000000000238
0.000000000000000052
0.000000000000000320
-0.000000000000000702
0.000000000000000288
0.000000000000000670
-0.000000000000000460
-0.000000000000000059
-0.000000000000000116
0.000000000000000153
-0.000000000000000063
-0.000000000000000112
-0.000000000000000074
0.000000000000000032
0.000000000000000278
-0.000000000000000414
