0.000000000000282
0.000000000000588
0.000000000000905
0.000000000001243
0.000000000001609
0.000000000002011
0.000000000002460
0.000000000002966
0.000000000003542
0.000000000004201
0.000000000004959
0.000000000005832
0.000000000006840
0.000000000008005
0.000000000009354
0.000000000010916
0.000000000012726
0.000000000014824
0.000000000017255
0.000000000020069
0.000000000023328
0.000000000027099
0.000000000031462
0.000000000036508
0.000000000042343
0.000000000049084
0.000000000056869
0.000000000065856
0.000000000076225
0.000000000088184
0.000000000101970
0.000000000117854
0.000000000136147
0.000000000157204
0.000000000181428
0.000000000209284
0.000000000241299
0.000000000278078
0.000000000320309
0.000000000368775
0.000000000424368
0.000000000488106
0.000000000561145
0.000000000644800
0.000000000740567
0.000000000850145
0.000000000975460
0.000000001118703
0.000000001282355
0.000000001469228
0.000000001682512
0.000000001925815
0.000000002203223
0.000000002519356
0.000000002879435
0.000000003289364
0.000000003755804
0.000000004286276
0.000000004889265
0.000000005574336
0.000000006352264
0.000000007235184
0.000000008236755
0.000000009372340
0.000000010659211
0.000000012116778
0.000000013766837
0.000000015633849
0.000000017745257
0.000000020131823
0.000000022828019
0.000000025872446
0.000000029308312
0.000000033183946
0.000000037553381
0.000000042476985
0.000000048022177
0.000000054264198
0.000000061286975
0.000000069184074
0.000000078059739
0.000000088030051
0.000000099224198
0.000000111785869
0.000000125874792
0.000000141668425
0.000000159363807
0.000000179179594
0.000000201358291
0.000000226168697
0.000000253908581
0.000000284907618
0.000000319530595
0.000000358180910
0.000000401304406
0.000000449393543
0.000000502991958
0.000000562699429
0.000000629177283
0.000000703154287
0.000000785433045
0.000000876896964
0.000000978517807
0.000001091363899
0.000001216609020
0.000001355542051
0.000001509577412
0.000001680266363
0.000001869309218
0.000002078568553
0.000002310083453
0.000002566084901
0.000002849012349
0.000003161531588
0.000003506553975
0.000003887257113
0.000004307107081
0.000004769882309
0.000005279699193
0.000005841039563
0.000006458780116
0.000007138223916
0.000007885134093
0.000008705769859
0.000009606924964
0.000010595968732
0.000011680889806
0.000012870342741
0.000014173697594
0.000015601092647
0.000017163490423
0.000018872737143
0.000020741625766
0.000022783962796
0.000025014638981
0.000027449704085
0.000030106445886
0.000033003473553
0.000036160805563
0.000039599962315
0.000043344063590
0.000047417931007
0.000051848195620
0.000056663410791
0.000061894170473
0.000067573233027
0.000073735650686
0.000080418904764
0.000087663046706
0.000095510845058
0.000104007938407
0.000113202994351
0.000123147874508
0.000133897805586
0.000145511556475
0.000158051621345
0.000171584408659
0.000186180436011
0.000201914530671
0.000218866035662
0.000237119021188
0.000256762501173
0.000277890654642
0.000300603051636
0.000325004883307
0.000351207195787
0.000379327127388
0.000409488148647
0.000441820304650
0.000476460459049
0.000513552539115
0.000553247781116
0.000595704975256
0.000641090709337
0.000689579610280
0.000741354582538
0.000796607042403
0.000855537147144
0.000918354017837
0.000985275954700
0.001056530643682
0.001132355352997
0.001212997118229
0.001298712914583
0.001389769814800
0.001486445131212
0.001589026540328
0.001697812188357
0.001813110775957
0.001935241620533
0.002064534694316
0.002201330636458
0.002345980737353
0.002498846893351
0.002660301530070
0.002830727492451
0.003010517899755
0.003200075963688
0.003399814767853
0.003610157006795
0.003831534682903
0.004064388759513
0.004309168768590
0.004566332371469
0.004836344871194
0.005119678675078
0.005416812706250
0.005728231763025
0.006054425825094
0.006395889305655
0.006753120248754
0.007126619471289
0.007516889649280
0.007924434348198
0.008349756997378
0.008793359808692
0.009255742639924
0.009737401803507
0.010238828821501
0.010760509127972
0.011302920720161
0.011866532760113
0.012451804128690
0.013059181934192
0.013689099978062
0.014341977180465
0.015018215968786
0.015718200632403
0.016442295647376
0.017190843974961
0.017964165338161
0.018762554480789
0.019586279413796
0.020435579653887
0.021310664459675
0.022211711070915
0.023138862956531
0.024092228077418
0.025071877170164
0.026077842058044
0.027110113995783
0.028168642054745
0.029253331555304
0.030364042553273
0.031500588387313
0.032662734294313
0.033850196099729
0.035062638989865
0.036299676373036
0.037560868836484
0.038845723205801
0.040153691713484
0.041484171283070
0.042836502935115
0.044209971321000
0.045603804390327
0.047017173197326
0.048449191851374
0.049898917616351
0.051365351163164
0.052847436979323
0.054344063939012
0.055854066036579
0.057376223285887
0.058909262787383
0.060451859964224
0.062002639968165
0.063560179255341
0.065123007331429
0.066689608665056
0.068258424767657
0.069827856437322
0.071396266163540
0.072961980689028
0.074523293724215
0.076078468809256
0.077625742317801
0.079163326596103
0.080689413230402
0.082202176434918
0.083699776552164
0.085180363656744
0.086642081253211
0.088083070058093
0.089501471855639
0.090895433416445
0.092263110467656
0.093602671703103
0.094912302821356
0.096190210579439
0.097434626849661
0.098643812666855
0.099816062253168
0.100949707007457
0.102043119446302
0.103094717083667
0.104102966236333
0.105066385742299
0.105983550579608
0.106853095373216
0.107673717777855
0.108444181725177
0.109163320523855
0.109830039801763
0.110443320279862
0.111002220367956
0.111505878573055
0.111953515711751
0.112344436918621
0.112678033443445
0.112953784230712
0.113171257275684
0.113330110752082
0.113430093907271
0.113471047721657
0.113452905329886
0.113375692202264
0.113239526085720
0.113044616704513
0.112791265221722
0.112479863463480
0.112110892908740
0.111684923448213
0.111202611916974
0.110664700406010
0.110072014358807
0.109425460459789
0.108726024322196
0.107974767983636
0.107172827218241
0.106321408674931
0.105421786851899
0.104475300917920
0.103483351391588
0.102447396690005
0.101368949558808
0.100249573395761
0.099090878480408
0.097894518122476
0.096662184741902
0.095395605893447
0.094096540248917
0.092766773550006
0.091408114544701
0.090022390920114
0.088611445244399
0.087177130930231
0.085721308232046
0.084245840288937
0.082752589224755
0.081243412316542
0.079720158242033
0.078184663416453
0.076638748428340
0.075084214583602
0.073522840566440
0.071956379225176
0.070386554490420
0.068815058432383
0.067243548463490
0.065673644691796
0.064106927430043
0.062544934864527
0.060989160887266
0.059441053094287
0.057902010952211
0.056373384134602
0.054856471028960
0.053352517414549
0.051862715310654
0.050388201994268
0.048930059185597
0.047489312399246
0.046066930458373
0.044663825168642
0.043280851148265
0.041918805810016
0.040578429490650
0.039260405722795
0.037965361643989
0.036693868537270
0.035446442497347
0.034223545216221
0.033025584881823
0.031852917183079
0.030705846414671
0.029584626674583
0.028489463147507
0.027420513467054
0.026377889149722
0.025361657093580
0.024371841134635
0.023408423653913
0.022471347228391
0.021560516318982
0.020675798988960
0.019817028646320
0.018984005803779
0.018176499850283
0.017394250828135
0.016636971210044
0.015904347670665
0.015196042847450
0.014511697085860
0.013850930164302
0.013213342994412
0.012598519292583
0.012006027218928
0.011435420980180
0.010886242393284
0.010358022406754
0.009850282577156
0.009362536498341
0.008894291181369
0.008445048383303
0.008014305883368
0.007601558705180
0.007206300284054
0.006828023578621
0.006466222126217
0.006120391041761
0.005790027960026
0.005474633921425
0.005173714201637
0.004886779085565
0.004613344586297
0.004352933109901
0.004105074067025
0.003869304432420
0.003645169253609
0.003432222110049
0.003230025524235
0.003038151326264
0.002856180973472
0.002683705826815
0.002520327385721
0.002365657483174
0.002219318442852
0.002080943200128
0.001950175388798
0.001826669395386
0.001710090382867
0.001600114285676
0.001496427777817
0.001398728215887
0.001306723558806
0.001220132265996
0.001138683175716
0.001062115365247
0.000990177994527
0.000922630134823
0.000859240583969
0.000799787669626
0.000744059041979
0.000691851457231
0.000642970553170
0.000597230618052
0.000554454353953
0.000514472635715
0.000477124266500
0.000442255730960
0.000409720946922
0.000379381016451
0.000351103977083
0.000324764553978
0.000300243913655
0.000277429419950
0.000256214392749
0.000236497870038
0.000218184373701
0.000201183679520
0.000185410591728
0.000170784722435
0.000157230276233
0.000144675840204
0.000133054179542
0.000122302038965
0.000112359950045
0.000103172044560
0.000094685873947
0.000086852234905
0.000079625001160
0.000072960961397
0.000066819663340
0.000061163263930
0.000055956385540
0.000051165978161
0.000046761187450
0.000042713228560
0.000038995265611
0.000035582296700
0.000032451044296
0.000029579850902
0.000026948579810
0.000024538520824
0.000022332300773
0.000020313798672
0.000018468065359
0.000016781247453
0.000015240515461
0.000013833995888
0.000012550707172
0.000011380499292
0.000010313996890
0.000009342545749
0.000008458162481
0.000007653487265
0.000006921739493
0.000006256676189
0.000005652553042
0.000005104087949
0.000004606426898
0.000004155112108
0.000003746052269
0.000003375494780
0.000003039999877
0.000002736416530
0.000002461860017
0.000002213691063
0.000001989496467
0.000001787071104
0.000001604401242
0.000001439649066
0.000001291138348
0.000001157341182
0.000001036865721
0.000000928444840
0.000000830925664
0.000000743259917
0.000000664495007
0.000000593765825
0.000000530287191
0.000000473346898
0.000000422299330
0.000000376559581
0.000000335598076
0.000000298935622
0.000000266138877
0.000000236816203
0.000000210613858
0.000000187212528
0.000000166324147
0.000000147688993
0.000000131073042
0.000000116265550
0.000000103076851
0.000000091336350
0.000000080890696
0.000000071602123
0.000000063346939
0.000000056014154
0.000000049504231
0.000000043727965
0.000000038605448
0.000000034065152
0.000000030043080
0.000000026482010
0.000000023330811
0.000000020543815
0.000000018080263
0.000000015903795
0.000000013981996
0.000000012285984
0.000000010790040
0.000000009471277
0.000000008309337
0.000000007286125
0.000000006385563
0.000000005593377
0.000000004896901
0.000000004284903
0.000000003747425
0.000000003275648
0.000000002861764
0.000000002498865
0.000000002180842
0.000000001902295
0.000000001658455
0.000000001445114
0.000000001258556
0.000000001095508
0.000000000953084
0.000000000828740
0.000000000720242
0.000000000625620
0.000000000543144
0.000000000471294
0.000000000408734
0.000000000354293
0.000000000306942
0.000000000265780
0.000000000230017
0.000000000198962
0.000000000172010
0.000000000148631
0.000000000128362
0.000000000110799
0.000000000095589
0.000000000082423
0.000000000071034
0.000000000061187
0.000000000052677
0.000000000045326
0.000000000038981
0.000000000033507
0.000000000028786
0.000000000024718
0.000000000021213
0.000000000018196
0.000000000015599
0.000000000013367
0.000000000011447
0.000000000009799
0.000000000008383
0.000000000007168
0.000000000006126
0.000000000005232
0.000000000004467
0.000000000003812
0.000000000003251
0.000000000002771
0.000000000002360
0.000000000002010
0.000000000001711
0.000000000001455
0.000000000001237
0.000000000001051
0.000000000000893
0.000000000000758
0.000000000000643
0.000000000000545
0.000000000000462
0.000000000000391
0.000000000000331
0.000000000000280
0.000000000000237
0.000000000000201
0.000000000000169
0.000000000000143
0.000000000000121
0.000000000000102
0.000000000000086
0.000000000000072
0.000000000000061
0.000000000000051
0.000000000000043
0.000000000000036
0.000000000000030
0.000000000000025
0.000000000000022
0.000000000000018
0.000000000000015
0.000000000000012
0.000000000000010
0.000000000000009
0.000000000000008
0.000000000000006
0.000000000000005
0.000000000000004
0.000000000000003
0.000000000000003
0.000000000000003
0.000000000000002
0.000000000000002
0.000000000000001
0.000000000000001
0.000000000000001
0.000000000000001
0.000000000000001
0.000000000000001
0.000000000000000
0.000000000000000
0.000000000000000
0.000000000000000
0.000000000000000
0.000000000000000
0.000000000000000
-0.000000000000000
0.000000000000000
0.000000000000000
0.000000000000000
0.000000000000000
-0.000000000000000
0.000000000000000
-0.000000000000000
-0.000000000000000
0.000000000000000
-0.000000000000000
0.000000000000000
0.000000000000000
-0.000000000000000
-0.000000000000000
0.000000000000000
0.000000000000000
-0.000000000000000
0.000000000000000
-0.000000000000000
-0.000000000000000
0.000000000000000
0.000000000000000
0.000000000000000
0.000000000000000
-0.000000000000000
-0.000000000000000
0.000000000000000
0.000000000000000
0.000000000000000
-0.000000000000000
-0.000000000000000
-0.000000000000000
0.000000000000000
0.000000000000000
0.000000000000000
0.000000000000000
-0.000000000000000
-0.000000000000000
0.000000000000000
-0.000000000000000
0.000000000000000
-0.000000000000000
0.000000000000000
-0.000000000000000
-0.000000000000000
0.000000000000000
0.000000000000000
0.000000000000000
-0.000000000000000
-0.000000000000000
-0.000000000000000
0.000000000000000
-0.000000000000000
0.000000000000000
-0.000000000000000
-0.000000000000000
0.000000000000000
-0.000000000000000
-0.000000000000000
0.000000000000000
0.000000000000000
-0.000000000000000
-0.000000000000000
-0.000000000000000
0.000000000000000
0.000000000000000
0.000000000000000
-0.000000000000000
-0.000000000000000
-0.000000000000000
0.000000000000000
0.000000000000000
-0.000000000000000
-0.000000000000000
-0.000000000000000
0.000000000000000
0.000000000000000
-0.000000000000000
-0.000000000000000
0.000000000000000
0.000000000000000
-0.000000000000000
-0.000000000000000
-0.000000000000000
0.000000000000000
0.000000000000000
0.000000000000000
-0.000000000000000
-0.000000000000000
-0.000000000000000
0.000000000000000
0.000000000000000
-0.000000000000000
-0.000000000000000
-0.000000000000000
0.000000000000000
0.000000000000000
0.000000000000000
-0.000000000000000
-0.000000000000000
0.000000000000000
0.000000000000000
-0.000000000000000
-0.000000000000000
-0.000000000000000
0.000000000000000
0.000000000000000
0.000000000000000
-0.000000000000000
-0.000000000000000
-0.000000000000000
0.000000000000000
0.000000000000000
0.000000000000000
-0.000000000000000
-0.000000000000000
-0.000000000000000
0.000000000000000
0.000000000000000
-0.000000000000000
-0.000000000000000
0.000000000000000
-0.000000000000000
-0.000000000000000
0.000000000000000
0.000000000000000
-0.000000000000000
-0.000000000000000
0.000000000000000
0.000000000000000
0.000000000000000
0.000000000000000
0.000000000000000
-0.000000000000000
-0.000000000000000
0.000000000000000
0.000000000000000
0.000000000000000
-0.000000000000000
0.000000000000000
-0.000000000000000
-0.000000000000000
0.000000000000000
0.000000000000000
-0.000000000000000
-0.000000000000000
-0.000000000000000
-0.000000000000000
0.000000000000000
0.000000000000000
-0.000000000000000
-0.000000000000000
-0.000000000000000
0.000000000000000
0.000000000000000
0.000000000000000
-0.000000000000000
-0.000000000000000
-0.000000000000000
0.000000000000000
0.000000000000000
-0.000000000000000
-0.000000000000000
-0.000000000000000
0.000000000000000
0.000000000000000
0.000000000000000
-0.000000000000000
0.000000000000000
0.000000000000000
-0.000000000000000
0.000000000000000
-0.000000000000000
0.000000000000000
0.000000000000000
-0.000000000000000
-0.000000000000000
-0.000000000000000
0.000000000000000
0.000000000000000
-0.000000000000000
-0.000000000000000
-0.000000000000000
0.000000000000000
0.000000000000000
0.000000000000000
-0.000000000000000
-0.000000000000000
0.000000000000000
0.000000000000000
-0.000000000000000
-0.000000000000000
-0.000000000000000
-0.000000000000000
0.000000000000000
0.000000000000000
-0.000000000000000
-0.000000000000000
-0.000000000000000
0.000000000000000
0.000000000000000
-0.000000000000000
-0.000000000000000
0.000000000000000
0.000000000000000
0.000000000000000
-0.000000000000000
-0.000000000000000
0.000000000000000
0.000000000000000
0.000000000000000
-0.000000000000000
-0.000000000000000
0.000000000000000
0.000000000000000
0.000000000000000
-0.000000000000000
-0.000000000000000
-0.000000000000000
0.000000000000000
0.000000000000000
-0.000000000000000
-0.000000000000000
0.000000000000000
0.000000000000000
-0.000000000000000
0.000000000000000
-0.000000000000000
-0.000000000000000
-0.000000000000000
0.000000000000000
0.000000000000000
-0.000000000000000
-0.000000000000000
0.000000000000000
0.000000000000000
-0.000000000000000
-0.000000000000000
-0.000000000000000
0.000000000000000
0.000000000000000
-0.000000000000000
0.000000000000000
-0.000000000000000
-0.000000000000000
0.000000000000000
0.000000000000000
-0.000000000000000
-0.000000000000000
-0.000000000000000
0.000000000000000
0.000000000000000
-0.000000000000000
-0.000000000000000
-0.000000000000000
0.000000000000000
0.000000000000000
0.000000000000000
-0.000000000000000
-0.000000000000000
0.000000000000000
0.000000000000000
0.000000000000000
-0.000000000000000
-0.000000000000000
-0.000000000000000
0.000000000000000
0.000000000000000
-0.000000000000000
-0.000000000000000
0.000000000000000
0.000000000000000
0.000000000000000
0.000000000000000
-0.000000000000000
-0.000000000000000
0.000000000000000
0.000000000000000
0.000000000000000
-0.000000000000000
-0.000000000000000
0.000000000000000
0.000000000000000
-0.000000000000000
-0.000000000000000
0.000000000000000
0.000000000000000
0.000000000000000
-0.000000000000000
-0.000000000000000
0.000000000000000
0.000000000000000
-0.000000000000000
0.000000000000000
0.000000000000000
-0.000000000000000
0.000000000000000
0.000000000000000
-0.000000000000000
0.000000000000000
-0.000000000000000
0.000000000000000
-0.000000000000000
-0.000000000000000
-0.000000000000000
-0.000000000000000
0.000000000000000
-0.000000000000000
-0.000000000000000
-0.000000000000000
0.000000000000000
0.000000000000000
-0.000000000000000
-0.000000000000000
-0.000000000000000
0.000000000000000
0.000000000000000
0.000000000000000
-0.000000000000000
-0.000000000000000
0.000000000000000
0.000000000000000
-0.000000000000000
-0.000000000000000
0.000000000000000
-0.000000000000000
-0.000000000000000
-0.000000000000000
0.000000000000000
-0.000000000000000
0.000000000000000
-0.000000000000000
-0.000000000000000
0.000000000000000
0.000000000000000
-0.000000000000000
-0.000000000000000
-0.000000000000000
-0.000000000000000
0.000000000000000
0.000000000000000
-0.000000000000000
-0.000000000000000
0.000000000000000
-0.000000000000000
0.000000000000000
0.000000000000000
-0.000000000000000
-0.000000000000000
-0.000000000000000
0.000000000000000
0.000000000000000
-0.000000000000000
-0.000000000000000
-0.000000000000000
0.000000000000000
0.000000000000000
0.000000000000000
-0.000000000000000
-0.000000000000000
0.000000000000000
0.000000000000000
0.000000000000000
-0.000000000000000
-0.000000000000000
0.000000000000000
0.000000000000000
0.000000000000000
-0.000000000000000
-0.000000000000000
-0.000000000000000
0.000000000000000
0.000000000000000
0.000000000000000
-0.000000000000000
-0.000000000000000
0.000000000000000
0.000000000000000
-0.000000000000000
-0.000000000000000
-0.000000000000000
0.000000000000000
-0.000000000000000
-0.000000000000000
0.000000000000000
-0.000000000000000
0.000000000000000
0.000000000000000
-0.000000000000000
-0.000000000000000
0.000000000000000
0.000000000000001
0.000000000000000
-0.000000000000000
-0.000000000000000
-0.000000000000000
0.000000000000000
0.000000000000000
-0.000000000000000
-0.000000000000000
-0.000000000000000
0.000000000000000
0.000000000000000
0.000000000000000
-0.000000000000000
-0.000000000000000
0.000000000000000
0.000000000000000
-0.000000000000000
0.000000000000000
-0.000000000000000
-0.000000000000000
-0.000000000000000
0.000000000000000
0.000000000000000
-0.000000000000000
-0.000000000000000
0.000000000000000
0.000000000000000
0.000000000000000
-0.000000000000000
-0.000000000000000
-0.000000000000000
0.000000000000000
0.000000000000000
-0.000000000000000
-0.000000000000000
0.000000000000000
0.000000000000000
0.000000000000000
-0.000000000000000
-0.000000000000000
-0.000000000000000
0.000000000000000
0.000000000000000
0.000000000000000
-0.000000000000000
-0.000000000000000
0.000000000000000
0.000000000000000
-0.000000000000000
-0.000000000000000
-0.000000000000000
