-0.000000000112343
-0.000000000233476
-0.000000000358725
-0.000000000490463
-0.000000000631629
-0.000000000785326
-0.000000000954854
-0.000000001143780
-0.000000001356006
-0.000000001595843
-0.000000001868099
-0.000000002178159
-0.000000002532088
-0.000000002936735
-0.000000003399855
-0.000000003930239
-0.000000004537867
-0.000000005234071
-0.000000006031726
-0.000000006945457
-0.000000007991880
-0.000000009189865
-0.000000010560838
-0.000000012129116
-0.000000013922287
-0.000000015971632
-0.000000018312604
-0.000000020985363
-0.000000024035377
-0.000000027514091
-0.000000031479687
-0.000000035997923
-0.000000041143078
-0.000000046999007
-0.000000053660321
-0.000000061233700
-0.000000069839366
-0.000000079612718
-0.000000090706155
-0.000000103291115
-0.000000117560325
-0.000000133730321
-0.000000152044241
-0.000000172774922
-0.000000196228345
-0.000000222747449
-0.000000252716360
-0.000000286565065
-0.000000324774595
-0.000000367882751
-0.000000416490424
-0.000000471268580
-0.000000532965962
-0.000000602417576
-0.000000680554048
-0.000000768411910
-0.000000867144925
-0.000000978036526
-0.000001102513474
-0.000001242160850
-0.000001398738491
-0.000001574198991
-0.000001770707413
-0.000001990662849
-0.000002236721982
-0.000002511824820
-0.000002819222771
-0.000003162509259
-0.000003545653069
-0.000003973034648
-0.000004449485583
-0.000004980331491
-0.000005571438600
-0.000006229264259
-0.000006960911694
-0.000007774189299
-0.000008677674775
-0.000009680784468
-0.000010793848242
-0.000012028190266
-0.000013396216096
-0.000014911506454
-0.000016588918128
-0.000018444692420
-0.000020496571604
-0.000022763923854
-0.000025267877121
-0.000028031462467
-0.000031079767351
-0.000034440099397
-0.000038142161168
-0.000042218236488
-0.000046703388854
-0.000051635672483
-0.000057056356554
-0.000063010163177
-0.000069545519645
-0.000076714825491
-0.000084574734880
-0.000093186454830
-0.000102616059748
-0.000112934822733
-0.000124219564061
-0.000136553017243
-0.000150024212977
-0.000164728881285
-0.000180769872053
-0.000198257594117
-0.000217310472986
-0.000238055427169
-0.000260628363019
-0.000285174687866
-0.000311849841108
-0.000340819842823
-0.000372261859284
-0.000406364784647
-0.000443329837910
-0.000483371174064
-0.000526716508166
-0.000573607750894
-0.000624301653900
-0.000679070463082
-0.000738202577649
-0.000802003212604
-0.000870795062040
-0.000944918960324
-0.001024734538026
-0.001110620869116
-0.001202977105664
-0.001302223095997
-0.001408799981905
-0.001523170770230
-0.001645820873785
-0.001777258616278
-0.001918015695555
-0.002068647599164
-0.002229733965918
-0.002401878886813
-0.002585711138354
-0.002781884341044
-0.002991077035494
-0.003213992668377
-0.003451359480142
-0.003703930286265
-0.003972482143519
-0.004257815892675
-0.004560755568832
-0.004882147670543
-0.005222860278823
-0.005583782017113
-0.005965820843366
-0.006369902665463
-0.006796969771385
-0.007247979065754
-0.007723900104673
-0.008225712921146
-0.008754405633801
-0.009310971832168
-0.009896407732351
-0.010511709097629
-0.011157867919288
-0.011835868853868
-0.012546685413931
-0.013291275910548
-0.014070579146819
-0.014885509862993
-0.015736953935084
-0.016625763330316
-0.017552750824239
-0.018518684485976
-0.019524281939756
-0.020570204412660
-0.021657050580382
-0.022785350224694
-0.023955557718341
-0.025168045355105
-0.026423096544887
-0.027720898895781
-0.029061537207268
-0.030444986400854
-0.031871104416617
-0.033339625106322
-0.034850151155882
-0.036402147072050
-0.037994932270261
-0.039627674302499
-0.041299382265956
-0.043008900434986
-0.044754902160492
-0.046535884082390
-0.048350160702062
-0.050195859362889
-0.052070915687816
-0.053973069523654
-0.055899861442209
-0.057848629848565
-0.059816508746705
-0.061800426212281
-0.063797103621629
-0.065803055685052
-0.067814591331050
-0.069827815486396
-0.071838631794858
-0.073842746314884
-0.075835672233714
-0.077812735632092
-0.079769082330168
-0.081699685841122
-0.083599356454649
-0.085462751467665
-0.087284386574459
-0.089058648423008
-0.090779808338363
-0.092442037207825
-0.094039421516239
-0.095565980512973
-0.097015684485226
-0.098382474105136
-0.099660280810815
-0.100843048173990
-0.101924754199342
-0.102899434493031
-0.103761206230273
-0.104504292844268
-0.105123049351283
-0.105611988219386
-0.105965805681182
-0.106179408384046
-0.106247940264779
-0.106166809529434
-0.105931715613302
-0.105538675990764
-0.104984052699993
-0.104264578443315
-0.103377382120574
-0.102320013650003
-0.101090467929058
-0.099687207786394
-0.098109185775690
-0.096355864662456
-0.094427236456254
-0.092323839842977
-0.090046775875031
-0.087597721781340
-0.084978942764248
-0.082193301656413
-0.079244266317852
-0.076135914661272
-0.072872937202789
-0.069460637044954
-0.065904927209773
-0.062212325250988
-0.058389945087279
-0.054445486011165
-0.050387218842241
-0.046223969207793
-0.041965097948868
-0.037620478665296
-0.033200472429034
-0.028715899711322
-0.024178009585486
-0.019598446283623
-0.014989213201874
-0.010362634465249
-0.005731314179111
-0.001108093510131
0.003493994245094
0.008061770430845
0.012581959455449
0.017041238666424
0.021426289464738
0.025723849433809
0.029920765248461
0.034004046119749
0.037960917523589
0.041778874954371
0.045445737439511
0.048949700546962
0.052279388615473
0.055423905936550
0.058372886617944
0.061116542860911
0.063645711387593
0.065951897760563
0.068027318343935
0.069864939664391
0.071458514940974
0.072802617564600
0.073892671321713
0.074724977171504
0.075296736402363
0.075606070010768
0.075652034164490
0.075434631631721
0.074954819078380
0.074214510157332
0.073216574335372
0.071964831426525
0.070464041823327
0.068719892441050
0.066738978413348
0.064528780601170
0.062097639000058
0.059454722153807
0.056609992704855
0.053574169233556
0.050358684559420
0.046975640697482
0.043437760681954
0.039758337487095
0.035951180291781
0.032030558349322
0.028011142737661
0.023907946277066
0.019736261912713
0.015511599868085
0.011249623881835
0.006966086845653
0.002676766163597
-0.001602600845489
-0.005856381181769
-0.010069109716391
-0.014225551748248
-0.018310764258603
-0.022310155564876
-0.026209543084924
-0.029995208934778
-0.033653953096064
-0.037173143904057
-0.040540765623470
-0.043745462896441
-0.046776581865788
-0.049624207796146
-0.052279199036122
-0.054733217185818
-0.056978753355940
-0.059009150427045
-0.060818621240097
-0.062402262672352
-0.063756065575419
-0.064876920575068
-0.065762619754817
-0.066411854267382
-0.066824207939555
-0.067000146956962
-0.066941005735129
-0.066648969102449
-0.066127050938726
-0.065379069429945
-0.064409619115686
-0.063224039920048
-0.061828383370066
-0.060229376217267
-0.058434381688180
-0.056451358598331
-0.054288818571361
-0.051955781610478
-0.049461730273469
-0.046816562704969
-0.044030544780537
-0.041114261616555
-0.038078568697797
-0.034934542871073
-0.031693433448381
-0.028366613656822
-0.024965532665068
-0.021501668407508
-0.017986481417523
-0.014431369870574
-0.010847626026216
-0.007246394245681
-0.003638630748576
-0.000035065258483
0.003553835326985
0.007117901120731
0.010647291179343
0.014132523093983
0.017564500163307
0.020934536087927
0.024234377140992
0.027456221784358
0.030592737714393
0.033637076335725
0.036582884674972
0.039424314759777
0.042156030501136
0.044773212129004
0.047271558242506
0.049647285546644
0.051897126357139
0.054018323964071
0.056008625952998
0.057866275589559
0.059590001379852
0.061179004924388
0.062632947187971
0.063951933311549
0.065136496094905
0.066187578281003
0.067106513773936
0.067895007922742
0.068555117002874
0.069089227025934
0.069500032006355
0.069790511811150
0.069963909715665
0.070023709784522
0.069973614192646
0.069817520596531
0.069559499660741
0.069203772839062
0.068754690503913
0.068216710511457
0.067594377283542
0.066892301481064
0.066115140336754
0.065267578708655
0.064354310908863
0.063380023355399
0.062349378088396
0.061266997185297
0.060137448103283
0.058965229970944
0.057754760845114
0.056510365942988
0.055236266854051
0.053936571730999
0.052615266453868
0.051276206756815
0.049923111302591
0.048559555685708
0.047188967341497
0.045814621334896
0.044439636999696
0.043066975396288
0.041699437553518
0.040339663458228
0.038990131754316
0.037653160111728
0.036330906224697
0.035025369397719
0.033738392677226
0.032471665486673
0.031226726722708
0.030004968270376
0.028807638895723
0.027635848474839
0.026490572519230
0.025372656958422
0.024282823141881
0.023221673023628
0.022189694494383
0.021187266827593
0.020214666207312
0.019272071307611
0.018359568894949
0.017477159426705
0.016624762620915
0.015802222974085
0.015009315205792
0.014245749610609
0.013511177299717
0.012805195316327
0.012127351610807
0.011477149863085
0.010854054141570
0.010257493389400
0.009686865730368
0.009141542588315
0.008620872615198
0.008124185424300
0.007650795126326
0.007200003667249
0.006771103967864
0.006363382865968
0.005976123863043
0.005608609678092
0.005260124612073
0.004929956727029
0.004617399844617
0.004321755369268
0.004042333941658
0.003778456928572
0.003529457755550
0.003294683088986
0.003073493874544
0.002865266238908
0.002669392261993
0.002485280626786
0.002312357153997
0.002150065228683
0.001997866125930
0.001855239242574
0.001721682241837
0.001596711117555
0.001479860184562
0.001370682001515
0.001268747232312
0.001173644451958
0.001084979902525
0.001002377204612
0.000925477029409
0.000853936736262
0.000787429980319
0.000725646294614
0.000668290650643
0.000615083001255
0.000565757809392
0.000520063565975
0.000477762299984
0.000438629083526
0.000402451534447
0.000369029318851
0.000338173655610
0.000309706824809
0.000283461681811
0.000259281178480
0.000237017892895
0.000216533568732
0.000197698665324
0.000180391919262
0.000164499918275
0.000149916687964
0.000136543291875
0.000124287445294
0.000113063142985
0.000102790301093
0.000093394413263
0.000084806220995
0.000076961398188
0.000069800249738
0.000063267424025
0.000057311639071
0.000051885422098
0.000046944862187
0.000042449375719
0.000038361484226
0.000034646604292
0.000031272849093
0.000028210841189
0.000025433536127
0.000022916056460
0.000020635535728
0.000018570971995
0.000016703090508
0.000015014215053
0.000013488147597
0.000012110055798
0.000010866367998
0.000009744675282
0.000008733640243
0.000007822912079
0.000007003047646
0.000006265438151
0.000005602241118
0.000005006317343
0.000004471172498
0.000003990903117
0.000003560146664
0.000003174035434
0.000002828154020
0.000002518500108
0.000002241448386
0.000001993717325
0.000001772338655
0.000001574629329
0.000001398165793
0.000001240760403
0.000001100439824
0.000000975425251
0.000000864114334
0.000000765064660
0.000000676978667
0.000000598689891
0.000000529150433
0.000000467419536
0.000000412653204
0.000000364094754
0.000000321066236
0.000000282960649
0.000000249234878
0.000000219403287
0.000000193031928
0.000000169733294
0.000000149161579
0.000000131008389
0.000000114998878
0.000000100888257
0.000000088458652
0.000000077516266
0.000000067888836
0.000000059423335
0.000000051983912
0.000000045450047
0.000000039714883
0.000000034683744
0.000000030272795
0.000000026407851
0.000000023023310
0.000000020061192
0.000000017470291
0.000000015205408
0.000000013226676
0.000000011498949
0.000000009991267
0.000000008676369
0.000000007530272
0.000000006531886
0.000000005662680
0.000000004906378
0.000000004248697
0.000000003677107
0.000000003180626
0.000000002749635
0.000000002375711
0.000000002051486
0.000000001770516
0.000000001527171
0.000000001316534
0.000000001134313
0.000000000976766
0.000000000840631
0.000000000723065
0.000000000621594
0.000000000534064
0.000000000458603
0.000000000393584
0.000000000337594
0.000000000289409
0.000000000247963
0.000000000212333
0.000000000181722
0.000000000155437
0.000000000132880
0.000000000113534
0.000000000096950
0.000000000082742
0.000000000070578
0.000000000060168
0.000000000051265
0.000000000043655
0.000000000037154
0.000000000031604
0.000000000026868
0.000000000022829
0.000000000019386
0.000000000016454
0.000000000013957
0.000000000011833
0.000000000010026
0.000000000008490
0.000000000007186
0.000000000006079
0.000000000005139
0.000000000004343
0.000000000003667
0.000000000003095
0.000000000002612
0.000000000002202
0.000000000001855
0.000000000001562
0.000000000001315
0.000000000001106
0.000000000000930
0.000000000000782
0.000000000000657
0.000000000000551
0.000000000000462
0.000000000000388
0.000000000000325
0.000000000000272
0.000000000000228
0.000000000000190
0.000000000000159
0.000000000000133
0.000000000000111
0.000000000000093
0.000000000000078
0.000000000000064
0.000000000000054
0.000000000000045
0.000000000000037
0.000000000000031
0.000000000000026
0.000000000000021
0.000000000000018
0.000000000000015
0.000000000000012
0.000000000000010
0.000000000000008
0.000000000000007
0.000000000000006
0.000000000000005
0.000000000000004
0.000000000000003
0.000000000000003
0.000000000000002
0.000000000000002
0.000000000000002
0.000000000000001
0.000000000000001
0.000000000000001
0.000000000000001
0.000000000000001
0.000000000000000
0.000000000000000
0.000000000000000
0.000000000000000
0.000000000000000
0.000000000000000
0.000000000000000
0.000000000000000
0.000000000000000
0.000000000000000
0.000000000000000
-0.000000000000000
-0.000000000000000
0.000000000000000
0.000000000000000
0.000000000000000
-0.000000000000000
-0.000000000000000
0.000000000000000
0.000000000000000
-0.000000000000000
-0.000000000000000
-0.000000000000000
-0.000000000000000
0.000000000000000
0.000000000000000
-0.000000000000000
-0.000000000000000
-0.000000000000000
0.000000000000000
0.000000000000000
0.000000000000000
-0.000000000000000
-0.000000000000000
-0.000000000000000
0.000000000000000
0.000000000000000
-0.000000000000000
-0.000000000000000
-0.000000000000000
-0.000000000000000
0.000000000000000
0.000000000000000
-0.000000000000000
-0.000000000000000
-0.000000000000000
0.000000000000000
0.000000000000000
0.000000000000000
-0.000000000000000
-0.000000000000000
-0.000000000000000
-0.000000000000000
0.000000000000000
0.000000000000000
-0.000000000000000
-0.000000000000000
-0.000000000000000
0.000000000000000
0.000000000000000
-0.000000000000000
-0.000000000000000
-0.000000000000000
-0.000000000000000
0.000000000000000
0.000000000000000
-0.000000000000000
-0.000000000000000
-0.000000000000000
0.000000000000000
0.000000000000000
0.000000000000000
-0.000000000000000
-0.000000000000000
0.000000000000000
0.000000000000000
0.000000000000000
-0.000000000000000
-0.000000000000000
-0.000000000000000
0.000000000000000
0.000000000000000
0.000000000000000
-0.000000000000000
-0.000000000000000
-0.000000000000000
-0.000000000000000
0.000000000000000
0.000000000000000
-0.000000000000000
-0.000000000000000
0.000000000000000
0.000000000000000
-0.000000000000000
-0.000000000000000
-0.000000000000000
0.000000000000000
-0.000000000000000
0.000000000000000
-0.000000000000000
-0.000000000000000
0.000000000000000
-0.000000000000000
0.000000000000000
-0.000000000000000
-0.000000000000000
0.000000000000000
0.000000000000000
-0.000000000000000
-0.000000000000000
-0.000000000000000
0.000000000000000
0.000000000000000
0.000000000000000
-0.000000000000000
-0.000000000000000
-0.000000000000000
0.000000000000000
0.000000000000000
0.000000000000000
-0.000000000000000
-0.000000000000000
-0.000000000000000
0.000000000000000
0.000000000000000
0.000000000000000
-0.000000000000000
-0.000000000000000
-0.000000000000000
0.000000000000000
0.000000000000000
0.000000000000000
-0.000000000000000
-0.000000000000000
-0.000000000000000
-0.000000000000000
0.000000000000000
0.000000000000000
0.000000000000000
-0.000000000000000
-0.000000000000000
0.000000000000000
0.000000000000000
0.000000000000000
-0.000000000000000
-0.000000000000000
-0.000000000000000
0.000000000000000
0.000000000000000
0.000000000000000
-0.000000000000000
-0.000000000000000
0.000000000000000
0.000000000000000
0.000000000000000
-0.000000000000000
-0.000000000000000
0.000000000000000
0.000000000000000
0.000000000000000
-0.000000000000000
-0.000000000000000
-0.000000000000000
0.000000000000000
0.000000000000000
-0.000000000000000
-0.000000000000000
-0.000000000000000
0.000000000000000
0.000000000000000
-0.000000000000000
-0.000000000000000
0.000000000000000
0.000000000000000
0.000000000000000
-0.000000000000000
-0.000000000000000
0.000000000000000
-0.000000000000000
0.000000000000000
0.000000000000000
-0.000000000000000
-0.000000000000000
-0.000000000000000
0.000000000000000
0.000000000000000
-0.000000000000000
-0.000000000000000
0.000000000000000
0.000000000000000
-0.000000000000000
-0.000000000000000
-0.000000000000000
0.000000000000000
0.000000000000000
0.000000000000000
-0.000000000000000
-0.000000000000000
0.000000000000000
0.000000000000000
0.000000000000000
-0.000000000000000
0.000000000000000
-0.000000000000000
0.000000000000000
-0.000000000000000
0.000000000000000
-0.000000000000000
-0.000000000000000
0.000000000000000
-0.000000000000000
0.000000000000000
-0.000000000000000
0.000000000000000
0.000000000000000
-0.000000000000000
-0.000000000000000
0.000000000000000
0.000000000000000
0.000000000000000
-0.000000000000000
-0.000000000000000
0.000000000000000
0.000000000000000
-0.000000000000000
-0.000000000000000
-0.000000000000000
0.000000000000000
0.000000000000000
-0.000000000000000
-0.000000000000000
-0.000000000000000
0.000000000000000
0.000000000000000
-0.000000000000000
-0.000000000000000
0.000000000000000
0.000000000000000
-0.000000000000000
0.000000000000000
-0.000000000000000
-0.000000000000000
-0.000000000000000
0.000000000000000
0.000000000000000
-0.000000000000000
-0.000000000000000
-0.000000000000000
-0.000000000000000
0.000000000000000
0.000000000000000
-0.000000000000000
-0.000000000000000
-0.000000000000000
0.000000000000000
0.000000000000000
0.000000000000000
-0.000000000000000
-0.000000000000000
-0.000000000000000
0.000000000000000
0.000000000000000
-0.000000000000000
-0.000000000000000
-0.000000000000000
0.000000000000000
0.000000000000000
0.000000000000000
-0.000000000000000
0.000000000000000
0.000000000000000
-0.000000000000000
0.000000000000000
0.000000000000000
-0.000000000000000
-0.000000000000000
0.000000000000000
0.000000000000000
-0.000000000000000
-0.000000000000000
-0.000000000000000
0.000000000000000
0.000000000000000
0.000000000000000
-0.000000000000000
-0.000000000000000
-0.000000000000000
0.000000000000000
0.000000000000000
0.000000000000000
-0.000000000000000
-0.000000000000000
-0.000000000000000
0.000000000000000
-0.000000000000000
0.000000000000000
-0.000000000000000
-0.000000000000000
0.000000000000000
-0.000000000000000
0.000000000000000
0.000000000000000
-0.000000000000000
-0.000000000000000
-0.000000000000000
0.000000000000000
0.000000000000000
-0.000000000000000
-0.000000000000000
-0.000000000000000
0.000000000000000
0.000000000000000
-0.000000000000000
-0.000000000000000
-0.000000000000000
0.000000000000000
0.000000000000000
-0.000000000000000
-0.000000000000000
0.000000000000000
0.000000000000000
0.000000000000000
-0.000000000000000
-0.000000000000000
-0.000000000000000
0.000000000000000
0.000000000000000
0.000000000000000
-0.000000000000000
-0.000000000000000
0.000000000000000
0.000000000000000
0.000000000000000
0.000000000000000
-0.000000000000000
-0.000000000000000
0.000000000000000
0.000000000000000
0.000000000000000
-0.000000000000000
-0.000000000000000
-0.000000000000000
0.000000000000000
0.000000000000000
0.000000000000000
-0.000000000000000
-0.000000000000000
0.000000000000000
-0.000000000000000
0.000000000000000
-0.000000000000000
0.000000000000000
-0.000000000000000
0.000000000000000
-0.000000000000000
0.000000000000000
0.000000000000000
-0.000000000000000
0.000000000000000
-0.000000000000000
0.000000000000000
0.000000000000000
-0.000000000000000
-0.000000000000000
-0.000000000000000
0.000000000000000
-0.000000000000000
0.000000000000000
-0.000000000000000
-0.000000000000000
-0.000000000000000
0.000000000000000
0.000000000000000
0.000000000000000
-0.000000000000000
-0.000000000000000
0.000000000000000
0.000000000000000
0.000000000000000
-0.000000000000000
-0.000000000000000
0.000000000000000
-0.000000000000000
0.000000000000000
-0.000000000000000
0.000000000000000
0.000000000000000
0.000000000000000
-0.000000000000000
0.000000000000000
-0.000000000000000
0.000000000000000
0.000000000000000
-0.000000000000000
-0.000000000000000
-0.000000000000000
-0.000000000000000
0.000000000000000
0.000000000000000
-0.000000000000000
-0.000000000000001
-0.000000000000000
0.000000000000001
0.000000000000000
0.000000000000000
-0.000000000000000
-0.000000000000001
0.000000000000000
0.000000000000000
0.000000000000000
0.000000000000000
-0.000000000000000
-0.000000000000000
0.000000000000000
-0.000000000000000
0.000000000000000
0.000000000000000
