-0.000000000019855
-0.000000000041284
-0.000000000063484
-0.000000000086899
-0.000000000112073
-0.000000000139586
-0.000000000170056
-0.000000000204153
-0.000000000242618
-0.000000000286269
-0.000000000336025
-0.000000000392922
-0.000000000458128
-0.000000000532973
-0.000000000618966
-0.000000000717827
-0.000000000831519
-0.000000000962277
-0.000000001112654
-0.000000001285562
-0.000000001484322
-0.000000001712723
-0.000000001975085
-0.000000002276331
-0.000000002622071
-0.000000003018693
-0.000000003473466
-0.000000003994664
-0.000000004591688
-0.000000005275226
-0.000000006057416
-0.000000006952038
-0.000000007974724
-0.000000009143200
-0.000000010477551
-0.000000012000530
-0.000000013737887
-0.000000015718758
-0.000000017976084
-0.000000020547090
-0.000000023473813
-0.000000026803702
-0.000000030590282
-0.000000034893893
-0.000000039782525
-0.000000045332738
-0.000000051630693
-0.000000058773297
-0.000000066869481
-0.000000076041620
-0.000000086427109
-0.000000098180117
-0.000000111473529
-0.000000126501104
-0.000000143479862
-0.000000162652737
-0.000000184291500
-0.000000208700006
-0.000000236217771
-0.000000267223930
-0.000000302141602
-0.000000341442702
-0.000000385653250
-0.000000435359214
-0.000000491212939
-0.000000553940224
-0.000000624348088
-0.000000703333307
-0.000000791891774
-0.000000891128767
-0.000001002270198
-0.000001126674926
-0.000001265848231
-0.000001421456537
-0.000001595343497
-0.000001789547552
-0.000002006321074
-0.000002248151230
-0.000002517782703
-0.000002818242410
-0.000003152866370
-0.000003525328897
-0.000003939674276
-0.000004400351126
-0.000004912249625
-0.000005480741818
-0.000006111725218
-0.000006811669931
-0.000007587669551
-0.000008447496069
-0.000009399659068
-0.000010453469484
-0.000011619108217
-0.000012907699894
-0.000014331392110
-0.000015903440457
-0.000017638299701
-0.000019551721430
-0.000021660858565
-0.000023984377082
-0.000026542575333
-0.000029357511363
-0.000032453138608
-0.000035855450393
-0.000039592633619
-0.000043695232074
-0.000048196319766
-0.000053131684694
-0.000058540023479
-0.000064463147243
-0.000070946199152
-0.000078037884004
-0.000085790710226
-0.000094261244659
-0.000103510380435
-0.000113603618292
-0.000124611361569
-0.000136609225162
-0.000149678358614
-0.000163905783523
-0.000179384745374
-0.000196215079836
-0.000214503593531
-0.000234364459186
-0.000255919625022
-0.000279299238131
-0.000304642081532
-0.000332096024458
-0.000361818485358
-0.000393976906960
-0.000428749242639
-0.000466324453174
-0.000506903012878
-0.000550697423907
-0.000597932737416
-0.000648847080064
-0.000703692184193
-0.000762733919838
-0.000826252826536
-0.000894544642690
-0.000967920830093
-0.001046709090945
-0.001131253874551
-0.001221916870618
-0.001319077485888
-0.001423133300601
-0.001534500501060
-0.001653614284364
-0.001780929231112
-0.001916919641699
-0.002062079831586
-0.002216924380704
-0.002381988331959
-0.002557827333608
-0.002745017720066
-0.002944156525552
-0.003155861424801
-0.003380770594941
-0.003619542492478
-0.003872855539274
-0.004141407711272
-0.004425916023695
-0.004727115906425
-0.005045760463242
-0.005382619608678
-0.005738479076294
-0.006114139292303
-0.006510414108634
-0.006928129389712
-0.007368121447482
-0.007831235319516
-0.008318322885352
-0.008830240816641
-0.009367848357120
-0.009932004928938
-0.010523567562417
-0.011143388146964
-0.011792310501530
-0.012471167263747
-0.013180776597671
-0.013921938720937
-0.014695432253019
-0.015502010387288
-0.016342396890578
-0.017217281935056
-0.018127317768326
-0.019073114228877
-0.020055234115210
-0.021074188418253
-0.022130431427965
-0.023224355726367
-0.024356287080586
-0.025526479250894
-0.026735108730079
-0.027982269431901
-0.029267967347754
-0.030592115192040
-0.031954527058113
-0.033354913107951
-0.034792874320043
-0.036267897321144
-0.037779349328787
-0.039326473232492
-0.040908382842659
-0.042524058337037
-0.044172341935504
-0.045851933834570
-0.047561388433627
-0.049299110885387
-0.051063354003253
-0.052852215558526
-0.054663636000290
-0.056495396630636
-0.058345118267487
-0.060210260426717
-0.062088121054447
-0.063975836839440
-0.065870384134304
-0.067768580512795
-0.069667086988877
-0.071562410921356
-0.073450909625790
-0.075328794713131
-0.077192137171985
-0.079036873208700
-0.080858810856513
-0.082653637361863
-0.084416927352650
-0.086144151789703
-0.087830687699013
-0.089471828678476
-0.091062796168891
-0.092598751474838
-0.094074808516860
-0.095486047292073
-0.096827528015939
-0.098094305913538
-0.099281446624262
-0.100384042179398
-0.101397227507704
-0.102316197419738
-0.103136224017462
-0.103852674471511
-0.104461029104549
-0.104956899715299
-0.105336048074259
-0.105594404518704
-0.105728086571497
-0.105733417505381
-0.105606944771898
-0.105345458211947
-0.104946007963142
-0.104405921977745
-0.103722823063910
-0.102894645362422
-0.101919650170953
-0.100796441028224
-0.099523977971225
-0.098101590879981
-0.096528991826101
-0.094806286343662
-0.092933983543740
-0.090913004997207
-0.088744692314176
-0.086430813352736
-0.083973566994383
-0.081375586428718
-0.078639940895649
-0.075770135839390
-0.072770111434998
-0.069644239455038
-0.066397318451102
-0.063034567232414
-0.059561616631458
-0.055984499554551
-0.052309639323449
-0.048543836322342
-0.044694252973039
-0.040768397069558
-0.036774103511819
-0.032719514486548
-0.028613058151801
-0.024463425889725
-0.020279548200119
-0.016070569315127
-0.011845820622797
-0.007614792994391
-0.003387108116974
0.000827511060841
0.005019270656371
0.009178336834648
0.013294867320861
0.017359043315683
0.021361101682191
0.025291367270266
0.029140285242118
0.032898453261166
0.036556653405672
0.040105883668525
0.043537388905238
0.046842691093657
0.050013618771012
0.053042335516875
0.055921367354136
0.058643628944451
0.061202448459605
0.063591591015828
0.065805280564449
0.067838220139066
0.069685610366879
0.071343166159778
0.072807131509162
0.074074292317328
0.075141987207513
0.076008116264158
0.076671147664844
0.077130122175307
0.077384655489195
0.077434938404430
0.077281734838420
0.076926377694608
0.076370762603079
0.075617339568010
0.074669102564605
0.073529577137771
0.072202806064111
0.070693333147710
0.069006185228753
0.067146852492051
0.065121267170123
0.062935780742489
0.060597139739275
0.058112460263009
0.055489201347720
0.052735137278888
0.049858329001655
0.046867094747791
0.043769980014299
0.040575727028234
0.037293243833223
0.033931573133400
0.030499861030005
0.027007325784644
0.023463226741374
0.019876833537163
0.016257395727135
0.012614112947136
0.008956105731780
0.005292387101185
0.001631835024103
-0.002016834140761
-0.005645091129851
-0.009244618097659
-0.012807331695901
-0.016325404834867
-0.019791287060503
-0.023197723488620
-0.026537772245656
-0.029804820373508
-0.032992598164126
-0.036095191897708
-0.039107054966474
-0.042023017374026
-0.044838293608204
-0.047548488893081
-0.050149603833245
-0.052638037470790
-0.055010588782406
-0.057264456650616
-0.059397238349496
-0.061406926591177
-0.063291905184903
-0.065050943365577
-0.066683188853334
-0.068188159709951
-0.069565735061597
-0.070816144760734
-0.071939958062760
-0.072938071395313
-0.073811695299977
-0.074562340627524
-0.075191804068710
-0.075702153103086
-0.076095710448301
-0.076375038091946
-0.076542920987119
-0.076602350491718
-0.076556507629798
-0.076408746251427
-0.076162576165165
-0.075821646314716
-0.075389728068446
-0.074870698687352
-0.074268525033732
-0.073587247579276
-0.072830964767633
-0.072003817782632
-0.071109975769430
-0.070153621551809
-0.069138937884754
-0.068070094277335
-0.066951234416767
-0.065786464220416
-0.064579840538443
-0.063335360525746
-0.062056951697933
-0.060748462682206
-0.059413654670326
-0.058056193577222
-0.056679642905361
-0.055287457311710
-0.053882976871011
-0.052469422026126
-0.051049889213487
-0.049627347149107
-0.048204633758264
-0.046784453729808
-0.045369376674094
-0.043961835861794
-0.042564127519330
-0.041178410655276
-0.039806707391020
-0.038450903767968
-0.037112751002880
-0.035793867162323
-0.034495739226881
-0.033219725515529
-0.031967058440536
-0.030738847563369
-0.029536082922329
-0.028359638603025
-0.027210276523320
-0.026088650405001
-0.024995309905174
-0.023930704881203
-0.022895189763934
-0.021889028014937
-0.020912396644566
-0.019965390768724
-0.019048028183402
-0.018160253937237
-0.017301944883576
-0.016472914194750
-0.015672915822524
-0.014901648889960
-0.014158762001135
-0.013443857456458
-0.012756495362491
-0.012096197626418
-0.011462451826467
-0.010854714950725
-0.010272416997884
-0.009714964434541
-0.009181743504646
-0.008672123387719
-0.008185459203340
-0.007721094860289
-0.007278365749559
-0.006856601281201
-0.006455127265695
-0.006073268141181
-0.005710349048509
-0.005365697756602
-0.005038646441144
-0.004728533320038
-0.004434704149470
-0.004156513584812
-0.003893326410826
-0.003644518645963
-0.003409478525705
-0.003187607370114
-0.002978320340860
-0.002781047093112
-0.002595232327729
-0.002420336249228
-0.002255834934991
-0.002101220621174
-0.001956001910689
-0.001819703908597
-0.001691868290129
-0.001572053306425
-0.001459833733001
-0.001354800765750
-0.001256561869154
-0.001164740581227
-0.001078976279510
-0.000998923912254
-0.000924253698767
-0.000854650802672
-0.000789814981652
-0.000729460217051
-0.000673314326501
-0.000621118562556
-0.000572627200117
-0.000527607115243
-0.000485837357742
-0.000447108719781
-0.000411223302553
-0.000377994082863
-0.000347244481358
-0.000318807933937
-0.000292527467731
-0.000268255282913
-0.000245852341428
-0.000225187963640
-0.000206139433726
-0.000188591614567
-0.000172436572757
-0.000157573214241
-0.000143906931019
-0.000131349259248
-0.000119817548991
-0.000109234645801
-0.000099528584240
-0.000090632293383
-0.000082483314296
-0.000075023529426
-0.000068198903780
-0.000061959237768
-0.000056257931501
-0.000051051760330
-0.000046300661385
-0.000041967530835
-0.000038018031589
-0.000034420411116
-0.000031145329080
-0.000028165694445
-0.000025456511719
-0.000022994735996
-0.000020759136433
-0.000018730167836
-0.000016889849987
-0.000015221654386
-0.000013710398045
-0.000012342144023
-0.000011104108350
-0.000009984573029
-0.000008972804798
-0.000008058979350
-0.000007234110701
-0.000006489985440
-0.000005819101566
-0.000005214611647
-0.000004670270054
-0.000004180384017
-0.000003739768265
-0.000003343703035
-0.000002987895222
-0.000002668442481
-0.000002381800073
-0.000002124750279
-0.000001894374206
-0.000001688025825
-0.000001503308071
-0.000001338050878
-0.000001190290990
-0.000001058253443
-0.000000940334565
-0.000000835086411
-0.000000741202501
-0.000000657504782
-0.000000582931696
-0.000000516527288
-0.000000457431268
-0.000000404869938
-0.000000358147932
-0.000000316640690
-0.000000279787611
-0.000000247085832
-0.000000218084566
-0.000000192379976
-0.000000169610510
-0.000000149452689
-0.000000131617277
-0.000000115845822
-0.000000101907528
-0.000000089596426
-0.000000078728821
-0.000000069140983
-0.000000060687075
-0.000000053237275
-0.000000046676092
-0.000000040900849
-0.000000035820317
-0.000000031353490
-0.000000027428484
-0.000000023981552
-0.000000020956195
-0.000000018302370
-0.000000015975780
-0.000000013937239
-0.000000012152103
-0.000000010589764
-0.000000009223193
-0.000000008028542
-0.000000006984775
-0.000000006073354
-0.000000005277951
-0.000000004584192
-0.000000003979430
-0.000000003452549
-0.000000002993779
-0.000000002594541
-0.000000002247307
-0.000000001945474
-0.000000001683254
-0.000000001455577
-0.000000001258004
-0.000000001086651
-0.000000000938124
-0.000000000809453
-0.000000000698047
-0.000000000601644
-0.000000000518270
-0.000000000446205
-0.000000000383950
-0.000000000330200
-0.000000000283819
-0.000000000243820
-0.000000000209343
-0.000000000179642
-0.000000000154071
-0.000000000132068
-0.000000000113145
-0.000000000096881
-0.000000000082909
-0.000000000070913
-0.000000000060620
-0.000000000051793
-0.000000000044227
-0.000000000037745
-0.000000000032196
-0.000000000027448
-0.000000000023387
-0.000000000019916
-0.000000000016951
-0.000000000014419
-0.000000000012259
-0.000000000010417
-0.000000000008847
-0.000000000007510
-0.000000000006370
-0.000000000005401
-0.000000000004577
-0.000000000003877
-0.000000000003282
-0.000000000002777
-0.000000000002348
-0.000000000001984
-0.000000000001676
-0.000000000001415
-0.000000000001194
-0.000000000001007
-0.000000000000849
-0.000000000000715
-0.000000000000602
-0.000000000000506
-0.000000000000426
-0.000000000000358
-0.000000000000301
-0.000000000000252
-0.000000000000212
-0.000000000000178
-0.000000000000149
-0.000000000000125
-0.000000000000105
-0.000000000000088
-0.000000000000073
-0.000000000000061
-0.000000000000051
-0.000000000000043
-0.000000000000036
-0.000000000000030
-0.000000000000024
-0.000000000000020
-0.000000000000017
-0.000000000000014
-0.000000000000012
-0.000000000000010
-0.000000000000008
-0.000000000000007
-0.000000000000006
-0.000000000000005
-0.000000000000004
-0.000000000000003
-0.000000000000003
-0.000000000000002
-0.000000000000002
-0.000000000000002
-0.000000000000001
-0.000000000000001
-0.000000000000001
-0.000000000000000
-0.000000000000001
-0.000000000000001
-0.000000000000000
-0.000000000000000
-0.000000000000000
-0.000000000000000
-0.000000000000000
-0.000000000000000
-0.000000000000000
-0.000000000000000
-0.000000000000000
0.000000000000000
-0.000000000000000
-0.000000000000000
-0.000000000000000
-0.000000000000000
0.000000000000000
0.000000000000000
-0.000000000000000
-0.000000000000000
-0.000000000000000
0.000000000000000
0.000000000000000
-0.000000000000000
-0.000000000000000
-0.000000000000000
0.000000000000000
-0.000000000000000
0.000000000000000
0.000000000000000
-0.000000000000000
-0.000000000000000
-0.000000000000000
0.000000000000000
-0.000000000000000
0.000000000000000
0.000000000000000
-0.000000000000000
-0.000000000000000
0.000000000000000
0.000000000000000
0.000000000000000
-0.000000000000000
-0.000000000000000
-0.000000000000000
0.000000000000000
0.000000000000000
0.000000000000000
-0.000000000000000
-0.000000000000000
0.000000000000000
0.000000000000000
0.000000000000000
0.000000000000000
-0.000000000000000
-0.000000000000000
-0.000000000000000
0.000000000000000
0.000000000000000
-0.000000000000000
-0.000000000000000
-0.000000000000000
-0.000000000000000
-0.000000000000000
0.000000000000000
0.000000000000000
0.000000000000000
-0.000000000000000
-0.000000000000000
0.000000000000000
0.000000000000000
0.000000000000000
-0.000000000000000
-0.000000000000000
-0.000000000000000
-0.000000000000000
0.000000000000000
0.000000000000000
-0.000000000000000
-0.000000000000000
-0.000000000000000
0.000000000000000
0.000000000000000
-0.000000000000000
-0.000000000000000
-0.000000000000000
0.000000000000000
-0.000000000000000
-0.000000000000000
0.000000000000000
0.000000000000000
-0.000000000000000
-0.000000000000000
0.000000000000000
0.000000000000000
0.000000000000000
-0.000000000000000
-0.000000000000000
0.000000000000000
0.000000000000000
-0.000000000000000
0.000000000000000
0.000000000000000
-0.000000000000000
-0.000000000000000
0.000000000000000
0.000000000000000
0.000000000000000
-0.000000000000000
-0.000000000000000
0.000000000000000
0.000000000000000
-0.000000000000000
-0.000000000000000
0.000000000000000
0.000000000000000
0.000000000000000
-0.000000000000000
-0.000000000000000
0.000000000000000
0.000000000000000
0.000000000000000
0.000000000000000
-0.000000000000000
0.000000000000000
0.000000000000000
0.000000000000000
-0.000000000000000
-0.000000000000000
0.000000000000000
0.000000000000000
-0.000000000000000
-0.000000000000000
-0.000000000000000
0.000000000000000
0.000000000000000
0.000000000000000
0.000000000000000
-0.000000000000000
0.000000000000000
0.000000000000000
0.000000000000000
-0.000000000000000
0.000000000000000
-0.000000000000000
0.000000000000000
0.000000000000000
0.000000000000000
-0.000000000000000
-0.000000000000000
0.000000000000000
0.000000000000000
0.000000000000000
-0.000000000000000
0.000000000000000
0.000000000000000
0.000000000000000
0.000000000000000
-0.000000000000000
-0.000000000000000
0.000000000000000
0.000000000000000
-0.000000000000000
-0.000000000000000
-0.000000000000000
0.000000000000000
0.000000000000000
-0.000000000000000
-0.000000000000000
-0.000000000000000
-0.000000000000000
0.000000000000000
0.000000000000000
-0.000000000000000
-0.000000000000000
-0.000000000000000
-0.000000000000000
0.000000000000000
0.000000000000000
-0.000000000000000
-0.000000000000000
-0.000000000000000
0.000000000000000
0.000000000000000
0.000000000000000
-0.000000000000000
-0.000000000000000
0.000000000000000
0.000000000000000
-0.000000000000000
0.000000000000000
-0.000000000000000
0.000000000000000
-0.000000000000000
-0.000000000000000
0.000000000000000
0.000000000000000
0.000000000000000
-0.000000000000000
-0.000000000000000
-0.000000000000000
0.000000000000000
0.000000000000000
0.000000000000000
-0.000000000000000
-0.000000000000000
0.000000000000000
0.000000000000000
0.000000000000000
0.000000000000000
-0.000000000000000
-0.000000000000000
0.000000000000000
0.000000000000000
0.000000000000000
-0.000000000000000
-0.000000000000000
0.000000000000000
-0.000000000000000
0.000000000000000
-0.000000000000000
-0.000000000000000
-0.000000000000000
-0.000000000000000
0.000000000000000
-0.000000000000000
-0.000000000000000
-0.000000000000000
-0.000000000000000
0.000000000000000
0.000000000000000
-0.000000000000000
0.000000000000000
-0.000000000000000
-0.000000000000000
0.000000000000000
0.000000000000000
0.000000000000000
-0.000000000000000
-0.000000000000000
0.000000000000000
0.000000000000000
0.000000000000000
-0.000000000000000
-0.000000000000000
0.000000000000000
-0.000000000000000
0.000000000000000
-0.000000000000000
-0.000000000000000
0.000000000000000
0.000000000000000
-0.000000000000000
0.000000000000000
-0.000000000000000
-0.000000000000000
-0.000000000000000
-0.000000000000000
0.000000000000000
-0.000000000000000
-0.000000000000000
-0.000000000000000
0.000000000000000
-0.000000000000000
0.000000000000000
-0.000000000000000
-0.000000000000000
0.000000000000000
0.000000000000000
0.000000000000000
-0.000000000000000
-0.000000000000000
0.000000000000000
0.000000000000000
-0.000000000000000
-0.000000000000000
0.000000000000000
0.000000000000000
0.000000000000000
-0.000000000000000
0.000000000000000
-0.000000000000000
-0.000000000000000
0.000000000000000
0.000000000000000
0.000000000000000
-0.000000000000000
-0.000000000000000
0.000000000000000
0.000000000000000
0.000000000000000
-0.000000000000000
-0.000000000000000
-0.000000000000000
-0.000000000000000
0.000000000000000
0.000000000000000
-0.000000000000000
-0.000000000000000
-0.000000000000000
0.000000000000000
0.000000000000000
0.000000000000000
-0.000000000000000
-0.000000000000000
0.000000000000000
0.000000000000000
0.000000000000000
-0.000000000000000
-0.000000000000000
-0.000000000000000
0.000000000000000
0.000000000000000
0.000000000000000
-0.000000000000000
0.000000000000000
-0.000000000000000
0.000000000000000
0.000000000000000
-0.000000000000000
-0.000000000000000
0.000000000000000
0.000000000000000
0.000000000000000
-0.000000000000000
-0.000000000000000
0.000000000000000
0.000000000000000
-0.000000000000000
-0.000000000000000
0.000000000000000
-0.000000000000000
-0.000000000000000
-0.000000000000000
0.000000000000000
0.000000000000000
0.000000000000000
-0.000000000000000
-0.000000000000000
0.000000000000000
0.000000000000000
0.000000000000000
-0.000000000000000
-0.000000000000000
-0.000000000000000
-0.000000000000000
0.000000000000000
0.000000000000000
0.000000000000000
-0.000000000000000
-0.000000000000000
-0.000000000000000
0.000000000000000
0.000000000000000
0.000000000000000
-0.000000000000000
-0.000000000000000
0.000000000000000
0.000000000000000
0.000000000000000
-0.000000000000000
-0.000000000000000
-0.000000000000000
0.000000000000000
0.000000000000000
0.000000000000000
-0.000000000000000
-0.000000000000000
-0.000000000000000
0.000000000000000
0.000000000000000
0.000000000000000
-0.000000000000000
-0.000000000000000
0.000000000000000
-0.000000000000000
0.000000000000000
-0.000000000000000
0.000000000000000
0.000000000000000
0.000000000000000
-0.000000000000000
-0.000000000000000
0.000000000000000
0.000000000000001
-0.000000000000000
-0.000000000000000
-0.000000000000000
0.000000000000000
0.000000000000000
0.000000000000000
-0.000000000000000
-0.000000000000000
-0.000000000000000
0.000000000000000
0.000000000000000
0.000000000000000
-0.000000000000000
-0.000000000000000
0.000000000000000
0.000000000000000
-0.000000000000000
-0.000000000000000
0.000000000000000
0.000000000000000
-0.000000000000000
-0.000000000000000
-0.000000000000000
0.000000000000000
0.000000000000000
0.000000000000000
-0.000000000000000
-0.000000000000000
-0.000000000000000
0.000000000000000
0.000000000000001
-0.000000000000000
-0.000000000000001
-0.000000000000000
0.000000000000000
0.000000000000000
-0.000000000000000
-0.000000000000000
-0.000000000000000
0.000000000000000
0.000000000000000
-0.000000000000000
-0.000000000000000
