-0.000000000002833
-0.000000000005894
-0.000000000009071
-0.000000000012432
-0.000000000016057
-0.000000000020033
-0.000000000024455
-0.000000000029424
-0.000000000035053
-0.000000000041467
-0.000000000048807
-0.000000000057235
-0.000000000066930
-0.000000000078102
-0.000000000090986
-0.000000000105854
-0.000000000123016
-0.000000000142827
-0.000000000165693
-0.000000000192081
-0.000000000222526
-0.000000000257638
-0.000000000298118
-0.000000000344767
-0.000000000398503
-0.000000000460372
-0.000000000531573
-0.000000000613475
-0.000000000707639
-0.000000000815849
-0.000000000940137
-0.000000001082821
-0.000000001246542
-0.000000001434307
-0.000000001649538
-0.000000001896126
-0.000000002178497
-0.000000002501679
-0.000000002871380
-0.000000003294081
-0.000000003777130
-0.000000004328859
-0.000000004958708
-0.000000005677367
-0.000000006496936
-0.000000007431100
-0.000000008495331
-0.000000009707108
-0.000000011086172
-0.000000012654798
-0.000000014438116
-0.000000016464451
-0.000000018765718
-0.000000021377854
-0.000000024341299
-0.000000027701539
-0.000000031509703
-0.000000035823234
-0.000000040706624
-0.000000046232248
-0.000000052481271
-0.000000059544664
-0.000000067524338
-0.000000076534380
-0.000000086702448
-0.000000098171289
-0.000000111100439
-0.000000125668085
-0.000000142073134
-0.000000160537488
-0.000000181308559
-0.000000204662041
-0.000000230904953
-0.000000260379005
-0.000000293464281
-0.000000330583304
-0.000000372205492
-0.000000418852050
-0.000000471101333
-0.000000529594735
-0.000000595043118
-0.000000668233873
-0.000000750038618
-0.000000841421630
-0.000000943449043
-0.000001057298885
-0.000001184272030
-0.000001325804126
-0.000001483478577
-0.000001659040681
-0.000001854412985
-0.000002071711980
-0.000002313266214
-0.000002581635939
-0.000002879634414
-0.000003210350959
-0.000003577175916
-0.000003983827637
-0.000004434381632
-0.000004933302044
-0.000005485475599
-0.000006096248187
-0.000006771464264
-0.000007517509244
-0.000008341355068
-0.000009250609156
-0.000010253566944
-0.000011359268216
-0.000012577557453
-0.000013919148433
-0.000015395693319
-0.000017019856469
-0.000018805393232
-0.000020767233988
-0.000022921573680
-0.000025285967133
-0.000027879430410
-0.000030722548499
-0.000033837589609
-0.000037248626353
-0.000040981664110
-0.000045064776845
-0.000049528250671
-0.000054404735425
-0.000059729404546
-0.000065540123502
-0.000071877627042
-0.000078785705499
-0.000086311400398
-0.000094505209562
-0.000103421301928
-0.000113117742248
-0.000123656725813
-0.000135104823334
-0.000147533236063
-0.000161018061218
-0.000175640567711
-0.000191487482173
-0.000208651285189
-0.000227230517620
-0.000247330096833
-0.000269061642605
-0.000292543812387
-0.000317902645551
-0.000345271916189
-0.000374793493922
-0.000406617712106
-0.000440903742755
-0.000477819977366
-0.000517544412774
-0.000560265041032
-0.000606180242225
-0.000655499179000
-0.000708442191485
-0.000765241191161
-0.000826140052105
-0.000891394997912
-0.000961274982478
-0.001036062062677
-0.001116051760850
-0.001201553414878
-0.001292890513483
-0.001390401014251
-0.001494437641764
-0.001605368163062
-0.001723575637547
-0.001849458638305
-0.001983431441697
-0.002125924181961
-0.002277382967437
-0.002438269954940
-0.002609063378694
-0.002790257530174
-0.002982362685088
-0.003185904973721
-0.003401426190755
-0.003629483540689
-0.003870649314942
-0.004125510496710
-0.004394668289685
-0.004678737566777
-0.004978346235008
-0.005294134512878
-0.005626754116550
-0.005976867351380
-0.006345146105435
-0.006732270741847
-0.007138928887043
-0.007565814112147
-0.008013624505109
-0.008483061131407
-0.008974826381515
-0.009489622203679
-0.010028148220930
-0.010591099731703
-0.011179165593868
-0.011793025992469
-0.012433350091994
-0.013100793574521
-0.013795996065683
-0.014519578450963
-0.015272140085507
-0.016054255901218
-0.016866473415654
-0.017709309647861
-0.018583247947042
-0.019488734740650
-0.020426176209246
-0.021395934896202
-0.022398326261061
-0.023433615186150
-0.024502012446754
-0.025603671155906
-0.026738683195599
-0.027907075646901
-0.029108807232179
-0.030343764783288
-0.031611759750210
-0.032912524765258
-0.034245710278485
-0.035610881280480
-0.037007514129190
-0.038434993497813
-0.039892609461152
-0.041379554738131
-0.042894922108343
-0.044437702020675
-0.046006780412096
-0.047600936754680
-0.049218842348807
-0.050859058880308
-0.052520037258987
-0.054200116755602
-0.055897524453854
-0.057610375033367
-0.059336670898925
-0.061074302670448
-0.062821050047268
-0.064574583059274
-0.066332463716380
-0.068092148066546
-0.069850988671299
-0.071606237506272
-0.073355049292790
-0.075094485264957
-0.076821517375008
-0.078533032937964
-0.080225839714806
-0.081896671431494
-0.083542193729235
-0.085159010539403
-0.086743670874498
-0.088292676024470
-0.089802487145667
-0.091269533227556
-0.092690219420311
-0.094060935704249
-0.095378065880084
-0.096637996856914
-0.097837128212893
-0.098971882001649
-0.100038712775620
-0.101034117795751
-0.101954647395315
-0.102796915464042
-0.103557610017303
-0.104233503813770
-0.104821464983787
-0.105318467629637
-0.105721602358022
-0.106028086704358
-0.106235275407919
-0.106340670496524
-0.106341931139284
-0.106236883225920
-0.106023528631397
-0.105700054125016
-0.105264839883736
-0.104716467570290
-0.104053727937705
-0.103275627923044
-0.102381397194603
-0.101370494118439
-0.100242611111885
-0.098997679353727
-0.097635872822868
-0.096157611639680
-0.094563564686708
-0.092854651488074
-0.091032043329716
-0.089097163605496
-0.087051687377275
-0.084897540140150
-0.082636895787278
-0.080272173771999
-0.077806035468274
-0.075241379733844
-0.072581337683898
-0.069829266686403
-0.066988743593632
-0.064063557227746
-0.061057700141562
-0.057975359678845
-0.054820908361578
-0.051598893634673
-0.048314027001474
-0.044971172586158
-0.041575335161735
-0.038131647684773
-0.034645358380231
-0.031121817421834
-0.027566463255282
-0.023984808613195
-0.020382426272146
-0.016764934603274
-0.013137982968921
-0.009507237018434
-0.005878363936719
-0.002257017699293
0.001351175612408
0.004940632382099
0.008505825863230
0.012041300365048
0.015541685169159
0.019001708126867
0.022416208889117
0.025780151722565
0.029088637867266
0.032336917393597
0.035520400518366
0.038634668342553
0.041675482975793
0.044638797015505
0.047520762351521
0.050317738270104
0.053026298834370
0.055643239521379
0.058165583099421
0.060590584732347
0.062915736301162
0.065138769936427
0.067257660758398
0.069270628825130
0.071176140292073
0.072972907789883
0.074659890030336
0.076236290653283
0.077701556330521
0.079055374145295
0.080297668268843
0.081428595957939
0.082448542899801
0.083358117932962
0.084158147174757
0.084849667587970
0.085433920020869
0.085912341756376
0.086286558607404
0.086558376596517
0.086729773258972
0.086802888608903
0.086780015808924
0.086663591583712
0.086456186418286
0.086160494581562
0.085779324015557
0.085315586130112
0.084772285542440
0.084152509799960
0.083459419123988
0.082696236210711
0.081866236124687
0.080972736318707
0.080019086812399
0.079008660560366
0.077944844038943
0.076831028078920
0.075670598969703
0.074466929858501
0.073223372466161
0.071943249139294
0.070629845256294
0.069286402002827
0.067916109530348
0.066522100509116
0.065107444085223
0.063675140249118
0.062228114621155
0.060769213657816
0.059301200280341
0.057826749925765
0.056348447018561
0.054868781859497
0.053390147926667
0.051914839582223
0.050445050176880
0.048982870542969
0.047530287865604
0.046089184920391
0.044661339665080
0.043248425171670
0.041852009884613
0.040473558190084
0.039114431280629
0.037775888299013
0.036459087744653
0.035165089125689
0.033894854839521
0.032649252264490
0.031429056045331
0.030234950555034
0.029067532515866
0.027927313762477
0.026814724130270
0.025730114452502
0.024673759649997
0.023645861897732
0.022646553853088
0.021675901931027
0.020733909612070
0.019820520769531
0.018935623003083
0.018079050966410
0.017250589677376
0.016449977799815
0.015676910886788
0.014931044575838
0.014211997727518
0.013519355499163
0.012852672346621
0.012211474947334
0.011595265038896
0.011003522167863
0.010435706344286
0.009891260598077
0.009369613433955
0.008870181182317
0.008392370243971
0.007935579227224
0.007499200976336
0.007082624490882
0.006685236736007
0.006306424344006
0.005945575208106
0.005602079969663
0.005275333400379
0.004964735681454
0.004669693581866
0.004389621538271
0.004123942639207
0.003872089516540
0.003633505147233
0.003407643568682
0.003193970511020
0.002991963949840
0.002801114582934
0.002620926234644
0.002450916191510
0.002290615472881
0.002139569040178
0.001997335948491
0.001863489444123
0.001737617011699
0.001619320374349
0.001508215450458
0.001403932270334
0.001306114856119
0.001214421068108
0.001128522420596
0.001048103870202
0.000972863579553
0.000902512659059
0.000836774889397
0.000775386427200
0.000718095496309
0.000664662066826
0.000614857524081
0.000568464329482
0.000525275675111
0.000485095133791
0.000447736306236
0.000413022466760
0.000380786208933
0.000350869092422
0.000323121292181
0.000297401251031
0.000273575336557
0.000251517503186
0.000231108960184
0.000212237846240
0.000194798911217
0.000178693205573
0.000163827777870
0.000150115380737
0.000137474185574
0.000125827506228
0.000115103531812
0.000105235068793
0.000096159292417
0.000087817507508
0.000080154918622
0.000073120409510
0.000066666331813
0.000060748302870
0.000055325012521
0.000050358038723
0.000045811671806
0.000041652747185
0.000037850486286
0.000034376345495
0.000031203872860
0.000028308572328
0.000025667775250
0.000023260518901
0.000021067431759
0.000019070625280
0.000017253591908
0.000015601109062
0.000014099148834
0.000012734793152
0.000011496154154
0.000010372299516
0.000009353182512
0.000008429576544
0.000007593013939
0.000006835728771
0.000006150603492
0.000005531119178
0.000004971309168
0.000004465715921
0.000004009350887
0.000003597657226
0.000003226475194
0.000002892010039
0.000002590802249
0.000002319699999
0.000002075833663
0.000001856592243
0.000001659601606
0.000001482704395
0.000001323941499
0.000001181534985
0.000001053872377
0.000000939492200
0.000000837070683
0.000000745409552
0.000000663424823
0.000000590136523
0.000000524659273
0.000000466193662
0.000000414018356
0.000000367482885
0.000000326001047
0.000000289044888
0.000000256139216
0.000000226856595
0.000000200812783
0.000000177662586
0.000000157096077
0.000000138835171
0.000000122630505
0.000000108258611
0.000000095519351
0.000000084233589
0.000000074241090
0.000000065398611
0.000000057578178
0.000000050665526
0.000000044558701
0.000000039166777
0.000000034408724
0.000000030212370
0.000000026513468
0.000000023254866
0.000000020385753
0.000000017860983
0.000000015640466
0.000000013688624
0.000000011973903
0.000000010468333
0.000000009147138
0.000000007988383
0.000000006972660
0.000000006082810
0.000000005303665
0.000000004621831
0.000000004025485
0.000000003504197
0.000000003048773
0.000000002651112
0.000000002304079
0.000000002001396
0.000000001737542
0.000000001507661
0.000000001307491
0.000000001133289
0.000000000981768
0.000000000850049
0.000000000735606
0.000000000636229
0.000000000549982
0.000000000475172
0.000000000410317
0.000000000354123
0.000000000305461
0.000000000263346
0.000000000226915
0.000000000195419
0.000000000168204
0.000000000144701
0.000000000124416
0.000000000106918
0.000000000091831
0.000000000078831
0.000000000067634
0.000000000057997
0.000000000049707
0.000000000042578
0.000000000036453
0.000000000031192
0.000000000026676
0.000000000022801
0.000000000019479
0.000000000016632
0.000000000014194
0.000000000012107
0.000000000010321
0.000000000008793
0.000000000007488
0.000000000006373
0.000000000005421
0.000000000004610
0.000000000003917
0.000000000003326
0.000000000002823
0.000000000002395
0.000000000002031
0.000000000001722
0.000000000001458
0.000000000001234
0.000000000001044
0.000000000000883
0.000000000000747
0.000000000000631
0.000000000000532
0.000000000000449
0.000000000000379
0.000000000000320
0.000000000000270
0.000000000000227
0.000000000000191
0.000000000000160
0.000000000000135
0.000000000000114
0.000000000000096
0.000000000000080
0.000000000000067
0.000000000000056
0.000000000000047
0.000000000000040
0.000000000000033
0.000000000000028
0.000000000000023
0.000000000000019
0.000000000000016
0.000000000000014
0.000000000000012
0.000000000000009
0.000000000000008
0.000000000000006
0.000000000000006
0.000000000000005
0.000000000000004
0.000000000000003
0.000000000000002
0.000000000000002
0.000000000000002
0.000000000000002
0.000000000000001
0.000000000000001
0.000000000000001
0.000000000000001
0.000000000000001
0.000000000000001
0.000000000000000
-0.000000000000000
0.000000000000000
0.000000000000001
0.000000000000000
0.000000000000000
-0.000000000000000
0.000000000000000
0.000000000000000
0.000000000000000
0.000000000000000
-0.000000000000000
0.000000000000000
0.000000000000000
-0.000000000000000
-0.000000000000000
0.000000000000000
0.000000000000000
0.000000000000000
0.000000000000000
-0.000000000000000
-0.000000000000000
0.000000000000000
0.000000000000000
-0.000000000000000
-0.000000000000000
0.000000000000000
-0.000000000000000
0.000000000000000
0.000000000000000
-0.000000000000000
-0.000000000000000
-0.000000000000000
0.000000000000000
-0.000000000000000
0.000000000000000
0.000000000000000
-0.000000000000000
-0.000000000000000
-0.000000000000000
0.000000000000000
0.000000000000000
-0.000000000000000
-0.000000000000000
-0.000000000000000
-0.000000000000000
0.000000000000000
-0.000000000000000
0.000000000000000
-0.000000000000000
-0.000000000000000
0.000000000000000
0.000000000000000
-0.000000000000000
0.000000000000000
-0.000000000000000
-0.000000000000000
0.000000000000000
0.000000000000000
-0.000000000000000
-0.000000000000000
0.000000000000000
0.000000000000000
-0.000000000000000
-0.000000000000000
0.000000000000000
0.000000000000000
-0.000000000000000
-0.000000000000000
-0.000000000000000
0.000000000000000
0.000000000000000
0.000000000000000
-0.000000000000000
-0.000000000000000
0.000000000000000
0.000000000000000
0.000000000000000
0.000000000000000
-0.000000000000000
-0.000000000000000
-0.000000000000000
0.000000000000000
-0.000000000000000
0.000000000000000
0.000000000000000
0.000000000000000
-0.000000000000000
-0.000000000000000
0.000000000000000
0.000000000000000
-0.000000000000000
-0.000000000000000
-0.000000000000000
-0.000000000000000
0.000000000000000
-0.000000000000000
-0.000000000000000
-0.000000000000000
0.000000000000000
-0.000000000000000
0.000000000000000
0.000000000000000
0.000000000000000
-0.000000000000000
0.000000000000000
0.000000000000000
-0.000000000000000
-0.000000000000000
0.000000000000000
0.000000000000000
-0.000000000000000
0.000000000000000
0.000000000000000
-0.000000000000000
0.000000000000000
0.000000000000000
-0.000000000000000
-0.000000000000000
0.000000000000000
0.000000000000000
0.000000000000000
-0.000000000000000
-0.000000000000000
0.000000000000000
0.000000000000000
-0.000000000000000
-0.000000000000000
-0.000000000000000
0.000000000000000
-0.000000000000000
0.000000000000000
0.000000000000000
-0.000000000000000
-0.000000000000000
0.000000000000000
0.000000000000000
0.000000000000000
0.000000000000000
-0.000000000000000
-0.000000000000000
0.000000000000000
0.000000000000000
0.000000000000000
-0.000000000000000
-0.000000000000000
-0.000000000000000
-0.000000000000000
0.000000000000000
-0.000000000000000
-0.000000000000000
-0.000000000000000
-0.000000000000000
-0.000000000000000
0.000000000000000
-0.000000000000000
0.000000000000000
0.000000000000000
-0.000000000000000
-0.000000000000000
0.000000000000000
0.000000000000000
0.000000000000000
-0.000000000000000
-0.000000000000000
-0.000000000000000
0.000000000000000
0.000000000000000
-0.000000000000000
-0.000000000000000
-0.000000000000000
-0.000000000000000
0.000000000000000
0.000000000000000
-0.000000000000000
-0.000000000000000
-0.000000000000000
0.000000000000000
0.000000000000000
-0.000000000000000
-0.000000000000000
-0.000000000000000
-0.000000000000000
0.000000000000000
0.000000000000000
-0.000000000000000
0.000000000000000
-0.000000000000000
-0.000000000000000
0.000000000000000
0.000000000000000
0.000000000000000
-0.000000000000000
-0.000000000000000
-0.000000000000000
0.000000000000000
0.000000000000000
-0.000000000000000
0.000000000000000
0.000000000000000
-0.000000000000000
0.000000000000000
-0.000000000000000
0.000000000000000
-0.000000000000000
-0.000000000000000
0.000000000000000
0.000000000000000
0.000000000000000
-0.000000000000000
-0.000000000000000
-0.000000000000000
0.000000000000000
0.000000000000000
-0.000000000000000
-0.000000000000000
-0.000000000000000
0.000000000000000
0.000000000000000
0.000000000000000
-0.000000000000000
-0.000000000000000
0.000000000000000
0.000000000000000
0.000000000000000
-0.000000000000000
-0.000000000000000
0.000000000000000
0.000000000000000
-0.000000000000000
-0.000000000000000
0.000000000000000
-0.000000000000000
-0.000000000000000
0.000000000000000
0.000000000000000
-0.000000000000000
-0.000000000000000
0.000000000000000
-0.000000000000000
0.000000000000000
-0.000000000000000
-0.000000000000000
-0.000000000000000
0.000000000000000
0.000000000000000
-0.000000000000000
-0.000000000000000
-0.000000000000000
-0.000000000000000
0.000000000000000
0.000000000000000
-0.000000000000000
-0.000000000000000
0.000000000000000
-0.000000000000000
0.000000000000000
-0.000000000000000
-0.000000000000000
-0.000000000000000
-0.000000000000000
0.000000000000000
0.000000000000000
0.000000000000000
-0.000000000000000
-0.000000000000000
-0.000000000000000
0.000000000000000
0.000000000000000
-0.000000000000000
-0.000000000000001
-0.000000000000000
0.000000000000000
0.000000000000000
0.000000000000000
-0.000000000000000
-0.000000000000000
0.000000000000000
0.000000000000000
0.000000000000000
-0.000000000000000
-0.000000000000000
0.000000000000000
0.000000000000000
0.000000000000000
-0.000000000000000
-0.000000000000000
-0.000000000000000
-0.000000000000000
0.000000000000000
0.000000000000000
-0.000000000000000
-0.000000000000000
-0.000000000000000
0.000000000000000
-0.000000000000000
0.000000000000000
-0.000000000000000
-0.000000000000000
0.000000000000000
0.000000000000000
0.000000000000000
-0.000000000000000
-0.000000000000000
-0.000000000000000
0.000000000000000
0.000000000000000
-0.000000000000000
-0.000000000000000
-0.000000000000000
0.000000000000000
0.000000000000000
0.000000000000000
-0.000000000000000
-0.000000000000000
0.000000000000000
0.000000000000000
0.000000000000000
-0.000000000000000
-0.000000000000000
-0.000000000000000
0.000000000000000
0.000000000000000
0.000000000000000
-0.000000000000000
-0.000000000000000
0.000000000000000
0.000000000000000
-0.000000000000000
-0.000000000000000
0.000000000000000
-0.000000000000000
0.000000000000000
-0.000000000000000
-0.000000000000000
0.000000000000000
0.000000000000000
-0.000000000000000
0.000000000000000
0.000000000000000
-0.000000000000000
0.000000000000000
0.000000000000000
-0.000000000000000
-0.000000000000000
-0.000000000000000
0.000000000000000
0.000000000000000
0.000000000000000
-0.000000000000000
-0.000000000000000
-0.000000000000000
0.000000000000000
0.000000000000000
-0.000000000000000
-0.000000000000000
-0.000000000000000
0.000000000000000
0.000000000000001
-0.000000000000000
-0.000000000000001
-0.000000000000000
0.000000000000000
0.000000000000000
0.000000000000000
-0.000000000000000
-0.000000000000000
0.000000000000000
0.000000000000000
0.000000000000000
-0.000000000000000
-0.000000000000000
0.000000000000000
0.000000000000000
-0.000000000000000
-0.000000000000000
-0.000000000000000
0.000000000000000
0.000000000000000
-0.000000000000000
-0.000000000000000
-0.000000000000000
0.000000000000000
0.000000000000000
0.000000000000000
0.000000000000000
0.000000000000000
-0.000000000000000
0.000000000000000
0.000000000000000
-0.000000000000000
-0.000000000000000
-0.000000000000000
0.000000000000000
0.000000000000000
0.000000000000000
0.000000000000000
-0.000000000000000
-0.000000000000000
0.000000000000000
0.000000000000000
0.000000000000000
-0.000000000000000
0.000000000000000
-0.000000000000000
0.000000000000000
0.000000000000000
0.000000000000000
0.000000000000000
-0.000000000000000
-0.000000000000000
0.000000000000000
0.000000000000000
-0.000000000000000
-0.000000000000000
0.000000000000000
-0.000000000000000
0.000000000000000
0.000000000000000
0.000000000000000
-0.000000000000000
0.000000000000000
0.000000000000000
0.000000000000000
0.000000000000000
-0.000000000000000
0.000000000000000
0.000000000000000
-0.000000000000000
-0.000000000000000
-0.000000000000000
0.000000000000000
-0.000000000000000
-0.000000000000000
-0.000000000000000
0.000000000000000
0.000000000000000
